# Active surface commands at 38.549426
# Zero points are Off, FEM corrections are Off
-12.741051 103.255394 -108
-10.929931 103.478548 -106
-9.111958 103.637726 -104
-7.293983 103.797412 -102
-5.471693 103.893116 -101
-3.649150 103.988833 -100
-1.824575 104.021075 -100
0.000000 104.052809 -100
1.824575 104.021075 -100
3.649150 103.988833 -100
5.471693 103.893116 -101
7.293983 103.797412 -102
9.111958 103.637726 -104
10.929931 103.478548 -106
12.741051 103.255394 -108
-23.048235 99.466362 -101
-21.336126 99.861387 -97
-19.578065 100.204114 -93
-17.820005 100.546840 -90
-16.051028 100.827872 -87
-14.282051 101.109163 -84
-12.504442 101.327749 -82
-10.726834 101.546838 -80
-8.942625 101.703220 -78
-7.158416 101.859863 -77
-5.369891 101.953794 -75
-3.581366 102.047726 -75
-1.790810 102.079205 -74
0.000000 102.110431 -74
1.790810 102.079205 -74
3.581366 102.047726 -75
5.369891 101.953794 -75
7.158416 101.859863 -77
8.942625 101.703220 -78
10.726834 101.546838 -80
12.504442 101.327749 -82
14.282051 101.109163 -84
16.051028 100.827872 -87
17.820005 100.546840 -90
19.578065 100.204114 -93
21.336126 99.861387 -97
23.048235 99.466362 -101
-29.431075 95.752474 -93
-27.750698 96.268088 -89
-26.053567 96.724041 -85
-24.356436 97.180501 -81
-22.644327 97.566385 -77
-20.932217 97.961664 -73
-19.207413 98.297790 -70
-17.482610 98.634170 -66
-15.747145 98.909623 -64
-14.011678 99.185578 -61
-12.267835 99.400352 -59
-10.523737 99.615127 -56
-8.773292 99.768466 -55
-7.023103 99.922314 -53
-5.268342 100.014472 -52
-3.513582 100.106625 -51
-1.756791 100.137596 -51
0.000000 100.168314 -51
1.756791 100.137596 -51
3.513582 100.106625 -51
5.268342 100.014472 -52
7.023103 99.922314 -53
8.773292 99.768466 -55
10.523737 99.615127 -56
12.267835 99.400352 -59
14.011678 99.185578 -61
15.747145 98.909623 -64
17.482610 98.634170 -66
19.207413 98.297790 -70
20.932217 97.961664 -73
22.644327 97.566385 -77
24.356436 97.180501 -81
26.053567 96.724041 -85
27.750698 96.268088 -89
29.431075 95.752474 -93
-33.758314 92.233310 -84
-32.129727 92.795887 -80
-30.500890 93.358464 -75
-28.853517 93.863672 -71
-27.206144 94.368874 -67
-25.542269 94.816198 -63
-23.878396 95.263517 -59
-22.200051 95.651942 -55
-20.521453 96.040875 -52
-18.830413 96.370399 -48
-17.139629 96.700178 -45
-15.438182 96.970295 -42
-13.736736 97.240672 -40
-12.026910 97.451380 -37
-10.317339 97.661841 -35
-8.601167 97.812391 -34
-6.885250 97.963189 -32
-5.165016 98.053569 -31
-3.444783 98.143942 -30
-1.722264 98.174158 -30
0.000000 98.204367 -30
1.722264 98.174158 -30
3.444783 98.143942 -30
5.165016 98.053569 -31
6.885250 97.963189 -32
8.601167 97.812391 -34
10.317339 97.661841 -35
12.026910 97.451380 -37
13.736736 97.240672 -40
15.438182 96.970295 -42
17.139629 96.700178 -45
18.830413 96.370399 -48
20.521453 96.040875 -52
22.200051 95.651942 -55
23.878396 95.263517 -59
25.542269 94.816198 -63
27.206144 94.368874 -67
28.853517 93.863672 -71
30.500890 93.358464 -75
32.129727 92.795887 -80
33.758314 92.233310 -84
-37.788525 88.513329 -77
-36.234578 89.175168 -73
-34.658542 89.781925 -69
-33.082762 90.376744 -64
-31.486418 90.928152 -60
-29.890328 91.479560 -55
-28.275959 91.974610 -51
-26.661588 92.469659 -47
-25.030972 92.908096 -43
-23.400355 93.346279 -39
-21.755522 93.727340 -36
-20.110687 94.108401 -32
-18.453669 94.431325 -29
-16.796395 94.754503 -26
-15.129221 95.019296 -23
-13.461793 95.284336 -21
-11.786240 95.490731 -19
-10.110688 95.696877 -17
-8.429043 95.844632 -15
-6.747398 95.992127 -14
-5.061437 96.080728 -12
-3.375730 96.169329 -12
-1.687992 96.199036 -11
0.000000 96.228737 -11
1.687992 96.199036 -11
3.375730 96.169329 -12
5.061437 96.080728 -12
6.747398 95.992127 -14
8.429043 95.844632 -15
10.110688 95.696877 -17
11.786240 95.490731 -19
13.461793 95.284336 -21
15.129221 95.019296 -23
16.796395 94.754503 -26
18.453669 94.431325 -29
20.110687 94.108401 -32
21.755522 93.727340 -36
23.400355 93.346279 -39
25.030972 92.908096 -43
26.661588 92.469659 -47
28.275959 91.974610 -51
29.890328 91.479560 -55
31.486418 90.928152 -60
33.082762 90.376744 -64
34.658542 89.781925 -69
36.234578 89.175168 -73
37.788525 88.513329 -77
-39.992131 85.333588 -67
-38.525769 86.017008 -63
-37.004061 86.665143 -59
-35.482357 87.313278 -55
-33.939070 87.907589 -50
-32.395784 88.501900 -46
-30.832953 89.041885 -42
-29.269864 89.581871 -38
-27.689008 90.067022 -34
-26.108150 90.551913 -30
-24.511297 90.980959 -26
-22.914699 91.410254 -22
-21.303884 91.783444 -19
-19.693322 92.156386 -15
-18.070576 92.472709 -12
-16.447830 92.789286 -9
-14.815182 93.048742 -7
-13.182280 93.308198 -4
-11.541508 93.510279 -2
-9.900736 93.712366 0
-8.254126 93.856817 1
-6.607261 94.001522 2
-4.956588 94.088345 3
-3.305662 94.175173 4
-1.652704 94.203857 4
0.000000 94.233050 4
1.652704 94.203857 4
3.305662 94.175173 4
4.956588 94.088345 3
6.607261 94.001522 2
8.254126 93.856817 1
9.900736 93.712366 0
11.541508 93.510279 -2
13.182280 93.308198 -4
14.815182 93.048742 -7
16.447830 92.789286 -9
18.070576 92.472709 -12
19.693322 92.156386 -15
21.303884 91.783444 -19
22.914699 91.410254 -22
24.511297 90.980959 -26
26.108150 90.551913 -30
27.689008 90.067022 -34
29.269864 89.581871 -38
30.832953 89.041885 -42
32.395784 88.501900 -46
33.939070 87.907589 -50
35.482357 87.313278 -55
37.004061 86.665143 -59
38.525769 86.017008 -63
39.992131 85.333588 -67
-43.525259 81.348821 -62
-42.083525 82.085805 -59
-40.641787 82.823303 -55
-39.175425 83.498858 -51
-37.709063 84.182532 -47
-36.219597 84.816957 -43
-34.730135 85.451382 -39
-33.219599 86.033253 -34
-31.709064 86.614877 -30
-30.179234 87.143439 -26
-28.649403 87.671995 -22
-27.102058 88.146988 -18
-25.554709 88.621479 -14
-23.991623 89.041631 -11
-22.428788 89.461790 -7
-20.852247 89.827114 -4
-19.275705 90.192179 0
-17.687485 90.501901 2
-16.099010 90.811629 4
-14.500889 91.065755 7
-12.902767 91.319626 9
-11.297029 91.517387 12
-9.691039 91.715154 13
-8.078954 91.856816 15
-6.467124 91.998224 16
-4.851485 92.083268 17
-3.235593 92.168317 18
-1.617669 92.196493 18
0.000000 92.224930 19
1.617669 92.196493 18
3.235593 92.168317 18
4.851485 92.083268 17
6.467124 91.998224 16
8.078954 91.856816 15
9.691039 91.715154 13
11.297029 91.517387 12
12.902767 91.319626 9
14.500889 91.065755 7
16.099010 90.811629 4
17.687485 90.501901 2
19.275705 90.192179 0
20.852247 89.827114 -4
22.428788 89.461790 -7
23.991623 89.041631 -11
25.554709 88.621479 -14
27.102058 88.146988 -18
28.649403 87.671995 -22
30.179234 87.143439 -26
31.709064 86.614877 -30
33.219599 86.033253 -34
34.730135 85.451382 -39
36.219597 84.816957 -43
37.709063 84.182532 -47
39.175425 83.498858 -51
40.641787 82.823303 -55
42.083525 82.085805 -59
43.525259 81.348821 -62
-45.334856 78.006345 -54
-43.951002 78.776593 -51
-42.566894 79.546588 -48
-41.156894 80.267326 -44
-39.747144 80.988573 -40
-38.313024 81.659560 -36
-36.878650 82.331049 -32
-35.422189 82.951255 -28
-33.965474 83.571716 -24
-32.488194 84.140900 -20
-31.010917 84.710078 -16
-29.514851 85.226957 -12
-28.018533 85.744096 -9
-26.505205 86.208174 -5
-24.992130 86.672506 -1
-23.463569 87.083523 2
-21.935009 87.494540 5
-20.393246 87.851739 8
-18.851231 88.208683 11
-17.298045 88.511805 14
-15.744605 88.814672 17
-14.181772 89.063213 20
-12.618685 89.311500 22
-11.048236 89.505201 24
-9.477533 89.698400 26
-7.901244 89.836759 27
-6.324702 89.975371 28
-4.744605 90.058388 29
-3.164255 90.141404 30
-1.582127 90.169079 30
0.000000 90.197001 31
1.582127 90.169079 30
3.164255 90.141404 30
4.744605 90.058388 29
6.324702 89.975371 28
7.901244 89.836759 27
9.477533 89.698400 26
11.048236 89.505201 24
12.618685 89.311500 22
14.181772 89.063213 20
15.744605 88.814672 17
17.298045 88.511805 14
18.851231 88.208683 11
20.393246 87.851739 8
21.935009 87.494540 5
23.463569 87.083523 2
24.992130 86.672506 -1
26.505205 86.208174 -5
28.018533 85.744096 -9
29.514851 85.226957 -12
31.010917 84.710078 -16
32.488194 84.140900 -20
33.965474 83.571716 -24
35.422189 82.951255 -28
36.878650 82.331049 -32
38.313024 81.659560 -36
39.747144 80.988573 -40
41.156894 80.267326 -44
42.566894 79.546588 -48
43.951002 78.776593 -51
45.334856 78.006345 -54
-46.965981 74.651943 -47
-45.640265 75.489211 -44
-44.314294 76.238640 -41
-42.961412 76.991367 -38
-41.608529 77.744100 -35
-40.230517 78.448847 -31
-38.852247 79.153843 -27
-37.450369 79.809849 -24
-36.048488 80.466110 -20
-34.624778 81.072606 -16
-33.200813 81.679357 -12
-31.756792 82.235593 -8
-30.312770 82.791823 -5
-28.850217 83.297286 -1
-27.387663 83.802742 2
-25.908606 84.256407 6
-24.429297 84.710332 9
-22.935262 85.111959 13
-21.441229 85.513833 16
-19.933994 85.863161 19
-18.427013 86.211980 22
-16.908607 86.508252 25
-15.390200 86.804518 28
-13.862401 87.047475 30
-12.334602 87.290172 32
-10.799442 87.479311 34
-9.264281 87.668444 36
-7.723280 87.803753 37
-6.182534 87.939069 38
-4.637725 88.020307 39
-3.093171 88.101550 40
-1.546585 88.128456 40
0.000000 88.155622 41
1.546585 88.128456 40
3.093171 88.101550 40
4.637725 88.020307 39
6.182534 87.939069 38
7.723280 87.803753 37
9.264281 87.668444 36
10.799442 87.479311 34
12.334602 87.290172 32
13.862401 87.047475 30
15.390200 86.804518 28
16.908607 86.508252 25
18.427013 86.211980 22
19.933994 85.863161 19
21.441229 85.513833 16
22.935262 85.111959 13
24.429297 84.710332 9
25.908606 84.256407 6
27.387663 83.802742 2
28.850217 83.297286 -1
30.312770 82.791823 -5
31.756792 82.235593 -8
33.200813 81.679357 -12
34.624778 81.072606 -16
36.048488 80.466110 -20
37.450369 79.809849 -24
38.852247 79.153843 -27
40.230517 78.448847 -31
41.608529 77.744100 -35
42.961412 76.991367 -38
44.314294 76.238640 -41
45.640265 75.489211 -44
46.965981 74.651943 -47
-47.107389 72.095458 -37
-45.870779 72.898959 -35
-45.226199 73.294493 -33
-44.575780 73.680122 -32
-43.280781 74.461285 -29
-41.959635 75.196496 -27
-41.301599 75.569178 -25
-40.638233 75.931707 -23
-39.292205 76.620210 -20
-37.946178 77.308960 -17
-37.264025 77.634680 -15
-36.577051 77.949478 -13
-35.207920 78.590503 -9
-33.817214 79.183042 -6
-33.124143 79.484638 -4
-32.426505 79.775580 -2
-31.016247 80.318863 1
-29.605739 80.862400 4
-28.893628 81.114746 6
-28.177457 81.356179 8
-26.748921 81.849710 12
-25.304392 82.292968 15
-24.583650 82.520182 17
-23.859609 82.736227 19
-22.400355 83.128711 22
-20.941102 83.521196 25
-20.206397 83.697381 27
-19.469155 83.862150 28
-17.997207 84.203097 31
-16.514344 84.492509 34
-15.773801 84.642805 35
-15.031227 84.781672 36
-13.539223 85.019038 38
-12.046966 85.256156 40
-11.298045 85.354147 42
-10.547601 85.440721 42
-9.048236 85.625795 44
-7.543285 85.757807 45
-6.791318 85.829654 46
-6.038335 85.890073 46
-4.529576 85.969284 47
-3.021071 86.048742 48
-2.265804 86.067529 48
-1.510536 86.075146 48
0.000000 86.101295 49
1.510536 86.075146 48
2.265804 86.067529 48
3.021071 86.048742 48
4.529576 85.969284 47
6.038335 85.890073 46
6.791318 85.829654 46
7.543285 85.757807 45
9.048236 85.625795 44
10.547601 85.440721 42
11.298045 85.354147 42
12.046966 85.256156 40
13.539223 85.019038 38
15.031227 84.781672 36
15.773801 84.642805 35
16.514344 84.492509 34
17.997207 84.203097 31
19.469155 83.862150 28
20.206397 83.697381 27
20.941102 83.521196 25
22.400355 83.128711 22
23.859609 82.736227 19
24.583650 82.520182 17
25.304392 82.292968 15
26.748921 81.849710 12
28.177457 81.356179 8
28.893628 81.114746 6
29.605739 80.862400 4
31.016247 80.318863 1
32.426505 79.775580 -2
33.124143 79.484638 -4
33.817214 79.183042 -6
35.207920 78.590503 -9
36.577051 77.949478 -13
37.264025 77.634680 -15
37.946178 77.308960 -17
39.292205 76.620210 -20
40.638233 75.931707 -23
41.301599 75.569178 -25
41.959635 75.196496 -27
43.280781 74.461285 -29
44.575780 73.680122 -32
45.226199 73.294493 -33
45.870779 72.898959 -35
47.107389 72.095458 -37
-49.664637 67.850213 -32
-47.856056 69.128712 -30
-46.012187 70.342728 -27
-44.146231 71.532112 -24
-42.247271 72.671237 -20
-40.315563 73.752726 -15
-38.353897 74.778879 -11
-36.374207 75.768978 -6
-34.367098 76.702210 0
-32.333079 77.575017 4
-30.275452 78.389439 9
-28.203603 79.166289 14
-26.110180 79.883978 20
-23.996699 80.538459 25
-21.865449 81.132522 29
-19.724041 81.687482 34
-17.567402 82.181515 38
-15.397309 82.610562 42
-13.215791 82.977659 45
-11.028180 83.304897 48
-8.832191 83.569943 50
-6.629094 83.769229 52
-4.421427 83.905561 54
-2.211729 84.001525 54
0.000000 84.034523 55
2.211729 84.001525 54
4.421427 83.905561 54
6.629094 83.769229 52
8.832191 83.569943 50
11.028180 83.304897 48
13.215791 82.977659 45
15.397309 82.610562 42
17.567402 82.181515 38
19.724041 81.687482 34
21.865449 81.132522 29
23.996699 80.538459 25
26.110180 79.883978 20
28.203603 79.166289 14
30.275452 78.389439 9
32.333079 77.575017 4
34.367098 76.702210 0
36.374207 75.768978 -6
38.353897 74.778879 -11
40.315563 73.752726 -15
42.247271 72.671237 -20
44.146231 71.532112 -24
46.012187 70.342728 -27
47.856056 69.128712 -30
49.664637 67.850213 -32
-49.543539 65.365829 -24
-48.424472 66.143181 -23
-46.661081 67.389946 -21
-44.863164 68.586440 -19
-43.043920 69.749173 -15
-41.192433 70.860115 -12
-39.308708 71.914953 -7
-37.396294 72.915458 -3
-35.465854 73.880932 1
-33.509014 74.791064 6
-31.525769 75.642042 11
-29.519676 76.436407 16
-27.499364 77.193702 21
-25.458238 77.893627 26
-23.397309 78.531858 30
-21.319625 79.110940 35
-19.231532 79.652196 39
-17.128713 80.134044 43
-15.012693 80.552423 47
-12.885758 80.910639 50
-10.752983 81.229751 53
-8.611576 81.487943 55
-6.463570 81.682152 57
-4.310993 81.815180 58
-2.156385 81.908603 59
0.000000 81.941100 59
2.156385 81.908603 59
4.310993 81.815180 58
6.463570 81.682152 57
8.611576 81.487943 55
10.752983 81.229751 53
12.885758 80.910639 50
15.012693 80.552423 47
17.128713 80.134044 43
19.231532 79.652196 39
21.319625 79.110940 35
23.397309 78.531858 30
25.458238 77.893627 26
27.499364 77.193702 21
29.519676 76.436407 16
31.525769 75.642042 11
33.509014 74.791064 6
35.465854 73.880932 1
37.396294 72.915458 -3
39.308708 71.914953 -7
41.192433 70.860115 -12
43.043920 69.749173 -15
44.863164 68.586440 -19
46.661081 67.389946 -21
48.424472 66.143181 -23
49.543539 65.365829 -24
-50.511044 61.871792 -17
-48.865955 63.241688 -17
-47.184310 64.435894 -16
-45.466109 65.651435 -14
-43.714141 66.816957 -12
-41.941608 67.950243 -9
-40.137345 69.032748 -5
-38.302106 70.060674 -1
-36.438438 71.035798 2
-34.557501 71.976387 6
-32.650672 72.863673 11
-30.718456 73.692816 16
-28.763646 74.466870 21
-26.795125 75.205130 25
-24.806296 75.887026 30
-22.798173 76.508757 34
-20.773547 77.073367 39
-18.739020 77.600659 43
-16.690022 78.070067 46
-14.628333 78.477786 50
-12.555725 78.826859 53
-10.477532 79.137852 55
-8.390962 79.389691 58
-6.298045 79.578830 59
-4.200559 79.708301 60
-2.101295 79.799443 61
0.000000 79.831177 61
2.101295 79.799443 61
4.200559 79.708301 60
6.298045 79.578830 59
8.390962 79.389691 58
10.477532 79.137852 55
12.555725 78.826859 53
14.628333 78.477786 50
16.690022 78.070067 46
18.739020 77.600659 43
20.773547 77.073367 39
22.798173 76.508757 34
24.806296 75.887026 30
26.795125 75.205130 25
28.763646 74.466870 21
30.718456 73.692816 16
32.650672 72.863673 11
34.557501 71.976387 6
36.438438 71.035798 2
38.302106 70.060674 -1
40.137345 69.032748 -5
41.941608 67.950243 -9
43.714141 66.816957 -12
45.466109 65.651435 -14
47.184310 64.435894 -16
48.865955 63.241688 -17
50.511044 61.871792 -17
-51.221884 58.386649 -10
-49.161462 60.205382 -11
-47.560295 61.484390 -11
-45.923837 62.716931 -10
-44.251334 63.899975 -8
-42.546332 65.034526 -6
-40.821019 66.137850 -3
-39.064992 67.191417 0
-37.278752 68.191929 3
-35.464838 69.141152 6
-33.634425 70.057122 11
-31.778370 70.920286 15
-29.897691 71.727598 19
-27.995176 72.481087 24
-26.079208 73.199799 28
-24.143438 73.863162 33
-22.189135 74.468649 37
-20.218583 75.018278 41
-18.238132 75.531606 45
-16.244224 75.988574 48
-14.237370 76.385379 51
-12.220360 76.724802 54
-10.197512 77.027669 57
-8.166794 77.272659 59
-6.129728 77.456715 60
-4.088347 77.582889 61
-2.045189 77.671744 62
0.000000 77.702461 62
2.045189 77.671744 62
4.088347 77.582889 61
6.129728 77.456715 60
8.166794 77.272659 59
10.197512 77.027669 57
12.220360 76.724802 54
14.237370 76.385379 51
16.244224 75.988574 48
18.238132 75.531606 45
20.218583 75.018278 41
22.189135 74.468649 37
24.143438 73.863162 33
26.079208 73.199799 28
27.995176 72.481087 24
29.897691 71.727598 19
31.778370 70.920286 15
33.634425 70.057122 11
35.464838 69.141152 6
37.278752 68.191929 3
39.064992 67.191417 0
40.821019 66.137850 -3
42.546332 65.034526 -6
44.251334 63.899975 -8
45.923837 62.716931 -10
47.560295 61.484390 -11
49.161462 60.205382 -11
51.221884 58.386649 -10
-50.844123 55.968014 -4
-49.346281 57.283826 -6
-47.811883 58.538972 -6
-46.254887 59.782942 -6
-44.663113 60.981723 -6
-43.036557 62.132518 -4
-41.378269 63.235849 -2
-39.700433 64.309213 0
-37.992638 65.333841 3
-36.255394 66.307187 6
-34.491495 67.230514 10
-32.711094 68.121352 13
-30.906068 68.960901 17
-29.076922 69.746384 22
-27.226706 70.479054 26
-25.363290 71.177963 30
-23.480832 71.823556 34
-21.580096 72.412289 38
-19.663366 72.946938 42
-17.737497 73.446307 45
-15.798172 73.890583 48
-13.846661 74.276720 51
-11.884996 74.607007 54
-9.917746 74.901495 56
-7.942625 75.139629 58
-5.961412 75.318864 60
-3.976136 75.441480 61
-1.989083 75.527800 61
0.000000 75.557755 62
1.989083 75.527800 61
3.976136 75.441480 61
5.961412 75.318864 60
7.942625 75.139629 58
9.917746 74.901495 56
11.884996 74.607007 54
13.846661 74.276720 51
15.798172 73.890583 48
17.737497 73.446307 45
19.663366 72.946938 42
21.580096 72.412289 38
23.480832 71.823556 34
25.363290 71.177963 30
27.226706 70.479054 26
29.076922 69.746384 22
30.906068 68.960901 17
32.711094 68.121352 13
34.491495 67.230514 10
36.255394 66.307187 6
37.992638 65.333841 3
39.700433 64.309213 0
41.378269 63.235849 -2
43.036557 62.132518 -4
44.663113 60.981723 -6
46.254887 59.782942 -6
47.811883 58.538972 -6
49.346281 57.283826 -6
50.844123 55.968014 -4
-51.183549 52.517642 1
-49.385378 54.348058 0
-47.930439 55.626050 -2
-46.440214 56.862149 -3
-44.927645 58.070320 -3
-43.381824 59.235340 -2
-41.801979 60.353137 -1
-40.191165 61.425236 0
-38.561311 62.467634 2
-36.902767 63.463571 5
-35.215283 64.408735 8
-33.501904 65.305659 11
-31.772532 66.171109 15
-30.019293 66.986801 18
-28.242701 67.749680 22
-26.445543 68.461537 26
-24.635695 69.140389 30
-22.807058 69.767451 34
-20.960904 70.339424 37
-19.099264 70.858590 41
-17.228739 71.343742 44
-15.345011 71.775323 47
-13.449353 72.150546 50
-11.544047 72.471437 52
-9.633156 72.757297 55
-7.714649 72.988830 56
-5.790556 73.162983 58
-3.862148 73.282053 59
-1.931962 73.365826 59
0.000000 73.395025 60
1.931962 73.365826 59
3.862148 73.282053 59
5.790556 73.162983 58
7.714649 72.988830 56
9.633156 72.757297 55
11.544047 72.471437 52
13.449353 72.150546 50
15.345011 71.775323 47
17.228739 71.343742 44
19.099264 70.858590 41
20.960904 70.339424 37
22.807058 69.767451 34
24.635695 69.140389 30
26.445543 68.461537 26
28.242701 67.749680 22
30.019293 66.986801 18
31.772532 66.171109 15
33.501904 65.305659 11
35.215283 64.408735 8
36.902767 63.463571 5
38.561311 62.467634 2
40.191165 61.425236 0
41.801979 60.353137 -1
43.381824 59.235340 -2
44.927645 58.070320 -3
46.440214 56.862149 -3
47.930439 55.626050 -2
49.385378 54.348058 0
51.183549 52.517642 1
-50.639250 50.142676 7
-49.301345 51.358721 4
-47.926884 52.727848 1
-46.514851 53.968522 0
-45.068545 55.168319 -1
-43.600661 56.340950 -1
-42.100278 57.471695 0
-40.567148 58.556487 0
-39.004062 59.597107 1
-37.422441 60.609035 3
-35.812644 61.575526 6
-34.175172 62.493021 9
-32.512314 63.363541 12
-30.833969 64.203604 15
-29.132776 64.995174 18
-27.408479 65.735722 22
-25.664381 66.426505 25
-23.907844 67.085555 29
-22.133537 67.694084 32
-20.341711 68.249304 36
-18.535161 68.753235 39
-16.719727 69.223914 42
-14.891851 69.643056 45
-13.052044 70.007110 47
-11.203097 70.318611 49
-9.348565 70.596091 51
-7.486926 70.820764 53
-5.619447 70.989846 54
-3.747906 71.105359 55
-1.874841 71.186851 56
0.000000 71.215027 56
1.874841 71.186851 56
3.747906 71.105359 55
5.619447 70.989846 54
7.486926 70.820764 53
9.348565 70.596091 51
11.203097 70.318611 49
13.052044 70.007110 47
14.891851 69.643056 45
16.719727 69.223914 42
18.535161 68.753235 39
20.341711 68.249304 36
22.133537 67.694084 32
23.907844 67.085555 29
25.664381 66.426505 25
27.408479 65.735722 22
29.132776 64.995174 18
30.833969 64.203604 15
32.512314 63.363541 12
34.175172 62.493021 9
35.812644 61.575526 6
37.422441 60.609035 3
39.004062 59.597107 1
40.567148 58.556487 0
42.100278 57.471695 0
43.600661 56.340950 -1
45.068545 55.168319 -1
46.514851 53.968522 0
47.926884 52.727848 1
49.301345 51.358721 4
50.639250 50.142676 7
-50.729118 46.764663 13
-49.072861 48.576290 9
-47.776340 49.856816 5
-46.444274 51.100024 3
-45.076163 52.302614 1
-43.674536 53.465347 0
-42.252096 54.601930 0
-40.798173 55.697891 0
-39.312516 56.749432 0
-37.797664 57.758063 2
-36.265041 58.738765 3
-34.705002 59.675555 6
-33.118051 60.564862 8
-31.506729 61.408730 11
-29.880426 62.222644 14
-28.231532 62.989843 17
-26.560802 63.707538 20
-24.870526 64.377255 23
-23.168316 65.015739 26
-21.448845 65.605737 30
-19.712617 66.143689 33
-17.961920 66.632137 36
-16.202589 67.088350 38
-14.431074 67.494544 41
-12.648388 67.847169 43
-10.856563 68.149020 45
-9.059406 68.417872 47
-7.255395 68.635696 49
-5.445545 68.799442 50
-3.632140 68.911651 51
-1.816959 68.990354 51
0.000000 69.017774 51
1.816959 68.990354 51
3.632140 68.911651 51
5.445545 68.799442 50
7.255395 68.635696 49
9.059406 68.417872 47
10.856563 68.149020 45
12.648388 67.847169 43
14.431074 67.494544 41
16.202589 67.088350 38
17.961920 66.632137 36
19.712617 66.143689 33
21.448845 65.605737 30
23.168316 65.015739 26
24.870526 64.377255 23
26.560802 63.707538 20
28.231532 62.989843 17
29.880426 62.222644 14
31.506729 61.408730 11
33.118051 60.564862 8
34.705002 59.675555 6
36.265041 58.738765 3
37.797664 57.758063 2
39.312516 56.749432 0
40.798173 55.697891 0
42.252096 54.601930 0
43.674536 53.465347 0
45.076163 52.302614 1
46.444274 51.100024 3
47.776340 49.856816 5
49.072861 48.576290 9
50.729118 46.764663 13
-49.935262 44.467630 19
-48.739019 45.657526 14
-48.335871 46.175425 12
-47.506474 47.009900 9
-46.677329 47.844376 7
-46.251586 48.250062 6
-44.961921 49.453668 3
-43.637217 50.617922 1
-43.191926 51.001522 1
-42.280529 51.743842 0
-41.369130 52.485908 0
-40.903527 52.844378 0
-39.496065 53.905562 0
-38.057628 54.923837 0
-37.574764 55.258184 0
-36.591266 55.900480 1
-35.607768 56.542522 2
-35.107388 56.849964 3
-33.597360 57.756792 4
-32.060929 58.617922 7
-31.546077 58.899722 7
-30.501141 59.434879 9
-29.456208 59.969788 11
-28.926632 60.223152 12
-27.330542 60.965980 14
-25.713126 61.660829 17
-25.171617 61.887027 18
-24.076669 62.309218 20
-22.981975 62.731404 22
-22.429042 62.927392 23
-20.764154 63.498603 26
-19.083270 64.019548 29
-18.521452 64.187359 29
-17.388677 64.492514 31
-16.255903 64.797159 33
-15.685453 64.934248 34
-13.970551 65.327494 36
-12.244732 65.668950 38
-11.668190 65.776846 39
-10.510028 65.961157 40
-9.351612 66.145468 41
-8.770246 66.221629 42
-7.023864 66.432598 43
-5.271897 66.591013 44
-4.687230 66.637982 44
-3.516121 66.699671 45
-2.345011 66.761106 45
-1.758822 66.775833 46
0.000000 66.802236 46
1.758822 66.775833 46
2.345011 66.761106 45
3.516121 66.699671 45
4.687230 66.637982 44
5.271897 66.591013 44
7.023864 66.432598 43
8.770246 66.221629 42
9.351612 66.145468 41
10.510028 65.961157 40
11.668190 65.776846 39
12.244732 65.668950 38
13.970551 65.327494 36
15.685453 64.934248 34
16.255903 64.797159 33
17.388677 64.492514 31
18.521452 64.187359 29
19.083270 64.019548 29
20.764154 63.498603 26
22.429042 62.927392 23
22.981975 62.731404 22
24.076669 62.309218 20
25.171617 61.887027 18
25.713126 61.660829 17
27.330542 60.965980 14
28.926632 60.223152 12
29.456208 59.969788 11
30.501141 59.434879 9
31.546077 58.899722 7
32.060929 58.617922 7
33.597360 57.756792 4
35.107388 56.849964 3
35.607768 56.542522 2
36.591266 55.900480 1
37.574764 55.258184 0
38.057628 54.923837 0
39.496065 53.905562 0
40.903527 52.844378 0
41.369130 52.485908 0
42.280529 51.743842 0
43.191926 51.001522 1
43.637217 50.617922 1
44.961921 49.453668 3
46.251586 48.250062 6
46.677329 47.844376 7
47.506474 47.009900 9
48.335871 46.175425 12
48.739019 45.657526 14
49.935262 44.467630 19
-49.675551 41.290681 28
-48.268851 42.967250 19
-46.694086 44.614369 12
-45.119574 46.250319 7
-43.434883 47.781924 3
-41.750446 49.302870 0
-39.964203 50.712111 0
-38.177963 52.110431 0
-36.298554 53.390710 0
-34.419397 54.659813 0
-32.456206 55.804770 2
-30.493273 56.938565 5
-28.455699 57.942876 8
-26.418380 58.936024 11
-24.316578 59.794874 14
-22.215029 60.642802 18
-20.059152 61.351863 21
-17.903276 62.050264 24
-15.703732 62.606501 27
-13.504189 63.152325 30
-11.271896 63.552935 33
-9.039604 63.943386 35
-6.785224 64.186343 37
-4.530845 64.419141 38
-2.265296 64.503936 39
0.000000 64.578065 39
2.265296 64.503936 39
4.530845 64.419141 38
6.785224 64.186343 37
9.039604 63.943386 35
11.271896 63.552935 33
13.504189 63.152325 30
15.703732 62.606501 27
17.903276 62.050264 24
20.059152 61.351863 21
22.215029 60.642802 18
24.316578 59.794874 14
26.418380 58.936024 11
28.455699 57.942876 8
30.493273 56.938565 5
32.456206 55.804770 2
34.419397 54.659813 0
36.298554 53.390710 0
38.177963 52.110431 0
39.964203 50.712111 0
41.750446 49.302870 0
43.434883 47.781924 3
45.119574 46.250319 7
46.694086 44.614369 12
48.268851 42.967250 19
49.675551 41.290681 28
-48.009138 39.790047 26
-46.602438 41.466616 18
-45.082001 43.052042 11
-43.561818 44.636964 6
-41.935262 46.111194 2
-40.308962 47.584920 0
-38.584411 48.940849 -2
-36.859864 50.296269 -2
-35.045442 51.527292 -2
-33.231022 52.758058 -1
-31.335620 53.858339 0
-29.440468 54.958621 1
-27.473472 55.923078 4
-25.506220 56.887536 7
-23.477025 57.711602 10
-21.448084 58.535668 13
-19.366590 59.215029 16
-17.285097 59.894643 18
-15.161715 60.426757 21
-13.038081 60.958871 24
-10.882712 61.340695 26
-8.727596 61.722518 28
-6.550901 61.952273 29
-4.374460 62.182282 30
-2.187103 62.258698 31
0.000000 62.335616 31
2.187103 62.258698 31
4.374460 62.182282 30
6.550901 61.952273 29
8.727596 61.722518 28
10.882712 61.340695 26
13.038081 60.958871 24
15.161715 60.426757 21
17.285097 59.894643 18
19.366590 59.215029 16
21.448084 58.535668 13
23.477025 57.711602 10
25.506220 56.887536 7
27.473472 55.923078 4
29.440468 54.958621 1
31.335620 53.858339 0
33.231022 52.758058 -1
35.045442 51.527292 -2
36.859864 50.296269 -2
38.584411 48.940849 -2
40.308962 47.584920 0
41.935262 46.111194 2
43.561818 44.636964 6
45.082001 43.052042 11
46.602438 41.466616 18
48.009138 39.790047 26
-47.614116 36.703986 35
-46.258695 38.332065 25
-44.903021 39.959889 17
-43.438183 41.487940 10
-41.973342 43.015486 4
-40.406448 44.436150 0
-38.839299 45.856564 -2
-37.177457 47.163240 -4
-35.515866 48.469407 -5
-33.767707 49.655749 -5
-32.019294 50.841839 -4
-30.193198 51.902261 -3
-28.366844 52.962426 -2
-26.471693 53.892106 0
-24.576288 54.821272 2
-22.621223 55.615383 4
-20.665906 56.409240 7
-18.660321 57.064230 9
-16.654988 57.719220 12
-14.608784 58.231785 14
-12.562579 58.744604 16
-10.485910 59.112209 18
-8.409241 59.480069 20
-6.312008 59.701698 21
-4.215029 59.923328 22
-2.107388 59.997208 23
0.000000 60.071083 23
2.107388 59.997208 23
4.215029 59.923328 22
6.312008 59.701698 21
8.409241 59.480069 20
10.485910 59.112209 18
12.562579 58.744604 16
14.608784 58.231785 14
16.654988 57.719220 12
18.660321 57.064230 9
20.665906 56.409240 7
22.621223 55.615383 4
24.576288 54.821272 2
26.471693 53.892106 0
28.366844 52.962426 -2
30.193198 51.902261 -3
32.019294 50.841839 -4
33.767707 49.655749 -5
35.515866 48.469407 -5
37.177457 47.163240 -4
38.839299 45.856564 -2
40.406448 44.436150 0
41.973342 43.015486 4
43.438183 41.487940 10
44.903021 39.959889 17
46.258695 38.332065 25
47.614116 36.703986 35
-47.004824 33.664383 44
-45.812136 35.296013 32
-44.507998 36.863164 23
-43.203860 38.429805 15
-41.794365 39.900481 8
-40.385124 41.370652 2
-38.877380 42.738003 -1
-37.369383 44.104850 -4
-35.770754 45.362527 -6
-34.171872 46.619446 -8
-32.489719 47.761359 -8
-30.807820 48.902768 -8
-29.050522 49.923330 -7
-27.293475 50.943642 -6
-25.469916 51.838031 -5
-23.646357 52.732416 -3
-21.765169 53.496572 -1
-19.883980 54.260728 0
-17.954302 54.890833 3
-16.024626 55.521198 5
-14.055851 56.014468 7
-12.087332 56.507745 9
-10.089109 56.861895 10
-8.091140 57.215790 12
-6.073115 57.429040 13
-4.055344 57.642042 14
-2.027672 57.713381 14
0.000000 57.784460 14
2.027672 57.713381 14
4.055344 57.642042 14
6.073115 57.429040 13
8.091140 57.215790 12
10.089109 56.861895 10
12.087332 56.507745 9
14.055851 56.014468 7
16.024626 55.521198 5
17.954302 54.890833 3
19.883980 54.260728 0
21.765169 53.496572 -1
23.646357 52.732416 -3
25.469916 51.838031 -5
27.293475 50.943642 -6
29.050522 49.923330 -7
30.807820 48.902768 -8
32.489719 47.761359 -8
34.171872 46.619446 -8
35.770754 45.362527 -6
37.369383 44.104850 -4
38.877380 42.738003 -1
40.385124 41.370652 2
41.794365 39.900481 8
43.203860 38.429805 15
44.507998 36.863164 23
45.812136 35.296013 32
47.004824 33.664383 44
-45.128205 32.300837 41
-43.983244 33.890834 30
-42.731151 35.396040 20
-41.478801 36.900483 12
-40.125668 38.312770 6
-38.772531 39.725058 0
-37.324955 41.037826 -3
-35.877379 42.350598 -7
-34.342473 43.558010 -9
-32.807566 44.765170 -11
-31.192436 45.861640 -12
-29.577559 46.957604 -12
-27.890581 47.937548 -12
-26.203860 48.917237 -11
-24.452907 49.776087 -10
-22.702208 50.634679 -9
-20.896166 51.368622 -7
-19.089871 52.102058 -5
-17.237369 52.707283 -4
-15.384870 53.312261 -2
-13.494796 53.785729 0
-11.604722 54.259457 0
-9.686215 54.599643 2
-7.767962 54.939326 3
-5.830668 55.143948 4
-3.893374 55.348564 5
-1.946687 55.416860 5
0.000000 55.485404 5
1.946687 55.416860 5
3.893374 55.348564 5
5.830668 55.143948 4
7.767962 54.939326 3
9.686215 54.599643 2
11.604722 54.259457 0
13.494796 53.785729 0
15.384870 53.312261 -2
17.237369 52.707283 -4
19.089871 52.102058 -5
20.896166 51.368622 -7
22.702208 50.634679 -9
24.452907 49.776087 -10
26.203860 48.917237 -11
27.890581 47.937548 -12
29.577559 46.957604 -12
31.192436 45.861640 -12
32.807566 44.765170 -11
34.342473 43.558010 -9
35.877379 42.350598 -7
37.324955 41.037826 -3
38.772531 39.725058 0
40.125668 38.312770 6
41.478801 36.900483 12
42.731151 35.396040 20
43.983244 33.890834 30
45.128205 32.300837 41
-44.348820 29.412289 50
-43.251334 30.937294 38
-42.154099 32.461793 27
-40.954051 33.905053 18
-39.753999 35.347295 10
-38.456967 36.701448 3
-37.160193 38.055344 -2
-35.772784 39.313784 -6
-34.385376 40.572481 -10
-32.914191 41.729880 -13
-31.443007 42.887280 -15
-29.895404 43.938309 -16
-28.347550 44.989083 -17
-26.730898 45.928408 -17
-25.113988 46.867733 -16
-23.436152 47.691040 -16
-21.758060 48.514343 -15
-20.027164 49.217569 -14
-18.296014 49.920792 -12
-16.520436 50.501142 -11
-14.745113 51.080984 -10
-12.933486 51.534906 -8
-11.122112 51.989083 -7
-9.283574 52.315053 -6
-7.445037 52.640772 -5
-5.588220 52.837014 -4
-3.731658 53.033003 -3
-1.865702 53.098503 -3
0.000000 53.164252 -3
1.865702 53.098503 -3
3.731658 53.033003 -3
5.588220 52.837014 -4
7.445037 52.640772 -5
9.283574 52.315053 -6
11.122112 51.989083 -7
12.933486 51.534906 -8
14.745113 51.080984 -10
16.520436 50.501142 -11
18.296014 49.920792 -12
20.027164 49.217569 -14
21.758060 48.514343 -15
23.436152 47.691040 -16
25.113988 46.867733 -16
26.730898 45.928408 -17
28.347550 44.989083 -17
29.895404 43.938309 -16
31.443007 42.887280 -15
32.914191 41.729880 -13
34.385376 40.572481 -10
35.772784 39.313784 -6
37.160193 38.055344 -2
38.456967 36.701448 3
39.753999 35.347295 10
40.954051 33.905053 18
42.154099 32.461793 27
43.251334 30.937294 38
44.348820 29.412289 50
-43.298554 26.677836 59
-42.396293 28.121603 46
-41.347297 29.580602 35
-40.298298 31.038588 24
-39.151054 32.418633 15
-38.003807 33.798171 7
-36.764154 35.092915 0
-35.524246 36.387409 -4
-34.198021 37.591012 -9
-32.871794 38.794364 -13
-31.465348 39.900989 -16
-30.058899 41.007617 -18
-28.579335 42.012440 -20
-27.099771 43.017011 -21
-25.553948 43.915206 -22
-24.008378 44.813152 -22
-22.404418 45.600154 -21
-20.800203 46.387156 -21
-19.145469 47.059661 -20
-17.490734 47.731913 -19
-15.793348 48.286621 -18
-14.095963 48.841076 -17
-12.364052 49.275196 -16
-10.632394 49.709318 -15
-8.874841 50.020562 -14
-7.117289 50.332063 -14
-5.342219 50.519674 -13
-3.567403 50.707286 -13
-1.783702 50.769737 -12
0.000000 50.832446 -12
1.783702 50.769737 -12
3.567403 50.707286 -13
5.342219 50.519674 -13
7.117289 50.332063 -14
8.874841 50.020562 -14
10.632394 49.709318 -15
12.364052 49.275196 -16
14.095963 48.841076 -17
15.793348 48.286621 -18
17.490734 47.731913 -19
19.145469 47.059661 -20
20.800203 46.387156 -21
22.404418 45.600154 -21
24.008378 44.813152 -22
25.553948 43.915206 -22
27.099771 43.017011 -21
28.579335 42.012440 -20
30.058899 41.007617 -18
31.465348 39.900989 -16
32.871794 38.794364 -13
34.198021 37.591012 -9
35.524246 36.387409 -4
36.764154 35.092915 0
38.003807 33.798171 7
39.151054 32.418633 15
40.298298 31.038588 24
41.347297 29.580602 35
42.396293 28.121603 46
43.298554 26.677836 59
-41.346281 25.361005 56
-40.444020 26.804772 43
-39.443261 28.197260 31
-38.442498 29.588728 21
-37.348312 30.905814 12
-36.253873 32.222391 4
-35.071083 33.457985 -1
-33.888550 34.693322 -7
-32.623255 35.842091 -12
-31.357957 36.990354 -16
-30.016247 38.046459 -19
-28.674791 39.102564 -22
-27.263265 40.061437 -24
-25.851739 41.019802 -26
-24.377252 41.876873 -26
-22.902768 42.733689 -27
-21.372683 43.484640 -27
-19.842346 44.235845 -27
-18.263772 44.877379 -27
-16.685199 45.519167 -26
-15.066007 46.048235 -26
-13.446813 46.577305 -25
-11.794872 46.991622 -24
-10.142930 47.405688 -24
-8.466108 47.702971 -23
-6.789541 47.999999 -22
-5.096217 48.178980 -22
-3.403148 48.357958 -22
-1.701447 48.417620 -21
0.000000 48.477533 -21
1.701447 48.417620 -21
3.403148 48.357958 -22
5.096217 48.178980 -22
6.789541 47.999999 -22
8.466108 47.702971 -23
10.142930 47.405688 -24
11.794872 46.991622 -24
13.446813 46.577305 -25
15.066007 46.048235 -26
16.685199 45.519167 -26
18.263772 44.877379 -27
19.842346 44.235845 -27
21.372683 43.484640 -27
22.902768 42.733689 -27
24.377252 41.876873 -26
25.851739 41.019802 -26
27.263265 40.061437 -24
28.674791 39.102564 -22
30.016247 38.046459 -19
31.357957 36.990354 -16
32.623255 35.842091 -12
33.888550 34.693322 -7
35.071083 33.457985 -1
36.253873 32.222391 4
37.348312 30.905814 12
38.442498 29.588728 21
39.443261 28.197260 31
40.444020 26.804772 43
41.346281 25.361005 56
-40.180756 22.718965 65
-39.322672 24.109420 52
-38.464585 25.499112 39
-37.512821 26.824066 28
-36.561056 28.148261 19
-35.520437 29.401371 10
-34.479564 30.653718 2
-33.354658 31.829399 -4
-32.230009 33.004317 -10
-31.026657 34.096978 -15
-29.823305 35.189388 -19
-28.547347 36.193956 -23
-27.271388 37.198273 -26
-25.928917 38.110435 -28
-24.586444 39.022086 -30
-23.184310 39.837267 -31
-21.781924 40.652197 -32
-20.326732 41.366338 -33
-18.871288 42.080733 -33
-17.369891 42.690784 -33
-15.868749 43.301092 -33
-14.328763 43.804264 -33
-12.788779 44.307439 -32
-11.217568 44.701448 -32
-9.646357 45.095203 -31
-8.051790 45.378016 -31
-6.457223 45.660572 -31
-4.846915 45.830922 -30
-3.236354 46.001015 -30
-1.618177 46.057882 -30
0.000000 46.114749 -30
1.618177 46.057882 -30
3.236354 46.001015 -30
4.846915 45.830922 -30
6.457223 45.660572 -31
8.051790 45.378016 -31
9.646357 45.095203 -31
11.217568 44.701448 -32
12.788779 44.307439 -32
14.328763 43.804264 -33
15.868749 43.301092 -33
17.369891 42.690784 -33
18.871288 42.080733 -33
20.326732 41.366338 -33
21.781924 40.652197 -32
23.184310 39.837267 -31
24.586444 39.022086 -30
25.928917 38.110435 -28
27.271388 37.198273 -26
28.547347 36.193956 -23
29.823305 35.189388 -19
31.026657 34.096978 -15
32.230009 33.004317 -10
33.354658 31.829399 -4
34.479564 30.653718 2
35.520437 29.401371 10
36.561056 28.148261 19
37.512821 26.824066 28
38.464585 25.499112 39
39.322672 24.109420 52
40.180756 22.718965 65
-38.834223 20.182788 75
-38.113227 21.525260 61
-37.299314 22.845138 48
-36.485403 24.164003 36
-35.582635 25.421426 26
-34.679869 26.678090 16
-33.692562 27.867481 7
-32.705255 29.056106 0
-31.638233 30.171616 -6
-30.571464 31.286875 -12
-29.430058 32.323686 -17
-28.288653 33.360496 -22
-27.078192 34.313531 -26
-25.867987 35.266566 -29
-24.594568 36.132013 -32
-23.321401 36.997206 -34
-21.991114 37.770755 -35
-20.661082 38.543793 -37
-19.280529 39.221628 -38
-17.900229 39.899467 -38
-16.476009 40.478547 -39
-15.052044 41.057375 -39
-13.591266 41.534906 -39
-12.130490 42.012440 -39
-10.640264 42.386138 -39
-9.150038 42.759839 -39
-7.637471 43.028180 -39
-6.124905 43.296270 -38
-4.597360 43.457986 -38
-3.069815 43.619194 -38
-1.534907 43.673014 -38
0.000000 43.727089 -38
1.534907 43.673014 -38
3.069815 43.619194 -38
4.597360 43.457986 -38
6.124905 43.296270 -38
7.637471 43.028180 -39
9.150038 42.759839 -39
10.640264 42.386138 -39
12.130490 42.012440 -39
13.591266 41.534906 -39
15.052044 41.057375 -39
16.476009 40.478547 -39
17.900229 39.899467 -38
19.280529 39.221628 -38
20.661082 38.543793 -37
21.991114 37.770755 -35
23.321401 36.997206 -34
24.594568 36.132013 -32
25.867987 35.266566 -29
27.078192 34.313531 -26
28.288653 33.360496 -22
29.430058 32.323686 -17
30.571464 31.286875 -12
31.638233 30.171616 -6
32.705255 29.056106 0
33.692562 27.867481 7
34.679869 26.678090 16
35.582635 25.421426 26
36.485403 24.164003 36
37.299314 22.845138 48
38.113227 21.525260 61
38.834223 20.182788 75
-36.700178 19.048237 71
-36.018787 20.349075 58
-35.249555 21.597613 45
-34.480326 22.844630 34
-33.627061 24.033767 23
-32.774054 25.221629 14
-31.841076 26.346027 5
-30.908098 27.469663 -1
-29.899721 28.524246 -8
-28.891344 29.578319 -14
-27.812644 30.558008 -20
-26.733944 31.537955 -24
-25.590251 32.438690 -28
-24.446560 33.339426 -32
-23.243209 34.157399 -35
-22.039858 34.974868 -37
-20.782686 35.705762 -39
-19.525768 36.436659 -41
-18.221122 37.077176 -42
-16.916477 37.717694 -43
-15.570704 38.264788 -44
-14.224930 38.811882 -45
-12.844377 39.263264 -45
-11.464077 39.714394 -45
-10.055598 40.067530 -45
-8.647118 40.420666 -45
-7.217822 40.674284 -45
-5.788271 40.927647 -45
-4.344758 41.080224 -45
-2.901244 41.232801 -45
-1.450622 41.283829 -45
0.000000 41.334604 -45
1.450622 41.283829 -45
2.901244 41.232801 -45
4.344758 41.080224 -45
5.788271 40.927647 -45
7.217822 40.674284 -45
8.647118 40.420666 -45
10.055598 40.067530 -45
11.464077 39.714394 -45
12.844377 39.263264 -45
14.224930 38.811882 -45
15.570704 38.264788 -44
16.916477 37.717694 -43
18.221122 37.077176 -42
19.525768 36.436659 -41
20.782686 35.705762 -39
22.039858 34.974868 -37
23.243209 34.157399 -35
24.446560 33.339426 -32
25.590251 32.438690 -28
26.733944 31.537955 -24
27.812644 30.558008 -20
28.891344 29.578319 -14
29.899721 28.524246 -8
30.908098 27.469663 -1
31.841076 26.346027 5
32.774054 25.221629 14
33.627061 24.033767 23
34.480326 22.844630 34
35.249555 21.597613 45
36.018787 20.349075 58
36.700178 19.048237 71
-35.207920 16.686215 81
-34.566135 17.913429 67
-33.924347 19.139884 54
-33.199797 20.316832 42
-32.475246 21.492259 31
-31.671745 22.613099 21
-30.868241 23.732926 12
-29.989592 24.792589 4
-29.110689 25.851486 -3
-28.160955 26.845140 -10
-27.211475 27.838539 -16
-26.195480 28.761870 -21
-25.179487 29.685201 -26
-24.102311 30.534145 -30
-23.024880 31.382839 -34
-21.891597 32.153847 -37
-20.758314 32.924093 -40
-19.574258 33.612592 -42
-18.390201 34.301346 -44
-17.161462 34.904799 -46
-15.932725 35.508252 -47
-14.665397 36.023863 -48
-13.397816 36.539478 -49
-12.097486 36.964459 -50
-10.797410 37.389694 -50
-9.470932 37.722265 -51
-8.144453 38.055090 -51
-6.798172 38.293984 -51
-5.451638 38.532624 -51
-4.092155 38.676567 -51
-2.732419 38.820259 -52
-1.366337 38.868241 -52
0.000000 38.916223 -52
1.366337 38.868241 -52
2.732419 38.820259 -52
4.092155 38.676567 -51
5.451638 38.532624 -51
6.798172 38.293984 -51
8.144453 38.055090 -51
9.470932 37.722265 -51
10.797410 37.389694 -50
12.097486 36.964459 -50
13.397816 36.539478 -49
14.665397 36.023863 -48
15.932725 35.508252 -47
17.161462 34.904799 -46
18.390201 34.301346 -44
19.574258 33.612592 -42
20.758314 32.924093 -40
21.891597 32.153847 -37
23.024880 31.382839 -34
24.102311 30.534145 -30
25.179487 29.685201 -26
26.195480 28.761870 -21
27.211475 27.838539 -16
28.160955 26.845140 -10
29.110689 25.851486 -3
29.989592 24.792589 4
30.868241 23.732926 12
31.671745 22.613099 21
32.475246 21.492259 31
33.199797 20.316832 42
33.924347 19.139884 54
34.566135 17.913429 67
35.207920 16.686215 81
-33.008122 15.650926 77
-32.406448 16.802996 64
-31.804774 17.953797 52
-31.125413 19.057630 40
-30.446307 20.160447 30
-29.693069 21.211475 20
-28.939580 22.261742 11
-28.115765 23.255396 3
-27.291953 24.248287 -3
-26.401624 25.180248 -10
-25.511298 26.111450 -16
-24.558771 26.977152 -22
-23.606245 27.842853 -27
-22.596344 28.638743 -31
-21.586443 29.434375 -35
-20.523737 30.156639 -39
-19.461285 30.878902 -42
-18.351358 31.524753 -44
-17.241432 32.170092 -46
-16.089363 32.735719 -48
-14.937294 33.301345 -50
-13.748921 33.784718 -51
-12.560549 34.267833 -53
-11.341711 34.666667 -54
-10.122874 35.064990 -54
-8.879157 35.376999 -55
-7.635441 35.688754 -55
-6.373445 35.912668 -56
-5.111196 36.136584 -56
-3.836507 36.271388 -56
-2.561818 36.406195 -57
-1.280782 36.451128 -57
0.000000 36.496318 -57
1.280782 36.451128 -57
2.561818 36.406195 -57
3.836507 36.271388 -56
5.111196 36.136584 -56
6.373445 35.912668 -56
7.635441 35.688754 -55
8.879157 35.376999 -55
10.122874 35.064990 -54
11.341711 34.666667 -54
12.560549 34.267833 -53
13.748921 33.784718 -51
14.937294 33.301345 -50
16.089363 32.735719 -48
17.241432 32.170092 -46
18.351358 31.524753 -44
19.461285 30.878902 -42
20.523737 30.156639 -39
21.586443 29.434375 -35
22.596344 28.638743 -31
23.606245 27.842853 -27
24.558771 26.977152 -22
25.511298 26.111450 -16
26.401624 25.180248 -10
27.291953 24.248287 -3
28.115765 23.255396 3
28.939580 22.261742 11
29.693069 21.211475 20
30.446307 20.160447 30
31.125413 19.057630 40
31.804774 17.953797 52
32.406448 16.802996 64
33.008122 15.650926 77
-31.294998 13.502411 87
-30.808328 14.577811 74
-30.246764 15.654735 62
-29.685201 16.730135 50
-29.051281 17.761615 39
-28.417364 18.792078 29
-27.714142 19.773801 20
-27.011170 20.755015 11
-26.242195 21.683168 3
-25.473217 22.610561 -3
-24.642042 23.481088 -10
-23.811119 24.350852 -16
-22.922062 25.159686 -22
-22.033258 25.968012 -27
-21.090378 26.711349 -31
-20.147753 27.454431 -35
-19.156131 28.128967 -39
-18.164255 28.803505 -42
-17.128205 29.406447 -45
-16.092409 30.009138 -48
-15.017010 30.537192 -50
-13.941863 31.065500 -52
-12.832699 31.516881 -53
-11.723534 31.968011 -55
-10.585936 32.340442 -56
-9.448083 32.712365 -57
-8.287383 33.003809 -58
-7.126682 33.294998 -59
-5.948718 33.503934 -59
-4.770500 33.712870 -60
-3.580858 33.838792 -60
-2.390962 33.964712 -60
-1.195481 34.006601 -60
0.000000 34.048742 -60
1.195481 34.006601 -60
2.390962 33.964712 -60
3.580858 33.838792 -60
4.770500 33.712870 -60
5.948718 33.503934 -59
7.126682 33.294998 -59
8.287383 33.003809 -58
9.448083 32.712365 -57
10.585936 32.340442 -56
11.723534 31.968011 -55
12.832699 31.516881 -53
13.941863 31.065500 -52
15.017010 30.537192 -50
16.092409 30.009138 -48
17.128205 29.406447 -45
18.164255 28.803505 -42
19.156131 28.128967 -39
20.147753 27.454431 -35
21.090378 26.711349 -31
22.033258 25.968012 -27
22.922062 25.159686 -22
23.811119 24.350852 -16
24.642042 23.481088 -10
25.473217 22.610561 -3
26.242195 21.683168 3
27.011170 20.755015 11
27.714142 19.773801 20
28.417364 18.792078 29
29.051281 17.761615 39
29.685201 16.730135 50
30.246764 15.654735 62
30.808328 14.577811 74
31.294998 13.502411 87
-29.512567 11.468138 98
-29.060928 12.507744 84
-28.609039 13.545063 72
-28.087586 14.546331 60
-27.565878 15.545569 49
-26.977406 16.503934 39
-26.388676 17.461286 29
-25.735719 18.373445 20
-25.082762 19.284590 12
-24.368622 20.146740 4
-23.654735 21.007870 -2
-22.882965 21.815945 -9
-22.111196 22.623763 -15
-21.285860 23.374714 -21
-20.460269 24.125414 -26
-19.584920 24.815689 -30
-18.709570 25.505459 -35
-17.788525 26.131761 -38
-16.867478 26.758060 -42
-15.905560 27.317848 -45
-14.943387 27.877379 -47
-13.945163 28.367861 -50
-12.946687 28.858339 -52
-11.916730 29.277481 -54
-10.886773 29.696369 -55
-9.830160 30.041888 -57
-8.773546 30.387407 -58
-7.695862 30.658035 -59
-6.617923 30.928155 -60
-5.523991 31.122367 -61
-4.430058 31.316325 -61
-3.325209 31.433105 -62
-2.220360 31.550140 -62
-1.110180 31.588983 -62
0.000000 31.628077 -62
1.110180 31.588983 -62
2.220360 31.550140 -62
3.325209 31.433105 -62
4.430058 31.316325 -61
5.523991 31.122367 -61
6.617923 30.928155 -60
7.695862 30.658035 -59
8.773546 30.387407 -58
9.830160 30.041888 -57
10.886773 29.696369 -55
11.916730 29.277481 -54
12.946687 28.858339 -52
13.945163 28.367861 -50
14.943387 27.877379 -47
15.905560 27.317848 -45
16.867478 26.758060 -42
17.788525 26.131761 -38
18.709570 25.505459 -35
19.584920 24.815689 -30
20.460269 24.125414 -26
21.285860 23.374714 -21
22.111196 22.623763 -15
22.882965 21.815945 -9
23.654735 21.007870 -2
24.368622 20.146740 4
25.082762 19.284590 12
25.735719 18.373445 20
26.388676 17.461286 29
26.977406 16.503934 39
27.565878 15.545569 49
28.087586 14.546331 60
28.609039 13.545063 72
29.060928 12.507744 84
29.512567 11.468138 98
-27.243717 10.551408 95
-26.409495 12.472709 71
-25.446813 14.322164 49
-24.359989 16.092918 30
-23.154354 17.778117 13
-21.835999 19.370653 0
-20.411272 20.863673 -13
-18.887280 22.250824 -23
-17.271135 23.525769 -32
-15.570704 24.682915 -40
-13.794618 25.716933 -46
-11.951257 26.623002 -51
-10.049758 27.397056 -54
-8.099264 28.035036 -57
-6.109165 28.534653 -59
-4.089363 28.893374 -61
-2.049759 29.108910 -62
0.000000 29.181009 -62
2.049759 29.108910 -62
4.089363 28.893374 -61
6.109165 28.534653 -59
8.099264 28.035036 -57
10.049758 27.397056 -54
11.951257 26.623002 -51
13.794618 25.716933 -46
15.570704 24.682915 -40
17.271135 23.525769 -32
18.887280 22.250824 -23
20.411272 20.863673 -13
21.835999 19.370653 0
23.154354 17.778117 13
24.359989 16.092918 30
25.446813 14.322164 49
26.409495 12.472709 71
27.243717 10.551408 95
-24.923839 9.669204 93
-24.160701 11.429044 70
-23.223153 13.095963 50
-22.285606 14.741814 32
-21.130997 16.249049 16
-19.976644 17.739528 2
-18.627824 19.063469 -9
-17.279005 20.373699 -19
-15.761868 21.491497 -28
-14.244986 22.597613 -36
-12.589236 23.489973 -42
-10.933486 24.371668 -47
-9.171617 25.022341 -51
-7.409494 25.663112 -54
-5.575273 26.060168 -57
-3.741051 26.447830 -59
-1.870526 26.583905 -59
0.000000 26.710841 -60
1.870526 26.583905 -59
3.741051 26.447830 -59
5.575273 26.060168 -57
7.409494 25.663112 -54
9.171617 25.022341 -51
10.933486 24.371668 -47
12.589236 23.489973 -42
14.244986 22.597613 -36
15.761868 21.491497 -28
17.279005 20.373699 -19
18.627824 19.063469 -9
19.976644 17.739528 2
21.130997 16.249049 16
22.285606 14.741814 32
23.223153 13.095963 50
24.160701 11.429044 70
24.923839 9.669204 93
-22.603960 8.731659 92
-21.911906 10.332063 71
-21.061437 11.840314 53
-20.211221 13.342474 36
-19.164255 14.705509 21
-18.117289 16.065246 7
-16.893882 17.261997 -3
-15.670729 18.456715 -14
-14.294745 19.466617 -23
-12.919015 20.475756 -30
-11.417365 21.280782 -36
-9.915968 22.085808 -42
-8.317848 22.671999 -46
-6.719726 23.257679 -49
-5.056359 23.613862 -52
-3.392993 23.970045 -54
-1.696370 24.089363 -55
0.000000 24.208684 -55
1.696370 24.089363 -55
3.392993 23.970045 -54
5.056359 23.613862 -52
6.719726 23.257679 -49
8.317848 22.671999 -46
9.915968 22.085808 -42
11.417365 21.280782 -36
12.919015 20.475756 -30
14.294745 19.466617 -23
15.670729 18.456715 -14
16.893882 17.261997 -3
18.117289 16.065246 7
19.164255 14.705509 21
20.211221 13.342474 36
21.061437 11.840314 53
21.911906 10.332063 71
22.603960 8.731659 92
-20.265296 7.846409 92
-19.644834 9.282305 74
-18.882458 10.634425 56
-18.120081 11.980706 41
-17.181519 13.202082 27
-16.242701 14.420412 14
-15.145976 15.492511 3
-14.049252 16.563088 -6
-12.815689 17.468141 -15
-11.582382 18.372177 -22
-10.236101 19.093678 -29
-8.890073 19.814928 -34
-7.457222 20.340190 -38
-6.024625 20.865194 -42
-4.533130 21.184058 -44
-3.041889 21.503174 -46
-1.520944 21.610307 -47
0.000000 21.717189 -48
1.520944 21.610307 -47
3.041889 21.503174 -46
4.533130 21.184058 -44
6.024625 20.865194 -42
7.457222 20.340190 -38
8.890073 19.814928 -34
10.236101 19.093678 -29
11.582382 18.372177 -22
12.815689 17.468141 -15
14.049252 16.563088 -6
15.145976 15.492511 3
16.242701 14.420412 14
17.181519 13.202082 27
18.120081 11.980706 41
18.882458 10.634425 56
19.644834 9.282305 74
20.265296 7.846409 92
-17.926631 6.901496 94
-17.377761 8.176442 77
-16.703224 9.376239 61
-16.028941 10.570194 47
-15.198527 11.652957 34
-14.368367 12.732673 22
-13.398071 13.682409 12
-12.428028 14.630872 2
-11.336887 15.432343 -5
-10.245747 16.233055 -12
-9.054837 16.872048 -18
-7.863925 17.510535 -24
-6.596598 17.975630 -28
-5.329271 18.440467 -31
-4.010155 18.723026 -34
-2.690784 19.005331 -36
-1.345519 19.100279 -37
0.000000 19.194721 -37
1.345519 19.100279 -37
2.690784 19.005331 -36
4.010155 18.723026 -34
5.329271 18.440467 -31
6.596598 17.975630 -28
7.863925 17.510535 -24
9.054837 16.872048 -18
10.245747 16.233055 -12
11.336887 15.432343 -5
12.428028 14.630872 2
13.398071 13.682409 12
14.368367 12.732673 22
15.198527 11.652957 34
16.028941 10.570194 47
16.703224 9.376239 61
17.377761 8.176442 77
17.926631 6.901496 94
-15.621224 6.033257 97
-15.142675 7.143945 82
-14.555217 8.188627 68
-13.967504 9.228230 55
-13.243970 10.170601 43
-12.520436 11.110688 33
-11.675045 11.937800 23
-10.829652 12.763391 14
-9.878903 13.461284 6
-8.928154 14.158418 0
-7.890327 14.714902 -6
-6.852754 15.270881 -10
-5.748413 15.676059 -15
-4.643818 16.080732 -18
-3.494288 16.326732 -21
-2.344758 16.572735 -22
-1.172379 16.655244 -24
0.000000 16.737752 -24
1.172379 16.655244 -24
2.344758 16.572735 -22
3.494288 16.326732 -21
4.643818 16.080732 -18
5.748413 15.676059 -15
6.852754 15.270881 -10
7.890327 14.714902 -6
8.928154 14.158418 0
9.878903 13.461284 6
10.829652 12.763391 14
11.675045 11.937800 23
12.520436 11.110688 33
13.243970 10.170601 43
13.967504 9.228230 55
14.555217 8.188627 68
15.142675 7.143945 82
15.621224 6.033257 97
-12.907845 6.054074 89
-11.906068 7.838029 65
-10.672506 9.447067 45
-9.231277 10.858846 28
-7.610307 12.049758 15
-5.841330 12.999493 5
-3.958619 13.690531 -1
-1.998731 14.110436 -6
0.000000 14.251332 -7
1.998731 14.110436 -6
3.958619 13.690531 -1
5.841330 12.999493 5
7.610307 12.049758 15
9.231277 10.858846 28
10.672506 9.447067 45
11.906068 7.838029 65
12.907845 6.054074 89
-10.597868 5.000761 97
-9.680122 6.401879 77
-8.762630 7.778370 60
-7.505459 8.850977 45
-6.248286 9.911145 33
-4.749175 10.588221 24
-3.250064 11.256410 18
-1.625032 11.490225 14
0.000000 11.715917 13
1.625032 11.490225 14
3.250064 11.256410 18
4.749175 10.588221 24
6.248286 9.911145 33
7.505459 8.850977 45
8.762630 7.778370 60
9.680122 6.401879 77
10.597868 5.000761 97
-8.287637 3.874079 108
-7.569941 4.971819 91
-6.852501 6.058390 77
-5.869256 6.896420 65
-4.886266 7.731404 55
-3.713887 8.258950 47
-2.541508 8.785733 42
-1.270881 8.965727 38
0.000000 9.145721 37
1.270881 8.965727 38
2.541508 8.785733 42
3.713887 8.258950 47
4.886266 7.731404 55
5.869256 6.896420 65
6.852501 6.058390 77
7.569941 4.971819 91
8.287637 3.874079 108
-5.638995 3.304647 108
-4.921554 4.368623 97
-4.215537 4.968519 87
-3.509520 5.566641 80
-2.667428 5.944656 74
-1.825336 6.322417 70
-0.912668 6.451383 67
0.000000 6.580351 66
0.912668 6.451383 67
1.825336 6.322417 70
2.667428 5.944656 74
3.509520 5.566641 80
4.215537 4.968519 87
4.921554 4.368623 97
5.638995 3.304647 108
-2.990607 2.630111 120
-2.132521 3.363289 109
-1.109165 3.824575 102
0.000000 3.981974 99
1.109165 3.824575 102
2.132521 3.363289 109
2.990607 2.630111 120
