# Active surface commands at 38.286664
# Zero points are Off, FEM corrections are Off
-12.741051 103.255394 90
-10.929931 103.478548 93
-9.111958 103.637726 95
-7.293983 103.797412 96
-5.471693 103.893116 98
-3.649150 103.988833 99
-1.824575 104.021075 99
0.000000 104.052809 100
1.824575 104.021075 99
3.649150 103.988833 99
5.471693 103.893116 98
7.293983 103.797412 96
9.111958 103.637726 95
10.929931 103.478548 93
12.741051 103.255394 90
-23.048235 99.466362 61
-21.336126 99.861387 66
-19.578065 100.204114 70
-17.820005 100.546840 74
-16.051028 100.827872 77
-14.282051 101.109163 80
-12.504442 101.327749 83
-10.726834 101.546838 85
-8.942625 101.703220 87
-7.158416 101.859863 89
-5.369891 101.953794 90
-3.581366 102.047726 91
-1.790810 102.079205 92
0.000000 102.110431 92
1.790810 102.079205 92
3.581366 102.047726 91
5.369891 101.953794 90
7.158416 101.859863 89
8.942625 101.703220 87
10.726834 101.546838 85
12.504442 101.327749 83
14.282051 101.109163 80
16.051028 100.827872 77
17.820005 100.546840 74
19.578065 100.204114 70
21.336126 99.861387 66
23.048235 99.466362 61
-29.431075 95.752474 35
-27.750698 96.268088 40
-26.053567 96.724041 46
-24.356436 97.180501 51
-22.644327 97.566385 55
-20.932217 97.961664 59
-19.207413 98.297790 63
-17.482610 98.634170 67
-15.747145 98.909623 70
-14.011678 99.185578 73
-12.267835 99.400352 76
-10.523737 99.615127 78
-8.773292 99.768466 80
-7.023103 99.922314 82
-5.268342 100.014472 83
-3.513582 100.106625 84
-1.756791 100.137596 84
0.000000 100.168314 85
1.756791 100.137596 84
3.513582 100.106625 84
5.268342 100.014472 83
7.023103 99.922314 82
8.773292 99.768466 80
10.523737 99.615127 78
12.267835 99.400352 76
14.011678 99.185578 73
15.747145 98.909623 70
17.482610 98.634170 67
19.207413 98.297790 63
20.932217 97.961664 59
22.644327 97.566385 55
24.356436 97.180501 51
26.053567 96.724041 46
27.750698 96.268088 40
29.431075 95.752474 35
-33.758314 92.233310 13
-32.129727 92.795887 19
-30.500890 93.358464 25
-28.853517 93.863672 30
-27.206144 94.368874 35
-25.542269 94.816198 40
-23.878396 95.263517 45
-22.200051 95.651942 49
-20.521453 96.040875 53
-18.830413 96.370399 57
-17.139629 96.700178 61
-15.438182 96.970295 64
-13.736736 97.240672 67
-12.026910 97.451380 69
-10.317339 97.661841 71
-8.601167 97.812391 73
-6.885250 97.963189 75
-5.165016 98.053569 76
-3.444783 98.143942 77
-1.722264 98.174158 77
0.000000 98.204367 78
1.722264 98.174158 77
3.444783 98.143942 77
5.165016 98.053569 76
6.885250 97.963189 75
8.601167 97.812391 73
10.317339 97.661841 71
12.026910 97.451380 69
13.736736 97.240672 67
15.438182 96.970295 64
17.139629 96.700178 61
18.830413 96.370399 57
20.521453 96.040875 53
22.200051 95.651942 49
23.878396 95.263517 45
25.542269 94.816198 40
27.206144 94.368874 35
28.853517 93.863672 30
30.500890 93.358464 25
32.129727 92.795887 19
33.758314 92.233310 13
-37.788525 88.513329 -8
-36.234578 89.175168 -2
-34.658542 89.781925 3
-33.082762 90.376744 9
-31.486418 90.928152 15
-29.890328 91.479560 20
-28.275959 91.974610 26
-26.661588 92.469659 31
-25.030972 92.908096 35
-23.400355 93.346279 40
-21.755522 93.727340 44
-20.110687 94.108401 48
-18.453669 94.431325 51
-16.796395 94.754503 55
-15.129221 95.019296 58
-13.461793 95.284336 60
-11.786240 95.490731 63
-10.110688 95.696877 65
-8.429043 95.844632 67
-6.747398 95.992127 68
-5.061437 96.080728 69
-3.375730 96.169329 70
-1.687992 96.199036 71
0.000000 96.228737 71
1.687992 96.199036 71
3.375730 96.169329 70
5.061437 96.080728 69
6.747398 95.992127 68
8.429043 95.844632 67
10.110688 95.696877 65
11.786240 95.490731 63
13.461793 95.284336 60
15.129221 95.019296 58
16.796395 94.754503 55
18.453669 94.431325 51
20.110687 94.108401 48
21.755522 93.727340 44
23.400355 93.346279 40
25.030972 92.908096 35
26.661588 92.469659 31
28.275959 91.974610 26
29.890328 91.479560 20
31.486418 90.928152 15
33.082762 90.376744 9
34.658542 89.781925 3
36.234578 89.175168 -2
37.788525 88.513329 -8
-39.992131 85.333588 -24
-38.525769 86.017008 -17
-37.004061 86.665143 -11
-35.482357 87.313278 -5
-33.939070 87.907589 0
-32.395784 88.501900 6
-30.832953 89.041885 11
-29.269864 89.581871 16
-27.689008 90.067022 21
-26.108150 90.551913 26
-24.511297 90.980959 30
-22.914699 91.410254 35
-21.303884 91.783444 39
-19.693322 92.156386 42
-18.070576 92.472709 46
-16.447830 92.789286 49
-14.815182 93.048742 52
-13.182280 93.308198 54
-11.541508 93.510279 57
-9.900736 93.712366 59
-8.254126 93.856817 60
-6.607261 94.001522 62
-4.956588 94.088345 63
-3.305662 94.175173 64
-1.652704 94.203857 64
0.000000 94.233050 64
1.652704 94.203857 64
3.305662 94.175173 64
4.956588 94.088345 63
6.607261 94.001522 62
8.254126 93.856817 60
9.900736 93.712366 59
11.541508 93.510279 57
13.182280 93.308198 54
14.815182 93.048742 52
16.447830 92.789286 49
18.070576 92.472709 46
19.693322 92.156386 42
21.303884 91.783444 39
22.914699 91.410254 35
24.511297 90.980959 30
26.108150 90.551913 26
27.689008 90.067022 21
29.269864 89.581871 16
30.832953 89.041885 11
32.395784 88.501900 6
33.939070 87.907589 0
35.482357 87.313278 -5
37.004061 86.665143 -11
38.525769 86.017008 -17
39.992131 85.333588 -24
-43.525259 81.348821 -44
-42.083525 82.085805 -38
-40.641787 82.823303 -32
-39.175425 83.498858 -25
-37.709063 84.182532 -19
-36.219597 84.816957 -13
-34.730135 85.451382 -8
-33.219599 86.033253 -2
-31.709064 86.614877 2
-30.179234 87.143439 7
-28.649403 87.671995 12
-27.102058 88.146988 17
-25.554709 88.621479 22
-23.991623 89.041631 26
-22.428788 89.461790 30
-20.852247 89.827114 34
-19.275705 90.192179 37
-17.687485 90.501901 40
-16.099010 90.811629 43
-14.500889 91.065755 46
-12.902767 91.319626 49
-11.297029 91.517387 51
-9.691039 91.715154 53
-8.078954 91.856816 54
-6.467124 91.998224 56
-4.851485 92.083268 57
-3.235593 92.168317 57
-1.617669 92.196493 58
0.000000 92.224930 58
1.617669 92.196493 58
3.235593 92.168317 57
4.851485 92.083268 57
6.467124 91.998224 56
8.078954 91.856816 54
9.691039 91.715154 53
11.297029 91.517387 51
12.902767 91.319626 49
14.500889 91.065755 46
16.099010 90.811629 43
17.687485 90.501901 40
19.275705 90.192179 37
20.852247 89.827114 34
22.428788 89.461790 30
23.991623 89.041631 26
25.554709 88.621479 22
27.102058 88.146988 17
28.649403 87.671995 12
30.179234 87.143439 7
31.709064 86.614877 2
33.219599 86.033253 -2
34.730135 85.451382 -8
36.219597 84.816957 -13
37.709063 84.182532 -19
39.175425 83.498858 -25
40.641787 82.823303 -32
42.083525 82.085805 -38
43.525259 81.348821 -44
-45.334856 78.006345 -58
-43.951002 78.776593 -51
-42.566894 79.546588 -45
-41.156894 80.267326 -39
-39.747144 80.988573 -33
-38.313024 81.659560 -27
-36.878650 82.331049 -21
-35.422189 82.951255 -16
-33.965474 83.571716 -10
-32.488194 84.140900 -5
-31.010917 84.710078 0
-29.514851 85.226957 4
-28.018533 85.744096 9
-26.505205 86.208174 13
-24.992130 86.672506 18
-23.463569 87.083523 22
-21.935009 87.494540 25
-20.393246 87.851739 29
-18.851231 88.208683 32
-17.298045 88.511805 35
-15.744605 88.814672 38
-14.181772 89.063213 41
-12.618685 89.311500 43
-11.048236 89.505201 45
-9.477533 89.698400 47
-7.901244 89.836759 48
-6.324702 89.975371 50
-4.744605 90.058388 51
-3.164255 90.141404 51
-1.582127 90.169079 52
0.000000 90.197001 52
1.582127 90.169079 52
3.164255 90.141404 51
4.744605 90.058388 51
6.324702 89.975371 50
7.901244 89.836759 48
9.477533 89.698400 47
11.048236 89.505201 45
12.618685 89.311500 43
14.181772 89.063213 41
15.744605 88.814672 38
17.298045 88.511805 35
18.851231 88.208683 32
20.393246 87.851739 29
21.935009 87.494540 25
23.463569 87.083523 22
24.992130 86.672506 18
26.505205 86.208174 13
28.018533 85.744096 9
29.514851 85.226957 4
31.010917 84.710078 0
32.488194 84.140900 -5
33.965474 83.571716 -10
35.422189 82.951255 -16
36.878650 82.331049 -21
38.313024 81.659560 -27
39.747144 80.988573 -33
41.156894 80.267326 -39
42.566894 79.546588 -45
43.951002 78.776593 -51
45.334856 78.006345 -58
-46.965981 74.651943 -70
-45.640265 75.489211 -63
-44.314294 76.238640 -57
-42.961412 76.991367 -51
-41.608529 77.744100 -45
-40.230517 78.448847 -39
-38.852247 79.153843 -34
-37.450369 79.809849 -28
-36.048488 80.466110 -23
-34.624778 81.072606 -18
-33.200813 81.679357 -12
-31.756792 82.235593 -7
-30.312770 82.791823 -3
-28.850217 83.297286 1
-27.387663 83.802742 5
-25.908606 84.256407 10
-24.429297 84.710332 14
-22.935262 85.111959 17
-21.441229 85.513833 21
-19.933994 85.863161 24
-18.427013 86.211980 28
-16.908607 86.508252 30
-15.390200 86.804518 33
-13.862401 87.047475 36
-12.334602 87.290172 38
-10.799442 87.479311 40
-9.264281 87.668444 41
-7.723280 87.803753 43
-6.182534 87.939069 44
-4.637725 88.020307 45
-3.093171 88.101550 46
-1.546585 88.128456 46
0.000000 88.155622 46
1.546585 88.128456 46
3.093171 88.101550 46
4.637725 88.020307 45
6.182534 87.939069 44
7.723280 87.803753 43
9.264281 87.668444 41
10.799442 87.479311 40
12.334602 87.290172 38
13.862401 87.047475 36
15.390200 86.804518 33
16.908607 86.508252 30
18.427013 86.211980 28
19.933994 85.863161 24
21.441229 85.513833 21
22.935262 85.111959 17
24.429297 84.710332 14
25.908606 84.256407 10
27.387663 83.802742 5
28.850217 83.297286 1
30.312770 82.791823 -3
31.756792 82.235593 -7
33.200813 81.679357 -12
34.624778 81.072606 -18
36.048488 80.466110 -23
37.450369 79.809849 -28
38.852247 79.153843 -34
40.230517 78.448847 -39
41.608529 77.744100 -45
42.961412 76.991367 -51
44.314294 76.238640 -57
45.640265 75.489211 -63
46.965981 74.651943 -70
-47.107389 72.095458 -74
-45.870779 72.898959 -68
-45.226199 73.294493 -65
-44.575780 73.680122 -62
-43.280781 74.461285 -57
-41.959635 75.196496 -51
-41.301599 75.569178 -48
-40.638233 75.931707 -45
-39.292205 76.620210 -40
-37.946178 77.308960 -35
-37.264025 77.634680 -32
-36.577051 77.949478 -29
-35.207920 78.590503 -24
-33.817214 79.183042 -19
-33.124143 79.484638 -17
-32.426505 79.775580 -14
-31.016247 80.318863 -10
-29.605739 80.862400 -5
-28.893628 81.114746 -3
-28.177457 81.356179 -1
-26.748921 81.849710 2
-25.304392 82.292968 6
-24.583650 82.520182 8
-23.859609 82.736227 10
-22.400355 83.128711 14
-20.941102 83.521196 17
-20.206397 83.697381 19
-19.469155 83.862150 20
-17.997207 84.203097 23
-16.514344 84.492509 26
-15.773801 84.642805 27
-15.031227 84.781672 28
-13.539223 85.019038 31
-12.046966 85.256156 33
-11.298045 85.354147 34
-10.547601 85.440721 35
-9.048236 85.625795 36
-7.543285 85.757807 38
-6.791318 85.829654 38
-6.038335 85.890073 39
-4.529576 85.969284 40
-3.021071 86.048742 40
-2.265804 86.067529 40
-1.510536 86.075146 41
0.000000 86.101295 41
1.510536 86.075146 41
2.265804 86.067529 40
3.021071 86.048742 40
4.529576 85.969284 40
6.038335 85.890073 39
6.791318 85.829654 38
7.543285 85.757807 38
9.048236 85.625795 36
10.547601 85.440721 35
11.298045 85.354147 34
12.046966 85.256156 33
13.539223 85.019038 31
15.031227 84.781672 28
15.773801 84.642805 27
16.514344 84.492509 26
17.997207 84.203097 23
19.469155 83.862150 20
20.206397 83.697381 19
20.941102 83.521196 17
22.400355 83.128711 14
23.859609 82.736227 10
24.583650 82.520182 8
25.304392 82.292968 6
26.748921 81.849710 2
28.177457 81.356179 -1
28.893628 81.114746 -3
29.605739 80.862400 -5
31.016247 80.318863 -10
32.426505 79.775580 -14
33.124143 79.484638 -17
33.817214 79.183042 -19
35.207920 78.590503 -24
36.577051 77.949478 -29
37.264025 77.634680 -32
37.946178 77.308960 -35
39.292205 76.620210 -40
40.638233 75.931707 -45
41.301599 75.569178 -48
41.959635 75.196496 -51
43.280781 74.461285 -57
44.575780 73.680122 -62
45.226199 73.294493 -65
45.870779 72.898959 -68
47.107389 72.095458 -74
-49.664637 67.850213 -89
-47.856056 69.128712 -81
-46.012187 70.342728 -72
-44.146231 71.532112 -64
-42.247271 72.671237 -56
-40.315563 73.752726 -48
-38.353897 74.778879 -40
-36.374207 75.768978 -33
-34.367098 76.702210 -26
-32.333079 77.575017 -19
-30.275452 78.389439 -12
-28.203603 79.166289 -6
-26.110180 79.883978 0
-23.996699 80.538459 5
-21.865449 81.132522 10
-19.724041 81.687482 15
-17.567402 82.181515 19
-15.397309 82.610562 23
-13.215791 82.977659 26
-11.028180 83.304897 29
-8.832191 83.569943 31
-6.629094 83.769229 33
-4.421427 83.905561 34
-2.211729 84.001525 35
0.000000 84.034523 36
2.211729 84.001525 35
4.421427 83.905561 34
6.629094 83.769229 33
8.832191 83.569943 31
11.028180 83.304897 29
13.215791 82.977659 26
15.397309 82.610562 23
17.567402 82.181515 19
19.724041 81.687482 15
21.865449 81.132522 10
23.996699 80.538459 5
26.110180 79.883978 0
28.203603 79.166289 -6
30.275452 78.389439 -12
32.333079 77.575017 -19
34.367098 76.702210 -26
36.374207 75.768978 -33
38.353897 74.778879 -40
40.315563 73.752726 -48
42.247271 72.671237 -56
44.146231 71.532112 -64
46.012187 70.342728 -72
47.856056 69.128712 -81
49.664637 67.850213 -89
-49.543539 65.365829 -94
-48.424472 66.143181 -86
-46.661081 67.389946 -78
-44.863164 68.586440 -70
-43.043920 69.749173 -63
-41.192433 70.860115 -55
-39.308708 71.914953 -48
-37.396294 72.915458 -40
-35.465854 73.880932 -33
-33.509014 74.791064 -27
-31.525769 75.642042 -20
-29.519676 76.436407 -14
-27.499364 77.193702 -8
-25.458238 77.893627 -2
-23.397309 78.531858 2
-21.319625 79.110940 7
-19.231532 79.652196 11
-17.128713 80.134044 15
-15.012693 80.552423 19
-12.885758 80.910639 22
-10.752983 81.229751 25
-8.611576 81.487943 27
-6.463570 81.682152 28
-4.310993 81.815180 30
-2.156385 81.908603 30
0.000000 81.941100 31
2.156385 81.908603 30
4.310993 81.815180 30
6.463570 81.682152 28
8.611576 81.487943 27
10.752983 81.229751 25
12.885758 80.910639 22
15.012693 80.552423 19
17.128713 80.134044 15
19.231532 79.652196 11
21.319625 79.110940 7
23.397309 78.531858 2
25.458238 77.893627 -2
27.499364 77.193702 -8
29.519676 76.436407 -14
31.525769 75.642042 -20
33.509014 74.791064 -27
35.465854 73.880932 -33
37.396294 72.915458 -40
39.308708 71.914953 -48
41.192433 70.860115 -55
43.043920 69.749173 -63
44.863164 68.586440 -70
46.661081 67.389946 -78
48.424472 66.143181 -86
49.543539 65.365829 -94
-50.511044 61.871792 -98
-48.865955 63.241688 -90
-47.184310 64.435894 -83
-45.466109 65.651435 -76
-43.714141 66.816957 -68
-41.941608 67.950243 -61
-40.137345 69.032748 -54
-38.302106 70.060674 -47
-36.438438 71.035798 -40
-34.557501 71.976387 -34
-32.650672 72.863673 -27
-30.718456 73.692816 -21
-28.763646 74.466870 -15
-26.795125 75.205130 -10
-24.806296 75.887026 -5
-22.798173 76.508757 0
-20.773547 77.073367 4
-18.739020 77.600659 8
-16.690022 78.070067 12
-14.628333 78.477786 15
-12.555725 78.826859 18
-10.477532 79.137852 20
-8.390962 79.389691 22
-6.298045 79.578830 24
-4.200559 79.708301 25
-2.101295 79.799443 26
0.000000 79.831177 26
2.101295 79.799443 26
4.200559 79.708301 25
6.298045 79.578830 24
8.390962 79.389691 22
10.477532 79.137852 20
12.555725 78.826859 18
14.628333 78.477786 15
16.690022 78.070067 12
18.739020 77.600659 8
20.773547 77.073367 4
22.798173 76.508757 0
24.806296 75.887026 -5
26.795125 75.205130 -10
28.763646 74.466870 -15
30.718456 73.692816 -21
32.650672 72.863673 -27
34.557501 71.976387 -34
36.438438 71.035798 -40
38.302106 70.060674 -47
40.137345 69.032748 -54
41.941608 67.950243 -61
43.714141 66.816957 -68
45.466109 65.651435 -76
47.184310 64.435894 -83
48.865955 63.241688 -90
50.511044 61.871792 -98
-51.221884 58.386649 -100
-49.161462 60.205382 -93
-47.560295 61.484390 -87
-45.923837 62.716931 -80
-44.251334 63.899975 -73
-42.546332 65.034526 -66
-40.821019 66.137850 -59
-39.064992 67.191417 -53
-37.278752 68.191929 -46
-35.464838 69.141152 -40
-33.634425 70.057122 -34
-31.778370 70.920286 -28
-29.897691 71.727598 -22
-27.995176 72.481087 -17
-26.079208 73.199799 -12
-24.143438 73.863162 -7
-22.189135 74.468649 -2
-20.218583 75.018278 1
-18.238132 75.531606 5
-16.244224 75.988574 8
-14.237370 76.385379 12
-12.220360 76.724802 14
-10.197512 77.027669 17
-8.166794 77.272659 18
-6.129728 77.456715 20
-4.088347 77.582889 21
-2.045189 77.671744 22
0.000000 77.702461 22
2.045189 77.671744 22
4.088347 77.582889 21
6.129728 77.456715 20
8.166794 77.272659 18
10.197512 77.027669 17
12.220360 76.724802 14
14.237370 76.385379 12
16.244224 75.988574 8
18.238132 75.531606 5
20.218583 75.018278 1
22.189135 74.468649 -2
24.143438 73.863162 -7
26.079208 73.199799 -12
27.995176 72.481087 -17
29.897691 71.727598 -22
31.778370 70.920286 -28
33.634425 70.057122 -34
35.464838 69.141152 -40
37.278752 68.191929 -46
39.064992 67.191417 -53
40.821019 66.137850 -59
42.546332 65.034526 -66
44.251334 63.899975 -73
45.923837 62.716931 -80
47.560295 61.484390 -87
49.161462 60.205382 -93
51.221884 58.386649 -100
-50.844123 55.968014 -101
-49.346281 57.283826 -95
-47.811883 58.538972 -89
-46.254887 59.782942 -83
-44.663113 60.981723 -76
-43.036557 62.132518 -70
-41.378269 63.235849 -64
-39.700433 64.309213 -57
-37.992638 65.333841 -51
-36.255394 66.307187 -45
-34.491495 67.230514 -39
-32.711094 68.121352 -34
-30.906068 68.960901 -28
-29.076922 69.746384 -23
-27.226706 70.479054 -18
-25.363290 71.177963 -13
-23.480832 71.823556 -9
-21.580096 72.412289 -4
-19.663366 72.946938 0
-17.737497 73.446307 2
-15.798172 73.890583 5
-13.846661 74.276720 8
-11.884996 74.607007 11
-9.917746 74.901495 13
-7.942625 75.139629 15
-5.961412 75.318864 16
-3.976136 75.441480 17
-1.989083 75.527800 18
0.000000 75.557755 18
1.989083 75.527800 18
3.976136 75.441480 17
5.961412 75.318864 16
7.942625 75.139629 15
9.917746 74.901495 13
11.884996 74.607007 11
13.846661 74.276720 8
15.798172 73.890583 5
17.737497 73.446307 2
19.663366 72.946938 0
21.580096 72.412289 -4
23.480832 71.823556 -9
25.363290 71.177963 -13
27.226706 70.479054 -18
29.076922 69.746384 -23
30.906068 68.960901 -28
32.711094 68.121352 -34
34.491495 67.230514 -39
36.255394 66.307187 -45
37.992638 65.333841 -51
39.700433 64.309213 -57
41.378269 63.235849 -64
43.036557 62.132518 -70
44.663113 60.981723 -76
46.254887 59.782942 -83
47.811883 58.538972 -89
49.346281 57.283826 -95
50.844123 55.968014 -101
-51.183549 52.517642 -102
-49.385378 54.348058 -96
-47.930439 55.626050 -90
-46.440214 56.862149 -84
-44.927645 58.070320 -79
-43.381824 59.235340 -73
-41.801979 60.353137 -67
-40.191165 61.425236 -61
-38.561311 62.467634 -55
-36.902767 63.463571 -50
-35.215283 64.408735 -44
-33.501904 65.305659 -39
-31.772532 66.171109 -33
-30.019293 66.986801 -28
-28.242701 67.749680 -23
-26.445543 68.461537 -19
-24.635695 69.140389 -14
-22.807058 69.767451 -10
-20.960904 70.339424 -6
-19.099264 70.858590 -3
-17.228739 71.343742 0
-15.345011 71.775323 3
-13.449353 72.150546 6
-11.544047 72.471437 8
-9.633156 72.757297 10
-7.714649 72.988830 12
-5.790556 73.162983 13
-3.862148 73.282053 14
-1.931962 73.365826 14
0.000000 73.395025 15
1.931962 73.365826 14
3.862148 73.282053 14
5.790556 73.162983 13
7.714649 72.988830 12
9.633156 72.757297 10
11.544047 72.471437 8
13.449353 72.150546 6
15.345011 71.775323 3
17.228739 71.343742 0
19.099264 70.858590 -3
20.960904 70.339424 -6
22.807058 69.767451 -10
24.635695 69.140389 -14
26.445543 68.461537 -19
28.242701 67.749680 -23
30.019293 66.986801 -28
31.772532 66.171109 -33
33.501904 65.305659 -39
35.215283 64.408735 -44
36.902767 63.463571 -50
38.561311 62.467634 -55
40.191165 61.425236 -61
41.801979 60.353137 -67
43.381824 59.235340 -73
44.927645 58.070320 -79
46.440214 56.862149 -84
47.930439 55.626050 -90
49.385378 54.348058 -96
51.183549 52.517642 -102
-50.639250 50.142676 -100
-49.301345 51.358721 -95
-47.926884 52.727848 -90
-46.514851 53.968522 -85
-45.068545 55.168319 -80
-43.600661 56.340950 -74
-42.100278 57.471695 -69
-40.567148 58.556487 -64
-39.004062 59.597107 -58
-37.422441 60.609035 -53
-35.812644 61.575526 -48
-34.175172 62.493021 -43
-32.512314 63.363541 -38
-30.833969 64.203604 -33
-29.132776 64.995174 -28
-27.408479 65.735722 -24
-25.664381 66.426505 -19
-23.907844 67.085555 -15
-22.133537 67.694084 -11
-20.341711 68.249304 -8
-18.535161 68.753235 -4
-16.719727 69.223914 -1
-14.891851 69.643056 1
-13.052044 70.007110 3
-11.203097 70.318611 5
-9.348565 70.596091 7
-7.486926 70.820764 9
-5.619447 70.989846 10
-3.747906 71.105359 11
-1.874841 71.186851 11
0.000000 71.215027 11
1.874841 71.186851 11
3.747906 71.105359 11
5.619447 70.989846 10
7.486926 70.820764 9
9.348565 70.596091 7
11.203097 70.318611 5
13.052044 70.007110 3
14.891851 69.643056 1
16.719727 69.223914 -1
18.535161 68.753235 -4
20.341711 68.249304 -8
22.133537 67.694084 -11
23.907844 67.085555 -15
25.664381 66.426505 -19
27.408479 65.735722 -24
29.132776 64.995174 -28
30.833969 64.203604 -33
32.512314 63.363541 -38
34.175172 62.493021 -43
35.812644 61.575526 -48
37.422441 60.609035 -53
39.004062 59.597107 -58
40.567148 58.556487 -64
42.100278 57.471695 -69
43.600661 56.340950 -74
45.068545 55.168319 -80
46.514851 53.968522 -85
47.926884 52.727848 -90
49.301345 51.358721 -95
50.639250 50.142676 -100
-50.729118 46.764663 -98
-49.072861 48.576290 -94
-47.776340 49.856816 -89
-46.444274 51.100024 -84
-45.076163 52.302614 -80
-43.674536 53.465347 -75
-42.252096 54.601930 -70
-40.798173 55.697891 -65
-39.312516 56.749432 -60
-37.797664 57.758063 -55
-36.265041 58.738765 -51
-34.705002 59.675555 -46
-33.118051 60.564862 -41
-31.506729 61.408730 -37
-29.880426 62.222644 -32
-28.231532 62.989843 -28
-26.560802 63.707538 -24
-24.870526 64.377255 -20
-23.168316 65.015739 -16
-21.448845 65.605737 -12
-19.712617 66.143689 -9
-17.961920 66.632137 -6
-16.202589 67.088350 -3
-14.431074 67.494544 0
-12.648388 67.847169 1
-10.856563 68.149020 3
-9.059406 68.417872 5
-7.255395 68.635696 6
-5.445545 68.799442 7
-3.632140 68.911651 8
-1.816959 68.990354 8
0.000000 69.017774 9
1.816959 68.990354 8
3.632140 68.911651 8
5.445545 68.799442 7
7.255395 68.635696 6
9.059406 68.417872 5
10.856563 68.149020 3
12.648388 67.847169 1
14.431074 67.494544 0
16.202589 67.088350 -3
17.961920 66.632137 -6
19.712617 66.143689 -9
21.448845 65.605737 -12
23.168316 65.015739 -16
24.870526 64.377255 -20
26.560802 63.707538 -24
28.231532 62.989843 -28
29.880426 62.222644 -32
31.506729 61.408730 -37
33.118051 60.564862 -41
34.705002 59.675555 -46
36.265041 58.738765 -51
37.797664 57.758063 -55
39.312516 56.749432 -60
40.798173 55.697891 -65
42.252096 54.601930 -70
43.674536 53.465347 -75
45.076163 52.302614 -80
46.444274 51.100024 -84
47.776340 49.856816 -89
49.072861 48.576290 -94
50.729118 46.764663 -98
-49.935262 44.467630 -95
-48.739019 45.657526 -91
-48.335871 46.175425 -89
-47.506474 47.009900 -87
-46.677329 47.844376 -84
-46.251586 48.250062 -83
-44.961921 49.453668 -79
-43.637217 50.617922 -74
-43.191926 51.001522 -73
-42.280529 51.743842 -70
-41.369130 52.485908 -67
-40.903527 52.844378 -66
-39.496065 53.905562 -61
-38.057628 54.923837 -57
-37.574764 55.258184 -55
-36.591266 55.900480 -52
-35.607768 56.542522 -49
-35.107388 56.849964 -48
-33.597360 57.756792 -44
-32.060929 58.617922 -39
-31.546077 58.899722 -38
-30.501141 59.434879 -35
-29.456208 59.969788 -32
-28.926632 60.223152 -31
-27.330542 60.965980 -27
-25.713126 61.660829 -23
-25.171617 61.887027 -22
-24.076669 62.309218 -20
-22.981975 62.731404 -17
-22.429042 62.927392 -16
-20.764154 63.498603 -13
-19.083270 64.019548 -10
-18.521452 64.187359 -9
-17.388677 64.492514 -7
-16.255903 64.797159 -5
-15.685453 64.934248 -4
-13.970551 65.327494 -2
-12.244732 65.668950 0
-11.668190 65.776846 0
-10.510028 65.961157 1
-9.351612 66.145468 2
-8.770246 66.221629 2
-7.023864 66.432598 4
-5.271897 66.591013 5
-4.687230 66.637982 5
-3.516121 66.699671 5
-2.345011 66.761106 6
-1.758822 66.775833 6
0.000000 66.802236 6
1.758822 66.775833 6
2.345011 66.761106 6
3.516121 66.699671 5
4.687230 66.637982 5
5.271897 66.591013 5
7.023864 66.432598 4
8.770246 66.221629 2
9.351612 66.145468 2
10.510028 65.961157 1
11.668190 65.776846 0
12.244732 65.668950 0
13.970551 65.327494 -2
15.685453 64.934248 -4
16.255903 64.797159 -5
17.388677 64.492514 -7
18.521452 64.187359 -9
19.083270 64.019548 -10
20.764154 63.498603 -13
22.429042 62.927392 -16
22.981975 62.731404 -17
24.076669 62.309218 -20
25.171617 61.887027 -22
25.713126 61.660829 -23
27.330542 60.965980 -27
28.926632 60.223152 -31
29.456208 59.969788 -32
30.501141 59.434879 -35
31.546077 58.899722 -38
32.060929 58.617922 -39
33.597360 57.756792 -44
35.107388 56.849964 -48
35.607768 56.542522 -49
36.591266 55.900480 -52
37.574764 55.258184 -55
38.057628 54.923837 -57
39.496065 53.905562 -61
40.903527 52.844378 -66
41.369130 52.485908 -67
42.280529 51.743842 -70
43.191926 51.001522 -73
43.637217 50.617922 -74
44.961921 49.453668 -79
46.251586 48.250062 -83
46.677329 47.844376 -84
47.506474 47.009900 -87
48.335871 46.175425 -89
48.739019 45.657526 -91
49.935262 44.467630 -95
-49.675551 41.290681 -91
-48.268851 42.967250 -87
-46.694086 44.614369 -82
-45.119574 46.250319 -78
-43.434883 47.781924 -73
-41.750446 49.302870 -68
-39.964203 50.712111 -62
-38.177963 52.110431 -57
-36.298554 53.390710 -52
-34.419397 54.659813 -46
-32.456206 55.804770 -41
-30.493273 56.938565 -36
-28.455699 57.942876 -31
-26.418380 58.936024 -26
-24.316578 59.794874 -22
-22.215029 60.642802 -17
-20.059152 61.351863 -13
-17.903276 62.050264 -10
-15.703732 62.606501 -6
-13.504189 63.152325 -3
-11.271896 63.552935 -1
-9.039604 63.943386 0
-6.785224 64.186343 2
-4.530845 64.419141 3
-2.265296 64.503936 4
0.000000 64.578065 4
2.265296 64.503936 4
4.530845 64.419141 3
6.785224 64.186343 2
9.039604 63.943386 0
11.271896 63.552935 -1
13.504189 63.152325 -3
15.703732 62.606501 -6
17.903276 62.050264 -10
20.059152 61.351863 -13
22.215029 60.642802 -17
24.316578 59.794874 -22
26.418380 58.936024 -26
28.455699 57.942876 -31
30.493273 56.938565 -36
32.456206 55.804770 -41
34.419397 54.659813 -46
36.298554 53.390710 -52
38.177963 52.110431 -57
39.964203 50.712111 -62
41.750446 49.302870 -68
43.434883 47.781924 -73
45.119574 46.250319 -78
46.694086 44.614369 -82
48.268851 42.967250 -87
49.675551 41.290681 -91
-48.009138 39.790047 -83
-46.602438 41.466616 -79
-45.082001 43.052042 -75
-43.561818 44.636964 -71
-41.935262 46.111194 -67
-40.308962 47.584920 -62
-38.584411 48.940849 -57
-36.859864 50.296269 -53
-35.045442 51.527292 -48
-33.231022 52.758058 -43
-31.335620 53.858339 -38
-29.440468 54.958621 -34
-27.473472 55.923078 -29
-25.506220 56.887536 -25
-23.477025 57.711602 -21
-21.448084 58.535668 -17
-19.366590 59.215029 -13
-17.285097 59.894643 -10
-15.161715 60.426757 -7
-13.038081 60.958871 -4
-10.882712 61.340695 -2
-8.727596 61.722518 0
-6.550901 61.952273 0
-4.374460 62.182282 1
-2.187103 62.258698 2
0.000000 62.335616 2
2.187103 62.258698 2
4.374460 62.182282 1
6.550901 61.952273 0
8.727596 61.722518 0
10.882712 61.340695 -2
13.038081 60.958871 -4
15.161715 60.426757 -7
17.285097 59.894643 -10
19.366590 59.215029 -13
21.448084 58.535668 -17
23.477025 57.711602 -21
25.506220 56.887536 -25
27.473472 55.923078 -29
29.440468 54.958621 -34
31.335620 53.858339 -38
33.231022 52.758058 -43
35.045442 51.527292 -48
36.859864 50.296269 -53
38.584411 48.940849 -57
40.308962 47.584920 -62
41.935262 46.111194 -67
43.561818 44.636964 -71
45.082001 43.052042 -75
46.602438 41.466616 -79
48.009138 39.790047 -83
-47.614116 36.703986 -77
-46.258695 38.332065 -75
-44.903021 39.959889 -72
-43.438183 41.487940 -68
-41.973342 43.015486 -64
-40.406448 44.436150 -61
-38.839299 45.856564 -57
-37.177457 47.163240 -52
-35.515866 48.469407 -48
-33.767707 49.655749 -44
-32.019294 50.841839 -40
-30.193198 51.902261 -35
-28.366844 52.962426 -31
-26.471693 53.892106 -27
-24.576288 54.821272 -23
-22.621223 55.615383 -20
-20.665906 56.409240 -16
-18.660321 57.064230 -13
-16.654988 57.719220 -10
-14.608784 58.231785 -7
-12.562579 58.744604 -5
-10.485910 59.112209 -3
-8.409241 59.480069 -1
-6.312008 59.701698 0
-4.215029 59.923328 0
-2.107388 59.997208 1
0.000000 60.071083 1
2.107388 59.997208 1
4.215029 59.923328 0
6.312008 59.701698 0
8.409241 59.480069 -1
10.485910 59.112209 -3
12.562579 58.744604 -5
14.608784 58.231785 -7
16.654988 57.719220 -10
18.660321 57.064230 -13
20.665906 56.409240 -16
22.621223 55.615383 -20
24.576288 54.821272 -23
26.471693 53.892106 -27
28.366844 52.962426 -31
30.193198 51.902261 -35
32.019294 50.841839 -40
33.767707 49.655749 -44
35.515866 48.469407 -48
37.177457 47.163240 -52
38.839299 45.856564 -57
40.406448 44.436150 -61
41.973342 43.015486 -64
43.438183 41.487940 -68
44.903021 39.959889 -72
46.258695 38.332065 -75
47.614116 36.703986 -77
-47.004824 33.664383 -71
-45.812136 35.296013 -69
-44.507998 36.863164 -66
-43.203860 38.429805 -64
-41.794365 39.900481 -61
-40.385124 41.370652 -58
-38.877380 42.738003 -54
-37.369383 44.104850 -51
-35.770754 45.362527 -47
-34.171872 46.619446 -43
-32.489719 47.761359 -40
-30.807820 48.902768 -36
-29.050522 49.923330 -32
-27.293475 50.943642 -29
-25.469916 51.838031 -25
-23.646357 52.732416 -22
-21.765169 53.496572 -18
-19.883980 54.260728 -15
-17.954302 54.890833 -12
-16.024626 55.521198 -10
-14.055851 56.014468 -7
-12.087332 56.507745 -5
-10.089109 56.861895 -3
-8.091140 57.215790 -2
-6.073115 57.429040 0
-4.055344 57.642042 0
-2.027672 57.713381 0
0.000000 57.784460 0
2.027672 57.713381 0
4.055344 57.642042 0
6.073115 57.429040 0
8.091140 57.215790 -2
10.089109 56.861895 -3
12.087332 56.507745 -5
14.055851 56.014468 -7
16.024626 55.521198 -10
17.954302 54.890833 -12
19.883980 54.260728 -15
21.765169 53.496572 -18
23.646357 52.732416 -22
25.469916 51.838031 -25
27.293475 50.943642 -29
29.050522 49.923330 -32
30.807820 48.902768 -36
32.489719 47.761359 -40
34.171872 46.619446 -43
35.770754 45.362527 -47
37.369383 44.104850 -51
38.877380 42.738003 -54
40.385124 41.370652 -58
41.794365 39.900481 -61
43.203860 38.429805 -64
44.507998 36.863164 -66
45.812136 35.296013 -69
47.004824 33.664383 -71
-45.128205 32.300837 -62
-43.983244 33.890834 -60
-42.731151 35.396040 -58
-41.478801 36.900483 -56
-40.125668 38.312770 -54
-38.772531 39.725058 -51
-37.324955 41.037826 -48
-35.877379 42.350598 -45
-34.342473 43.558010 -42
-32.807566 44.765170 -39
-31.192436 45.861640 -35
-29.577559 46.957604 -32
-27.890581 47.937548 -29
-26.203860 48.917237 -26
-24.452907 49.776087 -22
-22.702208 50.634679 -19
-20.896166 51.368622 -17
-19.089871 52.102058 -14
-17.237369 52.707283 -11
-15.384870 53.312261 -9
-13.494796 53.785729 -7
-11.604722 54.259457 -5
-9.686215 54.599643 -3
-7.767962 54.939326 -2
-5.830668 55.143948 -1
-3.893374 55.348564 0
-1.946687 55.416860 0
0.000000 55.485404 0
1.946687 55.416860 0
3.893374 55.348564 0
5.830668 55.143948 -1
7.767962 54.939326 -2
9.686215 54.599643 -3
11.604722 54.259457 -5
13.494796 53.785729 -7
15.384870 53.312261 -9
17.237369 52.707283 -11
19.089871 52.102058 -14
20.896166 51.368622 -17
22.702208 50.634679 -19
24.452907 49.776087 -22
26.203860 48.917237 -26
27.890581 47.937548 -29
29.577559 46.957604 -32
31.192436 45.861640 -35
32.807566 44.765170 -39
34.342473 43.558010 -42
35.877379 42.350598 -45
37.324955 41.037826 -48
38.772531 39.725058 -51
40.125668 38.312770 -54
41.478801 36.900483 -56
42.731151 35.396040 -58
43.983244 33.890834 -60
45.128205 32.300837 -62
-44.348820 29.412289 -54
-43.251334 30.937294 -53
-42.154099 32.461793 -52
-40.954051 33.905053 -50
-39.753999 35.347295 -48
-38.456967 36.701448 -46
-37.160193 38.055344 -44
-35.772784 39.313784 -42
-34.385376 40.572481 -39
-32.914191 41.729880 -36
-31.443007 42.887280 -34
-29.895404 43.938309 -31
-28.347550 44.989083 -28
-26.730898 45.928408 -25
-25.113988 46.867733 -22
-23.436152 47.691040 -20
-21.758060 48.514343 -17
-20.027164 49.217569 -14
-18.296014 49.920792 -12
-16.520436 50.501142 -10
-14.745113 51.080984 -8
-12.933486 51.534906 -6
-11.122112 51.989083 -4
-9.283574 52.315053 -3
-7.445037 52.640772 -2
-5.588220 52.837014 -1
-3.731658 53.033003 0
-1.865702 53.098503 0
0.000000 53.164252 0
1.865702 53.098503 0
3.731658 53.033003 0
5.588220 52.837014 -1
7.445037 52.640772 -2
9.283574 52.315053 -3
11.122112 51.989083 -4
12.933486 51.534906 -6
14.745113 51.080984 -8
16.520436 50.501142 -10
18.296014 49.920792 -12
20.027164 49.217569 -14
21.758060 48.514343 -17
23.436152 47.691040 -20
25.113988 46.867733 -22
26.730898 45.928408 -25
28.347550 44.989083 -28
29.895404 43.938309 -31
31.443007 42.887280 -34
32.914191 41.729880 -36
34.385376 40.572481 -39
35.772784 39.313784 -42
37.160193 38.055344 -44
38.456967 36.701448 -46
39.753999 35.347295 -48
40.954051 33.905053 -50
42.154099 32.461793 -52
43.251334 30.937294 -53
44.348820 29.412289 -54
-43.298554 26.677836 -44
-42.396293 28.121603 -44
-41.347297 29.580602 -44
-40.298298 31.038588 -43
-39.151054 32.418633 -42
-38.003807 33.798171 -41
-36.764154 35.092915 -39
-35.524246 36.387409 -37
-34.198021 37.591012 -35
-32.871794 38.794364 -33
-31.465348 39.900989 -31
-30.058899 41.007617 -29
-28.579335 42.012440 -26
-27.099771 43.017011 -24
-25.553948 43.915206 -21
-24.008378 44.813152 -19
-22.404418 45.600154 -17
-20.800203 46.387156 -14
-19.145469 47.059661 -12
-17.490734 47.731913 -10
-15.793348 48.286621 -8
-14.095963 48.841076 -6
-12.364052 49.275196 -5
-10.632394 49.709318 -3
-8.874841 50.020562 -2
-7.117289 50.332063 -1
-5.342219 50.519674 0
-3.567403 50.707286 0
-1.783702 50.769737 0
0.000000 50.832446 0
1.783702 50.769737 0
3.567403 50.707286 0
5.342219 50.519674 0
7.117289 50.332063 -1
8.874841 50.020562 -2
10.632394 49.709318 -3
12.364052 49.275196 -5
14.095963 48.841076 -6
15.793348 48.286621 -8
17.490734 47.731913 -10
19.145469 47.059661 -12
20.800203 46.387156 -14
22.404418 45.600154 -17
24.008378 44.813152 -19
25.553948 43.915206 -21
27.099771 43.017011 -24
28.579335 42.012440 -26
30.058899 41.007617 -29
31.465348 39.900989 -31
32.871794 38.794364 -33
34.198021 37.591012 -35
35.524246 36.387409 -37
36.764154 35.092915 -39
38.003807 33.798171 -41
39.151054 32.418633 -42
40.298298 31.038588 -43
41.347297 29.580602 -44
42.396293 28.121603 -44
43.298554 26.677836 -44
-41.346281 25.361005 -35
-40.444020 26.804772 -35
-39.443261 28.197260 -35
-38.442498 29.588728 -35
-37.348312 30.905814 -34
-36.253873 32.222391 -33
-35.071083 33.457985 -32
-33.888550 34.693322 -30
-32.623255 35.842091 -29
-31.357957 36.990354 -27
-30.016247 38.046459 -25
-28.674791 39.102564 -23
-27.263265 40.061437 -21
-25.851739 41.019802 -19
-24.377252 41.876873 -17
-22.902768 42.733689 -15
-21.372683 43.484640 -13
-19.842346 44.235845 -11
-18.263772 44.877379 -9
-16.685199 45.519167 -8
-15.066007 46.048235 -6
-13.446813 46.577305 -4
-11.794872 46.991622 -3
-10.142930 47.405688 -2
-8.466108 47.702971 -1
-6.789541 47.999999 0
-5.096217 48.178980 0
-3.403148 48.357958 0
-1.701447 48.417620 1
0.000000 48.477533 1
1.701447 48.417620 1
3.403148 48.357958 0
5.096217 48.178980 0
6.789541 47.999999 0
8.466108 47.702971 -1
10.142930 47.405688 -2
11.794872 46.991622 -3
13.446813 46.577305 -4
15.066007 46.048235 -6
16.685199 45.519167 -8
18.263772 44.877379 -9
19.842346 44.235845 -11
21.372683 43.484640 -13
22.902768 42.733689 -15
24.377252 41.876873 -17
25.851739 41.019802 -19
27.263265 40.061437 -21
28.674791 39.102564 -23
30.016247 38.046459 -25
31.357957 36.990354 -27
32.623255 35.842091 -29
33.888550 34.693322 -30
35.071083 33.457985 -32
36.253873 32.222391 -33
37.348312 30.905814 -34
38.442498 29.588728 -35
39.443261 28.197260 -35
40.444020 26.804772 -35
41.346281 25.361005 -35
-40.180756 22.718965 -25
-39.322672 24.109420 -26
-38.464585 25.499112 -26
-37.512821 26.824066 -26
-36.561056 28.148261 -26
-35.520437 29.401371 -26
-34.479564 30.653718 -25
-33.354658 31.829399 -24
-32.230009 33.004317 -23
-31.026657 34.096978 -22
-29.823305 35.189388 -21
-28.547347 36.193956 -19
-27.271388 37.198273 -18
-25.928917 38.110435 -16
-24.586444 39.022086 -14
-23.184310 39.837267 -13
-21.781924 40.652197 -11
-20.326732 41.366338 -10
-18.871288 42.080733 -8
-17.369891 42.690784 -6
-15.868749 43.301092 -5
-14.328763 43.804264 -3
-12.788779 44.307439 -2
-11.217568 44.701448 -1
-9.646357 45.095203 0
-8.051790 45.378016 0
-6.457223 45.660572 1
-4.846915 45.830922 1
-3.236354 46.001015 2
-1.618177 46.057882 2
0.000000 46.114749 2
1.618177 46.057882 2
3.236354 46.001015 2
4.846915 45.830922 1
6.457223 45.660572 1
8.051790 45.378016 0
9.646357 45.095203 0
11.217568 44.701448 -1
12.788779 44.307439 -2
14.328763 43.804264 -3
15.868749 43.301092 -5
17.369891 42.690784 -6
18.871288 42.080733 -8
20.326732 41.366338 -10
21.781924 40.652197 -11
23.184310 39.837267 -13
24.586444 39.022086 -14
25.928917 38.110435 -16
27.271388 37.198273 -18
28.547347 36.193956 -19
29.823305 35.189388 -21
31.026657 34.096978 -22
32.230009 33.004317 -23
33.354658 31.829399 -24
34.479564 30.653718 -25
35.520437 29.401371 -26
36.561056 28.148261 -26
37.512821 26.824066 -26
38.464585 25.499112 -26
39.322672 24.109420 -26
40.180756 22.718965 -25
-38.834223 20.182788 -14
-38.113227 21.525260 -16
-37.299314 22.845138 -16
-36.485403 24.164003 -17
-35.582635 25.421426 -18
-34.679869 26.678090 -18
-33.692562 27.867481 -18
-32.705255 29.056106 -17
-31.638233 30.171616 -17
-30.571464 31.286875 -16
-29.430058 32.323686 -15
-28.288653 33.360496 -14
-27.078192 34.313531 -13
-25.867987 35.266566 -12
-24.594568 36.132013 -11
-23.321401 36.997206 -10
-21.991114 37.770755 -8
-20.661082 38.543793 -7
-19.280529 39.221628 -6
-17.900229 39.899467 -4
-16.476009 40.478547 -3
-15.052044 41.057375 -2
-13.591266 41.534906 -1
-12.130490 42.012440 0
-10.640264 42.386138 0
-9.150038 42.759839 1
-7.637471 43.028180 2
-6.124905 43.296270 3
-4.597360 43.457986 3
-3.069815 43.619194 3
-1.534907 43.673014 4
0.000000 43.727089 4
1.534907 43.673014 4
3.069815 43.619194 3
4.597360 43.457986 3
6.124905 43.296270 3
7.637471 43.028180 2
9.150038 42.759839 1
10.640264 42.386138 0
12.130490 42.012440 0
13.591266 41.534906 -1
15.052044 41.057375 -2
16.476009 40.478547 -3
17.900229 39.899467 -4
19.280529 39.221628 -6
20.661082 38.543793 -7
21.991114 37.770755 -8
23.321401 36.997206 -10
24.594568 36.132013 -11
25.867987 35.266566 -12
27.078192 34.313531 -13
28.288653 33.360496 -14
29.430058 32.323686 -15
30.571464 31.286875 -16
31.638233 30.171616 -17
32.705255 29.056106 -17
33.692562 27.867481 -18
34.679869 26.678090 -18
35.582635 25.421426 -18
36.485403 24.164003 -17
37.299314 22.845138 -16
38.113227 21.525260 -16
38.834223 20.182788 -14
-36.700178 19.048237 -5
-36.018787 20.349075 -6
-35.249555 21.597613 -7
-34.480326 22.844630 -8
-33.627061 24.033767 -9
-32.774054 25.221629 -9
-31.841076 26.346027 -9
-30.908098 27.469663 -9
-29.899721 28.524246 -9
-28.891344 29.578319 -9
-27.812644 30.558008 -8
-26.733944 31.537955 -8
-25.590251 32.438690 -7
-24.446560 33.339426 -6
-23.243209 34.157399 -5
-22.039858 34.974868 -4
-20.782686 35.705762 -3
-19.525768 36.436659 -2
-18.221122 37.077176 -1
-16.916477 37.717694 0
-15.570704 38.264788 0
-14.224930 38.811882 1
-12.844377 39.263264 2
-11.464077 39.714394 2
-10.055598 40.067530 3
-8.647118 40.420666 4
-7.217822 40.674284 5
-5.788271 40.927647 5
-4.344758 41.080224 5
-2.901244 41.232801 6
-1.450622 41.283829 6
0.000000 41.334604 6
1.450622 41.283829 6
2.901244 41.232801 6
4.344758 41.080224 5
5.788271 40.927647 5
7.217822 40.674284 5
8.647118 40.420666 4
10.055598 40.067530 3
11.464077 39.714394 2
12.844377 39.263264 2
14.224930 38.811882 1
15.570704 38.264788 0
16.916477 37.717694 0
18.221122 37.077176 -1
19.525768 36.436659 -2
20.782686 35.705762 -3
22.039858 34.974868 -4
23.243209 34.157399 -5
24.446560 33.339426 -6
25.590251 32.438690 -7
26.733944 31.537955 -8
27.812644 30.558008 -8
28.891344 29.578319 -9
29.899721 28.524246 -9
30.908098 27.469663 -9
31.841076 26.346027 -9
32.774054 25.221629 -9
33.627061 24.033767 -9
34.480326 22.844630 -8
35.249555 21.597613 -7
36.018787 20.349075 -6
36.700178 19.048237 -5
-35.207920 16.686215 5
-34.566135 17.913429 3
-33.924347 19.139884 2
-33.199797 20.316832 0
-32.475246 21.492259 0
-31.671745 22.613099 0
-30.868241 23.732926 -1
-29.989592 24.792589 -1
-29.110689 25.851486 -2
-28.160955 26.845140 -2
-27.211475 27.838539 -2
-26.195480 28.761870 -1
-25.179487 29.685201 -1
-24.102311 30.534145 -1
-23.024880 31.382839 0
-21.891597 32.153847 0
-20.758314 32.924093 0
-19.574258 33.612592 1
-18.390201 34.301346 2
-17.161462 34.904799 2
-15.932725 35.508252 3
-14.665397 36.023863 4
-13.397816 36.539478 5
-12.097486 36.964459 5
-10.797410 37.389694 6
-9.470932 37.722265 7
-8.144453 38.055090 7
-6.798172 38.293984 7
-5.451638 38.532624 8
-4.092155 38.676567 8
-2.732419 38.820259 8
-1.366337 38.868241 9
0.000000 38.916223 9
1.366337 38.868241 9
2.732419 38.820259 8
4.092155 38.676567 8
5.451638 38.532624 8
6.798172 38.293984 7
8.144453 38.055090 7
9.470932 37.722265 7
10.797410 37.389694 6
12.097486 36.964459 5
13.397816 36.539478 5
14.665397 36.023863 4
15.932725 35.508252 3
17.161462 34.904799 2
18.390201 34.301346 2
19.574258 33.612592 1
20.758314 32.924093 0
21.891597 32.153847 0
23.024880 31.382839 0
24.102311 30.534145 -1
25.179487 29.685201 -1
26.195480 28.761870 -1
27.211475 27.838539 -2
28.160955 26.845140 -2
29.110689 25.851486 -2
29.989592 24.792589 -1
30.868241 23.732926 -1
31.671745 22.613099 0
32.475246 21.492259 0
33.199797 20.316832 0
33.924347 19.139884 2
34.566135 17.913429 3
35.207920 16.686215 5
-33.008122 15.650926 14
-32.406448 16.802996 12
-31.804774 17.953797 11
-31.125413 19.057630 9
-30.446307 20.160447 8
-29.693069 21.211475 7
-28.939580 22.261742 6
-28.115765 23.255396 6
-27.291953 24.248287 5
-26.401624 25.180248 5
-25.511298 26.111450 5
-24.558771 26.977152 5
-23.606245 27.842853 5
-22.596344 28.638743 5
-21.586443 29.434375 5
-20.523737 30.156639 5
-19.461285 30.878902 6
-18.351358 31.524753 6
-17.241432 32.170092 7
-16.089363 32.735719 7
-14.937294 33.301345 8
-13.748921 33.784718 8
-12.560549 34.267833 9
-11.341711 34.666667 9
-10.122874 35.064990 10
-8.879157 35.376999 10
-7.635441 35.688754 11
-6.373445 35.912668 11
-5.111196 36.136584 11
-3.836507 36.271388 11
-2.561818 36.406195 12
-1.280782 36.451128 12
0.000000 36.496318 12
1.280782 36.451128 12
2.561818 36.406195 12
3.836507 36.271388 11
5.111196 36.136584 11
6.373445 35.912668 11
7.635441 35.688754 11
8.879157 35.376999 10
10.122874 35.064990 10
11.341711 34.666667 9
12.560549 34.267833 9
13.748921 33.784718 8
14.937294 33.301345 8
16.089363 32.735719 7
17.241432 32.170092 7
18.351358 31.524753 6
19.461285 30.878902 6
20.523737 30.156639 5
21.586443 29.434375 5
22.596344 28.638743 5
23.606245 27.842853 5
24.558771 26.977152 5
25.511298 26.111450 5
26.401624 25.180248 5
27.291953 24.248287 5
28.115765 23.255396 6
28.939580 22.261742 6
29.693069 21.211475 7
30.446307 20.160447 8
31.125413 19.057630 9
31.804774 17.953797 11
32.406448 16.802996 12
33.008122 15.650926 14
-31.294998 13.502411 25
-30.808328 14.577811 23
-30.246764 15.654735 21
-29.685201 16.730135 19
-29.051281 17.761615 18
-28.417364 18.792078 16
-27.714142 19.773801 15
-27.011170 20.755015 14
-26.242195 21.683168 14
-25.473217 22.610561 13
-24.642042 23.481088 12
-23.811119 24.350852 12
-22.922062 25.159686 12
-22.033258 25.968012 11
-21.090378 26.711349 11
-20.147753 27.454431 11
-19.156131 28.128967 12
-18.164255 28.803505 12
-17.128205 29.406447 12
-16.092409 30.009138 12
-15.017010 30.537192 12
-13.941863 31.065500 13
-12.832699 31.516881 13
-11.723534 31.968011 13
-10.585936 32.340442 14
-9.448083 32.712365 14
-8.287383 33.003809 14
-7.126682 33.294998 15
-5.948718 33.503934 15
-4.770500 33.712870 15
-3.580858 33.838792 15
-2.390962 33.964712 15
-1.195481 34.006601 15
0.000000 34.048742 15
1.195481 34.006601 15
2.390962 33.964712 15
3.580858 33.838792 15
4.770500 33.712870 15
5.948718 33.503934 15
7.126682 33.294998 15
8.287383 33.003809 14
9.448083 32.712365 14
10.585936 32.340442 14
11.723534 31.968011 13
12.832699 31.516881 13
13.941863 31.065500 13
15.017010 30.537192 12
16.092409 30.009138 12
17.128205 29.406447 12
18.164255 28.803505 12
19.156131 28.128967 12
20.147753 27.454431 11
21.090378 26.711349 11
22.033258 25.968012 11
22.922062 25.159686 12
23.811119 24.350852 12
24.642042 23.481088 12
25.473217 22.610561 13
26.242195 21.683168 14
27.011170 20.755015 14
27.714142 19.773801 15
28.417364 18.792078 16
29.051281 17.761615 18
29.685201 16.730135 19
30.246764 15.654735 21
30.808328 14.577811 23
31.294998 13.502411 25
-29.512567 11.468138 36
-29.060928 12.507744 34
-28.609039 13.545063 32
-28.087586 14.546331 30
-27.565878 15.545569 28
-26.977406 16.503934 26
-26.388676 17.461286 25
-25.735719 18.373445 23
-25.082762 19.284590 22
-24.368622 20.146740 21
-23.654735 21.007870 21
-22.882965 21.815945 20
-22.111196 22.623763 19
-21.285860 23.374714 19
-20.460269 24.125414 18
-19.584920 24.815689 18
-18.709570 25.505459 18
-17.788525 26.131761 18
-16.867478 26.758060 18
-15.905560 27.317848 18
-14.943387 27.877379 18
-13.945163 28.367861 18
-12.946687 28.858339 18
-11.916730 29.277481 18
-10.886773 29.696369 18
-9.830160 30.041888 19
-8.773546 30.387407 19
-7.695862 30.658035 19
-6.617923 30.928155 19
-5.523991 31.122367 19
-4.430058 31.316325 19
-3.325209 31.433105 19
-2.220360 31.550140 20
-1.110180 31.588983 19
0.000000 31.628077 20
1.110180 31.588983 19
2.220360 31.550140 20
3.325209 31.433105 19
4.430058 31.316325 19
5.523991 31.122367 19
6.617923 30.928155 19
7.695862 30.658035 19
8.773546 30.387407 19
9.830160 30.041888 19
10.886773 29.696369 18
11.916730 29.277481 18
12.946687 28.858339 18
13.945163 28.367861 18
14.943387 27.877379 18
15.905560 27.317848 18
16.867478 26.758060 18
17.788525 26.131761 18
18.709570 25.505459 18
19.584920 24.815689 18
20.460269 24.125414 18
21.285860 23.374714 19
22.111196 22.623763 19
22.882965 21.815945 20
23.654735 21.007870 21
24.368622 20.146740 21
25.082762 19.284590 22
25.735719 18.373445 23
26.388676 17.461286 25
26.977406 16.503934 26
27.565878 15.545569 28
28.087586 14.546331 30
28.609039 13.545063 32
29.060928 12.507744 34
29.512567 11.468138 36
-27.243717 10.551408 45
-26.409495 12.472709 40
-25.446813 14.322164 36
-24.359989 16.092918 33
-23.154354 17.778117 30
-21.835999 19.370653 28
-20.411272 20.863673 27
-18.887280 22.250824 26
-17.271135 23.525769 25
-15.570704 24.682915 24
-13.794618 25.716933 24
-11.951257 26.623002 24
-10.049758 27.397056 24
-8.099264 28.035036 24
-6.109165 28.534653 24
-4.089363 28.893374 24
-2.049759 29.108910 24
0.000000 29.181009 24
2.049759 29.108910 24
4.089363 28.893374 24
6.109165 28.534653 24
8.099264 28.035036 24
10.049758 27.397056 24
11.951257 26.623002 24
13.794618 25.716933 24
15.570704 24.682915 24
17.271135 23.525769 25
18.887280 22.250824 26
20.411272 20.863673 27
21.835999 19.370653 28
23.154354 17.778117 30
24.359989 16.092918 33
25.446813 14.322164 36
26.409495 12.472709 40
27.243717 10.551408 45
-24.923839 9.669204 53
-24.160701 11.429044 48
-23.223153 13.095963 44
-22.285606 14.741814 41
-21.130997 16.249049 38
-19.976644 17.739528 36
-18.627824 19.063469 34
-17.279005 20.373699 33
-15.761868 21.491497 32
-14.244986 22.597613 31
-12.589236 23.489973 30
-10.933486 24.371668 30
-9.171617 25.022341 30
-7.409494 25.663112 30
-5.575273 26.060168 29
-3.741051 26.447830 29
-1.870526 26.583905 29
0.000000 26.710841 29
1.870526 26.583905 29
3.741051 26.447830 29
5.575273 26.060168 29
7.409494 25.663112 30
9.171617 25.022341 30
10.933486 24.371668 30
12.589236 23.489973 30
14.244986 22.597613 31
15.761868 21.491497 32
17.279005 20.373699 33
18.627824 19.063469 34
19.976644 17.739528 36
21.130997 16.249049 38
22.285606 14.741814 41
23.223153 13.095963 44
24.160701 11.429044 48
24.923839 9.669204 53
-22.603960 8.731659 60
-21.911906 10.332063 56
-21.061437 11.840314 52
-20.211221 13.342474 49
-19.164255 14.705509 46
-18.117289 16.065246 44
-16.893882 17.261997 42
-15.670729 18.456715 40
-14.294745 19.466617 39
-12.919015 20.475756 38
-11.417365 21.280782 37
-9.915968 22.085808 36
-8.317848 22.671999 36
-6.719726 23.257679 36
-5.056359 23.613862 35
-3.392993 23.970045 35
-1.696370 24.089363 35
0.000000 24.208684 35
1.696370 24.089363 35
3.392993 23.970045 35
5.056359 23.613862 35
6.719726 23.257679 36
8.317848 22.671999 36
9.915968 22.085808 36
11.417365 21.280782 37
12.919015 20.475756 38
14.294745 19.466617 39
15.670729 18.456715 40
16.893882 17.261997 42
18.117289 16.065246 44
19.164255 14.705509 46
20.211221 13.342474 49
21.061437 11.840314 52
21.911906 10.332063 56
22.603960 8.731659 60
-20.265296 7.846409 68
-19.644834 9.282305 64
-18.882458 10.634425 60
-18.120081 11.980706 57
-17.181519 13.202082 54
-16.242701 14.420412 52
-15.145976 15.492511 49
-14.049252 16.563088 48
-12.815689 17.468141 46
-11.582382 18.372177 45
-10.236101 19.093678 44
-8.890073 19.814928 43
-7.457222 20.340190 43
-6.024625 20.865194 42
-4.533130 21.184058 42
-3.041889 21.503174 41
-1.520944 21.610307 41
0.000000 21.717189 41
1.520944 21.610307 41
3.041889 21.503174 41
4.533130 21.184058 42
6.024625 20.865194 42
7.457222 20.340190 43
8.890073 19.814928 43
10.236101 19.093678 44
11.582382 18.372177 45
12.815689 17.468141 46
14.049252 16.563088 48
15.145976 15.492511 49
16.242701 14.420412 52
17.181519 13.202082 54
18.120081 11.980706 57
18.882458 10.634425 60
19.644834 9.282305 64
20.265296 7.846409 68
-17.926631 6.901496 75
-17.377761 8.176442 71
-16.703224 9.376239 67
-16.028941 10.570194 64
-15.198527 11.652957 62
-14.368367 12.732673 59
-13.398071 13.682409 57
-12.428028 14.630872 55
-11.336887 15.432343 54
-10.245747 16.233055 52
-9.054837 16.872048 51
-7.863925 17.510535 50
-6.596598 17.975630 50
-5.329271 18.440467 49
-4.010155 18.723026 49
-2.690784 19.005331 48
-1.345519 19.100279 48
0.000000 19.194721 48
1.345519 19.100279 48
2.690784 19.005331 48
4.010155 18.723026 49
5.329271 18.440467 49
6.596598 17.975630 50
7.863925 17.510535 50
9.054837 16.872048 51
10.245747 16.233055 52
11.336887 15.432343 54
12.428028 14.630872 55
13.398071 13.682409 57
14.368367 12.732673 59
15.198527 11.652957 62
16.028941 10.570194 64
16.703224 9.376239 67
17.377761 8.176442 71
17.926631 6.901496 75
-15.621224 6.033257 81
-15.142675 7.143945 78
-14.555217 8.188627 75
-13.967504 9.228230 72
-13.243970 10.170601 69
-12.520436 11.110688 67
-11.675045 11.937800 65
-10.829652 12.763391 63
-9.878903 13.461284 61
-8.928154 14.158418 60
-7.890327 14.714902 59
-6.852754 15.270881 58
-5.748413 15.676059 57
-4.643818 16.080732 56
-3.494288 16.326732 56
-2.344758 16.572735 56
-1.172379 16.655244 55
0.000000 16.737752 55
1.172379 16.655244 55
2.344758 16.572735 56
3.494288 16.326732 56
4.643818 16.080732 56
5.748413 15.676059 57
6.852754 15.270881 58
7.890327 14.714902 59
8.928154 14.158418 60
9.878903 13.461284 61
10.829652 12.763391 63
11.675045 11.937800 65
12.520436 11.110688 67
13.243970 10.170601 69
13.967504 9.228230 72
14.555217 8.188627 75
15.142675 7.143945 78
15.621224 6.033257 81
-12.907845 6.054074 84
-11.906068 7.838029 79
-10.672506 9.447067 74
-9.231277 10.858846 71
-7.610307 12.049758 68
-5.841330 12.999493 66
-3.958619 13.690531 64
-1.998731 14.110436 63
0.000000 14.251332 63
1.998731 14.110436 63
3.958619 13.690531 64
5.841330 12.999493 66
7.610307 12.049758 68
9.231277 10.858846 71
10.672506 9.447067 74
11.906068 7.838029 79
12.907845 6.054074 84
-10.597868 5.000761 91
-9.680122 6.401879 86
-8.762630 7.778370 82
-7.505459 8.850977 79
-6.248286 9.911145 76
-4.749175 10.588221 74
-3.250064 11.256410 72
-1.625032 11.490225 72
0.000000 11.715917 71
1.625032 11.490225 72
3.250064 11.256410 72
4.749175 10.588221 74
6.248286 9.911145 76
7.505459 8.850977 79
8.762630 7.778370 82
9.680122 6.401879 86
10.597868 5.000761 91
-8.287637 3.874079 97
-7.569941 4.971819 93
-6.852501 6.058390 90
-5.869256 6.896420 87
-4.886266 7.731404 84
-3.713887 8.258950 82
-2.541508 8.785733 81
-1.270881 8.965727 80
0.000000 9.145721 80
1.270881 8.965727 80
2.541508 8.785733 81
3.713887 8.258950 82
4.886266 7.731404 84
5.869256 6.896420 87
6.852501 6.058390 90
7.569941 4.971819 93
8.287637 3.874079 97
-5.638995 3.304647 100
-4.921554 4.368623 97
-4.215537 4.968519 95
-3.509520 5.566641 93
-2.667428 5.944656 91
-1.825336 6.322417 90
-0.912668 6.451383 90
0.000000 6.580351 90
0.912668 6.451383 90
1.825336 6.322417 90
2.667428 5.944656 91
3.509520 5.566641 93
4.215537 4.968519 95
4.921554 4.368623 97
5.638995 3.304647 100
-2.990607 2.630111 104
-2.132521 3.363289 102
-1.109165 3.824575 100
0.000000 3.981974 99
1.109165 3.824575 100
2.132521 3.363289 102
2.990607 2.630111 104
