# Active surface commands at 38.176496
# Zero points are Off, FEM corrections are Off
-12.741051 103.255394 -98
-10.929931 103.478548 -98
-9.111958 103.637726 -99
-7.293983 103.797412 -99
-5.471693 103.893116 -99
-3.649150 103.988833 -99
-1.824575 104.021075 -99
0.000000 104.052809 -100
1.824575 104.021075 -99
3.649150 103.988833 -99
5.471693 103.893116 -99
7.293983 103.797412 -99
9.111958 103.637726 -99
10.929931 103.478548 -98
12.741051 103.255394 -98
-23.048235 99.466362 -90
-21.336126 99.861387 -91
-19.578065 100.204114 -92
-17.820005 100.546840 -93
-16.051028 100.827872 -93
-14.282051 101.109163 -94
-12.504442 101.327749 -94
-10.726834 101.546838 -95
-8.942625 101.703220 -95
-7.158416 101.859863 -95
-5.369891 101.953794 -95
-3.581366 102.047726 -96
-1.790810 102.079205 -96
0.000000 102.110431 -96
1.790810 102.079205 -96
3.581366 102.047726 -96
5.369891 101.953794 -95
7.158416 101.859863 -95
8.942625 101.703220 -95
10.726834 101.546838 -95
12.504442 101.327749 -94
14.282051 101.109163 -94
16.051028 100.827872 -93
17.820005 100.546840 -93
19.578065 100.204114 -92
21.336126 99.861387 -91
23.048235 99.466362 -90
-29.431075 95.752474 -83
-27.750698 96.268088 -84
-26.053567 96.724041 -85
-24.356436 97.180501 -86
-22.644327 97.566385 -87
-20.932217 97.961664 -87
-19.207413 98.297790 -88
-17.482610 98.634170 -89
-15.747145 98.909623 -89
-14.011678 99.185578 -90
-12.267835 99.400352 -90
-10.523737 99.615127 -91
-8.773292 99.768466 -91
-7.023103 99.922314 -91
-5.268342 100.014472 -91
-3.513582 100.106625 -92
-1.756791 100.137596 -92
0.000000 100.168314 -92
1.756791 100.137596 -92
3.513582 100.106625 -92
5.268342 100.014472 -91
7.023103 99.922314 -91
8.773292 99.768466 -91
10.523737 99.615127 -91
12.267835 99.400352 -90
14.011678 99.185578 -90
15.747145 98.909623 -89
17.482610 98.634170 -89
19.207413 98.297790 -88
20.932217 97.961664 -87
22.644327 97.566385 -87
24.356436 97.180501 -86
26.053567 96.724041 -85
27.750698 96.268088 -84
29.431075 95.752474 -83
-33.758314 92.233310 -76
-32.129727 92.795887 -77
-30.500890 93.358464 -78
-28.853517 93.863672 -79
-27.206144 94.368874 -80
-25.542269 94.816198 -81
-23.878396 95.263517 -82
-22.200051 95.651942 -83
-20.521453 96.040875 -84
-18.830413 96.370399 -84
-17.139629 96.700178 -85
-15.438182 96.970295 -85
-13.736736 97.240672 -86
-12.026910 97.451380 -86
-10.317339 97.661841 -87
-8.601167 97.812391 -87
-6.885250 97.963189 -87
-5.165016 98.053569 -88
-3.444783 98.143942 -88
-1.722264 98.174158 -88
0.000000 98.204367 -88
1.722264 98.174158 -88
3.444783 98.143942 -88
5.165016 98.053569 -88
6.885250 97.963189 -87
8.601167 97.812391 -87
10.317339 97.661841 -87
12.026910 97.451380 -86
13.736736 97.240672 -86
15.438182 96.970295 -85
17.139629 96.700178 -85
18.830413 96.370399 -84
20.521453 96.040875 -84
22.200051 95.651942 -83
23.878396 95.263517 -82
25.542269 94.816198 -81
27.206144 94.368874 -80
28.853517 93.863672 -79
30.500890 93.358464 -78
32.129727 92.795887 -77
33.758314 92.233310 -76
-37.788525 88.513329 -69
-36.234578 89.175168 -70
-34.658542 89.781925 -71
-33.082762 90.376744 -72
-31.486418 90.928152 -73
-29.890328 91.479560 -74
-28.275959 91.974610 -75
-26.661588 92.469659 -76
-25.030972 92.908096 -77
-23.400355 93.346279 -78
-21.755522 93.727340 -79
-20.110687 94.108401 -80
-18.453669 94.431325 -80
-16.796395 94.754503 -81
-15.129221 95.019296 -82
-13.461793 95.284336 -82
-11.786240 95.490731 -82
-10.110688 95.696877 -83
-8.429043 95.844632 -83
-6.747398 95.992127 -83
-5.061437 96.080728 -84
-3.375730 96.169329 -84
-1.687992 96.199036 -84
0.000000 96.228737 -84
1.687992 96.199036 -84
3.375730 96.169329 -84
5.061437 96.080728 -84
6.747398 95.992127 -83
8.429043 95.844632 -83
10.110688 95.696877 -83
11.786240 95.490731 -82
13.461793 95.284336 -82
15.129221 95.019296 -82
16.796395 94.754503 -81
18.453669 94.431325 -80
20.110687 94.108401 -80
21.755522 93.727340 -79
23.400355 93.346279 -78
25.030972 92.908096 -77
26.661588 92.469659 -76
28.275959 91.974610 -75
29.890328 91.479560 -74
31.486418 90.928152 -73
33.082762 90.376744 -72
34.658542 89.781925 -71
36.234578 89.175168 -70
37.788525 88.513329 -69
-39.992131 85.333588 -62
-38.525769 86.017008 -64
-37.004061 86.665143 -65
-35.482357 87.313278 -66
-33.939070 87.907589 -67
-32.395784 88.501900 -69
-30.832953 89.041885 -70
-29.269864 89.581871 -71
-27.689008 90.067022 -72
-26.108150 90.551913 -73
-24.511297 90.980959 -73
-22.914699 91.410254 -74
-21.303884 91.783444 -75
-19.693322 92.156386 -76
-18.070576 92.472709 -76
-16.447830 92.789286 -77
-14.815182 93.048742 -78
-13.182280 93.308198 -78
-11.541508 93.510279 -79
-9.900736 93.712366 -79
-8.254126 93.856817 -79
-6.607261 94.001522 -79
-4.956588 94.088345 -80
-3.305662 94.175173 -80
-1.652704 94.203857 -80
0.000000 94.233050 -80
1.652704 94.203857 -80
3.305662 94.175173 -80
4.956588 94.088345 -80
6.607261 94.001522 -79
8.254126 93.856817 -79
9.900736 93.712366 -79
11.541508 93.510279 -79
13.182280 93.308198 -78
14.815182 93.048742 -78
16.447830 92.789286 -77
18.070576 92.472709 -76
19.693322 92.156386 -76
21.303884 91.783444 -75
22.914699 91.410254 -74
24.511297 90.980959 -73
26.108150 90.551913 -73
27.689008 90.067022 -72
29.269864 89.581871 -71
30.832953 89.041885 -70
32.395784 88.501900 -69
33.939070 87.907589 -67
35.482357 87.313278 -66
37.004061 86.665143 -65
38.525769 86.017008 -64
39.992131 85.333588 -62
-43.525259 81.348821 -54
-42.083525 82.085805 -56
-40.641787 82.823303 -57
-39.175425 83.498858 -59
-37.709063 84.182532 -60
-36.219597 84.816957 -61
-34.730135 85.451382 -62
-33.219599 86.033253 -64
-31.709064 86.614877 -65
-30.179234 87.143439 -66
-28.649403 87.671995 -67
-27.102058 88.146988 -68
-25.554709 88.621479 -69
-23.991623 89.041631 -70
-22.428788 89.461790 -70
-20.852247 89.827114 -71
-19.275705 90.192179 -72
-17.687485 90.501901 -73
-16.099010 90.811629 -73
-14.500889 91.065755 -74
-12.902767 91.319626 -74
-11.297029 91.517387 -75
-9.691039 91.715154 -75
-8.078954 91.856816 -75
-6.467124 91.998224 -75
-4.851485 92.083268 -76
-3.235593 92.168317 -76
-1.617669 92.196493 -76
0.000000 92.224930 -76
1.617669 92.196493 -76
3.235593 92.168317 -76
4.851485 92.083268 -76
6.467124 91.998224 -75
8.078954 91.856816 -75
9.691039 91.715154 -75
11.297029 91.517387 -75
12.902767 91.319626 -74
14.500889 91.065755 -74
16.099010 90.811629 -73
17.687485 90.501901 -73
19.275705 90.192179 -72
20.852247 89.827114 -71
22.428788 89.461790 -70
23.991623 89.041631 -70
25.554709 88.621479 -69
27.102058 88.146988 -68
28.649403 87.671995 -67
30.179234 87.143439 -66
31.709064 86.614877 -65
33.219599 86.033253 -64
34.730135 85.451382 -62
36.219597 84.816957 -61
37.709063 84.182532 -60
39.175425 83.498858 -59
40.641787 82.823303 -57
42.083525 82.085805 -56
43.525259 81.348821 -54
-45.334856 78.006345 -48
-43.951002 78.776593 -49
-42.566894 79.546588 -51
-41.156894 80.267326 -52
-39.747144 80.988573 -54
-38.313024 81.659560 -55
-36.878650 82.331049 -56
-35.422189 82.951255 -58
-33.965474 83.571716 -59
-32.488194 84.140900 -60
-31.010917 84.710078 -61
-29.514851 85.226957 -62
-28.018533 85.744096 -63
-26.505205 86.208174 -64
-24.992130 86.672506 -65
-23.463569 87.083523 -66
-21.935009 87.494540 -66
-20.393246 87.851739 -67
-18.851231 88.208683 -68
-17.298045 88.511805 -69
-15.744605 88.814672 -69
-14.181772 89.063213 -70
-12.618685 89.311500 -70
-11.048236 89.505201 -71
-9.477533 89.698400 -71
-7.901244 89.836759 -71
-6.324702 89.975371 -71
-4.744605 90.058388 -72
-3.164255 90.141404 -72
-1.582127 90.169079 -72
0.000000 90.197001 -72
1.582127 90.169079 -72
3.164255 90.141404 -72
4.744605 90.058388 -72
6.324702 89.975371 -71
7.901244 89.836759 -71
9.477533 89.698400 -71
11.048236 89.505201 -71
12.618685 89.311500 -70
14.181772 89.063213 -70
15.744605 88.814672 -69
17.298045 88.511805 -69
18.851231 88.208683 -68
20.393246 87.851739 -67
21.935009 87.494540 -66
23.463569 87.083523 -66
24.992130 86.672506 -65
26.505205 86.208174 -64
28.018533 85.744096 -63
29.514851 85.226957 -62
31.010917 84.710078 -61
32.488194 84.140900 -60
33.965474 83.571716 -59
35.422189 82.951255 -58
36.878650 82.331049 -56
38.313024 81.659560 -55
39.747144 80.988573 -54
41.156894 80.267326 -52
42.566894 79.546588 -51
43.951002 78.776593 -49
45.334856 78.006345 -48
-46.965981 74.651943 -41
-45.640265 75.489211 -43
-44.314294 76.238640 -44
-42.961412 76.991367 -46
-41.608529 77.744100 -47
-40.230517 78.448847 -49
-38.852247 79.153843 -50
-37.450369 79.809849 -51
-36.048488 80.466110 -53
-34.624778 81.072606 -54
-33.200813 81.679357 -55
-31.756792 82.235593 -56
-30.312770 82.791823 -57
-28.850217 83.297286 -58
-27.387663 83.802742 -59
-25.908606 84.256407 -60
-24.429297 84.710332 -61
-22.935262 85.111959 -62
-21.441229 85.513833 -63
-19.933994 85.863161 -63
-18.427013 86.211980 -64
-16.908607 86.508252 -65
-15.390200 86.804518 -65
-13.862401 87.047475 -66
-12.334602 87.290172 -66
-10.799442 87.479311 -66
-9.264281 87.668444 -67
-7.723280 87.803753 -67
-6.182534 87.939069 -67
-4.637725 88.020307 -68
-3.093171 88.101550 -68
-1.546585 88.128456 -68
0.000000 88.155622 -68
1.546585 88.128456 -68
3.093171 88.101550 -68
4.637725 88.020307 -68
6.182534 87.939069 -67
7.723280 87.803753 -67
9.264281 87.668444 -67
10.799442 87.479311 -66
12.334602 87.290172 -66
13.862401 87.047475 -66
15.390200 86.804518 -65
16.908607 86.508252 -65
18.427013 86.211980 -64
19.933994 85.863161 -63
21.441229 85.513833 -63
22.935262 85.111959 -62
24.429297 84.710332 -61
25.908606 84.256407 -60
27.387663 83.802742 -59
28.850217 83.297286 -58
30.312770 82.791823 -57
31.756792 82.235593 -56
33.200813 81.679357 -55
34.624778 81.072606 -54
36.048488 80.466110 -53
37.450369 79.809849 -51
38.852247 79.153843 -50
40.230517 78.448847 -49
41.608529 77.744100 -47
42.961412 76.991367 -46
44.314294 76.238640 -44
45.640265 75.489211 -43
46.965981 74.651943 -41
-47.107389 72.095458 -36
-45.870779 72.898959 -38
-45.226199 73.294493 -38
-44.575780 73.680122 -39
-43.280781 74.461285 -41
-41.959635 75.196496 -42
-41.301599 75.569178 -43
-40.638233 75.931707 -44
-39.292205 76.620210 -45
-37.946178 77.308960 -46
-37.264025 77.634680 -47
-36.577051 77.949478 -48
-35.207920 78.590503 -49
-33.817214 79.183042 -50
-33.124143 79.484638 -50
-32.426505 79.775580 -51
-31.016247 80.318863 -52
-29.605739 80.862400 -53
-28.893628 81.114746 -54
-28.177457 81.356179 -54
-26.748921 81.849710 -55
-25.304392 82.292968 -56
-24.583650 82.520182 -57
-23.859609 82.736227 -57
-22.400355 83.128711 -58
-20.941102 83.521196 -59
-20.206397 83.697381 -59
-19.469155 83.862150 -59
-17.997207 84.203097 -60
-16.514344 84.492509 -61
-15.773801 84.642805 -61
-15.031227 84.781672 -61
-13.539223 85.019038 -62
-12.046966 85.256156 -62
-11.298045 85.354147 -62
-10.547601 85.440721 -62
-9.048236 85.625795 -63
-7.543285 85.757807 -63
-6.791318 85.829654 -63
-6.038335 85.890073 -63
-4.529576 85.969284 -63
-3.021071 86.048742 -64
-2.265804 86.067529 -64
-1.510536 86.075146 -64
0.000000 86.101295 -64
1.510536 86.075146 -64
2.265804 86.067529 -64
3.021071 86.048742 -64
4.529576 85.969284 -63
6.038335 85.890073 -63
6.791318 85.829654 -63
7.543285 85.757807 -63
9.048236 85.625795 -63
10.547601 85.440721 -62
11.298045 85.354147 -62
12.046966 85.256156 -62
13.539223 85.019038 -62
15.031227 84.781672 -61
15.773801 84.642805 -61
16.514344 84.492509 -61
17.997207 84.203097 -60
19.469155 83.862150 -59
20.206397 83.697381 -59
20.941102 83.521196 -59
22.400355 83.128711 -58
23.859609 82.736227 -57
24.583650 82.520182 -57
25.304392 82.292968 -56
26.748921 81.849710 -55
28.177457 81.356179 -54
28.893628 81.114746 -54
29.605739 80.862400 -53
31.016247 80.318863 -52
32.426505 79.775580 -51
33.124143 79.484638 -50
33.817214 79.183042 -50
35.207920 78.590503 -49
36.577051 77.949478 -48
37.264025 77.634680 -47
37.946178 77.308960 -46
39.292205 76.620210 -45
40.638233 75.931707 -44
41.301599 75.569178 -43
41.959635 75.196496 -42
43.280781 74.461285 -41
44.575780 73.680122 -39
45.226199 73.294493 -38
45.870779 72.898959 -38
47.107389 72.095458 -36
-49.664637 67.850213 -27
-47.856056 69.128712 -30
-46.012187 70.342728 -32
-44.146231 71.532112 -35
-42.247271 72.671237 -37
-40.315563 73.752726 -39
-38.353897 74.778879 -41
-36.374207 75.768978 -43
-34.367098 76.702210 -45
-32.333079 77.575017 -47
-30.275452 78.389439 -48
-28.203603 79.166289 -50
-26.110180 79.883978 -51
-23.996699 80.538459 -53
-21.865449 81.132522 -54
-19.724041 81.687482 -55
-17.567402 82.181515 -56
-15.397309 82.610562 -57
-13.215791 82.977659 -57
-11.028180 83.304897 -58
-8.832191 83.569943 -59
-6.629094 83.769229 -59
-4.421427 83.905561 -59
-2.211729 84.001525 -59
0.000000 84.034523 -60
2.211729 84.001525 -59
4.421427 83.905561 -59
6.629094 83.769229 -59
8.832191 83.569943 -59
11.028180 83.304897 -58
13.215791 82.977659 -57
15.397309 82.610562 -57
17.567402 82.181515 -56
19.724041 81.687482 -55
21.865449 81.132522 -54
23.996699 80.538459 -53
26.110180 79.883978 -51
28.203603 79.166289 -50
30.275452 78.389439 -48
32.333079 77.575017 -47
34.367098 76.702210 -45
36.374207 75.768978 -43
38.353897 74.778879 -41
40.315563 73.752726 -39
42.247271 72.671237 -37
44.146231 71.532112 -35
46.012187 70.342728 -32
47.856056 69.128712 -30
49.664637 67.850213 -27
-49.543539 65.365829 -21
-48.424472 66.143181 -24
-46.661081 67.389946 -27
-44.863164 68.586440 -29
-43.043920 69.749173 -31
-41.192433 70.860115 -33
-39.308708 71.914953 -35
-37.396294 72.915458 -37
-35.465854 73.880932 -39
-33.509014 74.791064 -41
-31.525769 75.642042 -43
-29.519676 76.436407 -44
-27.499364 77.193702 -46
-25.458238 77.893627 -47
-23.397309 78.531858 -49
-21.319625 79.110940 -50
-19.231532 79.652196 -51
-17.128713 80.134044 -52
-15.012693 80.552423 -53
-12.885758 80.910639 -53
-10.752983 81.229751 -54
-8.611576 81.487943 -54
-6.463570 81.682152 -55
-4.310993 81.815180 -55
-2.156385 81.908603 -55
0.000000 81.941100 -55
2.156385 81.908603 -55
4.310993 81.815180 -55
6.463570 81.682152 -55
8.611576 81.487943 -54
10.752983 81.229751 -54
12.885758 80.910639 -53
15.012693 80.552423 -53
17.128713 80.134044 -52
19.231532 79.652196 -51
21.319625 79.110940 -50
23.397309 78.531858 -49
25.458238 77.893627 -47
27.499364 77.193702 -46
29.519676 76.436407 -44
31.525769 75.642042 -43
33.509014 74.791064 -41
35.465854 73.880932 -39
37.396294 72.915458 -37
39.308708 71.914953 -35
41.192433 70.860115 -33
43.043920 69.749173 -31
44.863164 68.586440 -29
46.661081 67.389946 -27
48.424472 66.143181 -24
49.543539 65.365829 -21
-50.511044 61.871792 -16
-48.865955 63.241688 -18
-47.184310 64.435894 -21
-45.466109 65.651435 -23
-43.714141 66.816957 -25
-41.941608 67.950243 -28
-40.137345 69.032748 -30
-38.302106 70.060674 -32
-36.438438 71.035798 -34
-34.557501 71.976387 -36
-32.650672 72.863673 -37
-30.718456 73.692816 -39
-28.763646 74.466870 -41
-26.795125 75.205130 -42
-24.806296 75.887026 -43
-22.798173 76.508757 -45
-20.773547 77.073367 -46
-18.739020 77.600659 -47
-16.690022 78.070067 -48
-14.628333 78.477786 -48
-12.555725 78.826859 -49
-10.477532 79.137852 -50
-8.390962 79.389691 -50
-6.298045 79.578830 -51
-4.200559 79.708301 -51
-2.101295 79.799443 -51
0.000000 79.831177 -51
2.101295 79.799443 -51
4.200559 79.708301 -51
6.298045 79.578830 -51
8.390962 79.389691 -50
10.477532 79.137852 -50
12.555725 78.826859 -49
14.628333 78.477786 -48
16.690022 78.070067 -48
18.739020 77.600659 -47
20.773547 77.073367 -46
22.798173 76.508757 -45
24.806296 75.887026 -43
26.795125 75.205130 -42
28.763646 74.466870 -41
30.718456 73.692816 -39
32.650672 72.863673 -37
34.557501 71.976387 -36
36.438438 71.035798 -34
38.302106 70.060674 -32
40.137345 69.032748 -30
41.941608 67.950243 -28
43.714141 66.816957 -25
45.466109 65.651435 -23
47.184310 64.435894 -21
48.865955 63.241688 -18
50.511044 61.871792 -16
-51.221884 58.386649 -10
-49.161462 60.205382 -12
-47.560295 61.484390 -15
-45.923837 62.716931 -17
-44.251334 63.899975 -20
-42.546332 65.034526 -22
-40.821019 66.137850 -24
-39.064992 67.191417 -26
-37.278752 68.191929 -28
-35.464838 69.141152 -30
-33.634425 70.057122 -32
-31.778370 70.920286 -33
-29.897691 71.727598 -35
-27.995176 72.481087 -37
-26.079208 73.199799 -38
-24.143438 73.863162 -39
-22.189135 74.468649 -40
-20.218583 75.018278 -42
-18.238132 75.531606 -43
-16.244224 75.988574 -43
-14.237370 76.385379 -44
-12.220360 76.724802 -45
-10.197512 77.027669 -46
-8.166794 77.272659 -46
-6.129728 77.456715 -46
-4.088347 77.582889 -47
-2.045189 77.671744 -47
0.000000 77.702461 -47
2.045189 77.671744 -47
4.088347 77.582889 -47
6.129728 77.456715 -46
8.166794 77.272659 -46
10.197512 77.027669 -46
12.220360 76.724802 -45
14.237370 76.385379 -44
16.244224 75.988574 -43
18.238132 75.531606 -43
20.218583 75.018278 -42
22.189135 74.468649 -40
24.143438 73.863162 -39
26.079208 73.199799 -38
27.995176 72.481087 -37
29.897691 71.727598 -35
31.778370 70.920286 -33
33.634425 70.057122 -32
35.464838 69.141152 -30
37.278752 68.191929 -28
39.064992 67.191417 -26
40.821019 66.137850 -24
42.546332 65.034526 -22
44.251334 63.899975 -20
45.923837 62.716931 -17
47.560295 61.484390 -15
49.161462 60.205382 -12
51.221884 58.386649 -10
-50.844123 55.968014 -4
-49.346281 57.283826 -6
-47.811883 58.538972 -9
-46.254887 59.782942 -11
-44.663113 60.981723 -14
-43.036557 62.132518 -16
-41.378269 63.235849 -18
-39.700433 64.309213 -20
-37.992638 65.333841 -22
-36.255394 66.307187 -24
-34.491495 67.230514 -26
-32.711094 68.121352 -28
-30.906068 68.960901 -30
-29.076922 69.746384 -31
-27.226706 70.479054 -33
-25.363290 71.177963 -34
-23.480832 71.823556 -35
-21.580096 72.412289 -36
-19.663366 72.946938 -37
-17.737497 73.446307 -38
-15.798172 73.890583 -39
-13.846661 74.276720 -40
-11.884996 74.607007 -41
-9.917746 74.901495 -41
-7.942625 75.139629 -42
-5.961412 75.318864 -42
-3.976136 75.441480 -42
-1.989083 75.527800 -43
0.000000 75.557755 -43
1.989083 75.527800 -43
3.976136 75.441480 -42
5.961412 75.318864 -42
7.942625 75.139629 -42
9.917746 74.901495 -41
11.884996 74.607007 -41
13.846661 74.276720 -40
15.798172 73.890583 -39
17.737497 73.446307 -38
19.663366 72.946938 -37
21.580096 72.412289 -36
23.480832 71.823556 -35
25.363290 71.177963 -34
27.226706 70.479054 -33
29.076922 69.746384 -31
30.906068 68.960901 -30
32.711094 68.121352 -28
34.491495 67.230514 -26
36.255394 66.307187 -24
37.992638 65.333841 -22
39.700433 64.309213 -20
41.378269 63.235849 -18
43.036557 62.132518 -16
44.663113 60.981723 -14
46.254887 59.782942 -11
47.811883 58.538972 -9
49.346281 57.283826 -6
50.844123 55.968014 -4
-51.183549 52.517642 1
-49.385378 54.348058 -1
-47.930439 55.626050 -3
-46.440214 56.862149 -6
-44.927645 58.070320 -8
-43.381824 59.235340 -10
-41.801979 60.353137 -12
-40.191165 61.425236 -15
-38.561311 62.467634 -17
-36.902767 63.463571 -19
-35.215283 64.408735 -20
-33.501904 65.305659 -22
-31.772532 66.171109 -24
-30.019293 66.986801 -26
-28.242701 67.749680 -27
-26.445543 68.461537 -29
-24.635695 69.140389 -30
-22.807058 69.767451 -31
-20.960904 70.339424 -32
-19.099264 70.858590 -33
-17.228739 71.343742 -34
-15.345011 71.775323 -35
-13.449353 72.150546 -36
-11.544047 72.471437 -36
-9.633156 72.757297 -37
-7.714649 72.988830 -37
-5.790556 73.162983 -38
-3.862148 73.282053 -38
-1.931962 73.365826 -38
0.000000 73.395025 -38
1.931962 73.365826 -38
3.862148 73.282053 -38
5.790556 73.162983 -38
7.714649 72.988830 -37
9.633156 72.757297 -37
11.544047 72.471437 -36
13.449353 72.150546 -36
15.345011 71.775323 -35
17.228739 71.343742 -34
19.099264 70.858590 -33
20.960904 70.339424 -32
22.807058 69.767451 -31
24.635695 69.140389 -30
26.445543 68.461537 -29
28.242701 67.749680 -27
30.019293 66.986801 -26
31.772532 66.171109 -24
33.501904 65.305659 -22
35.215283 64.408735 -20
36.902767 63.463571 -19
38.561311 62.467634 -17
40.191165 61.425236 -15
41.801979 60.353137 -12
43.381824 59.235340 -10
44.927645 58.070320 -8
46.440214 56.862149 -6
47.930439 55.626050 -3
49.385378 54.348058 -1
51.183549 52.517642 1
-50.639250 50.142676 7
-49.301345 51.358721 4
-47.926884 52.727848 2
-46.514851 53.968522 0
-45.068545 55.168319 -2
-43.600661 56.340950 -4
-42.100278 57.471695 -7
-40.567148 58.556487 -9
-39.004062 59.597107 -11
-37.422441 60.609035 -13
-35.812644 61.575526 -15
-34.175172 62.493021 -17
-32.512314 63.363541 -18
-30.833969 64.203604 -20
-29.132776 64.995174 -22
-27.408479 65.735722 -23
-25.664381 66.426505 -24
-23.907844 67.085555 -26
-22.133537 67.694084 -27
-20.341711 68.249304 -28
-18.535161 68.753235 -29
-16.719727 69.223914 -30
-14.891851 69.643056 -31
-13.052044 70.007110 -32
-11.203097 70.318611 -32
-9.348565 70.596091 -33
-7.486926 70.820764 -33
-5.619447 70.989846 -33
-3.747906 71.105359 -34
-1.874841 71.186851 -34
0.000000 71.215027 -34
1.874841 71.186851 -34
3.747906 71.105359 -34
5.619447 70.989846 -33
7.486926 70.820764 -33
9.348565 70.596091 -33
11.203097 70.318611 -32
13.052044 70.007110 -32
14.891851 69.643056 -31
16.719727 69.223914 -30
18.535161 68.753235 -29
20.341711 68.249304 -28
22.133537 67.694084 -27
23.907844 67.085555 -26
25.664381 66.426505 -24
27.408479 65.735722 -23
29.132776 64.995174 -22
30.833969 64.203604 -20
32.512314 63.363541 -18
34.175172 62.493021 -17
35.812644 61.575526 -15
37.422441 60.609035 -13
39.004062 59.597107 -11
40.567148 58.556487 -9
42.100278 57.471695 -7
43.600661 56.340950 -4
45.068545 55.168319 -2
46.514851 53.968522 0
47.926884 52.727848 2
49.301345 51.358721 4
50.639250 50.142676 7
-50.729118 46.764663 13
-49.072861 48.576290 10
-47.776340 49.856816 7
-46.444274 51.100024 5
-45.076163 52.302614 3
-43.674536 53.465347 0
-42.252096 54.601930 -1
-40.798173 55.697891 -3
-39.312516 56.749432 -5
-37.797664 57.758063 -7
-36.265041 58.738765 -9
-34.705002 59.675555 -11
-33.118051 60.564862 -13
-31.506729 61.408730 -14
-29.880426 62.222644 -16
-28.231532 62.989843 -18
-26.560802 63.707538 -19
-24.870526 64.377255 -20
-23.168316 65.015739 -22
-21.448845 65.605737 -23
-19.712617 66.143689 -24
-17.961920 66.632137 -25
-16.202589 67.088350 -26
-14.431074 67.494544 -26
-12.648388 67.847169 -27
-10.856563 68.149020 -28
-9.059406 68.417872 -28
-7.255395 68.635696 -29
-5.445545 68.799442 -29
-3.632140 68.911651 -29
-1.816959 68.990354 -29
0.000000 69.017774 -30
1.816959 68.990354 -29
3.632140 68.911651 -29
5.445545 68.799442 -29
7.255395 68.635696 -29
9.059406 68.417872 -28
10.856563 68.149020 -28
12.648388 67.847169 -27
14.431074 67.494544 -26
16.202589 67.088350 -26
17.961920 66.632137 -25
19.712617 66.143689 -24
21.448845 65.605737 -23
23.168316 65.015739 -22
24.870526 64.377255 -20
26.560802 63.707538 -19
28.231532 62.989843 -18
29.880426 62.222644 -16
31.506729 61.408730 -14
33.118051 60.564862 -13
34.705002 59.675555 -11
36.265041 58.738765 -9
37.797664 57.758063 -7
39.312516 56.749432 -5
40.798173 55.697891 -3
42.252096 54.601930 -1
43.674536 53.465347 0
45.076163 52.302614 3
46.444274 51.100024 5
47.776340 49.856816 7
49.072861 48.576290 10
50.729118 46.764663 13
-49.935262 44.467630 18
-48.739019 45.657526 16
-48.335871 46.175425 15
-47.506474 47.009900 13
-46.677329 47.844376 11
-46.251586 48.250062 11
-44.961921 49.453668 8
-43.637217 50.617922 6
-43.191926 51.001522 5
-42.280529 51.743842 4
-41.369130 52.485908 2
-40.903527 52.844378 1
-39.496065 53.905562 0
-38.057628 54.923837 -2
-37.574764 55.258184 -2
-36.591266 55.900480 -4
-35.607768 56.542522 -5
-35.107388 56.849964 -5
-33.597360 57.756792 -7
-32.060929 58.617922 -9
-31.546077 58.899722 -9
-30.501141 59.434879 -11
-29.456208 59.969788 -12
-28.926632 60.223152 -12
-27.330542 60.965980 -14
-25.713126 61.660829 -15
-25.171617 61.887027 -15
-24.076669 62.309218 -16
-22.981975 62.731404 -17
-22.429042 62.927392 -17
-20.764154 63.498603 -19
-19.083270 64.019548 -20
-18.521452 64.187359 -20
-17.388677 64.492514 -21
-16.255903 64.797159 -21
-15.685453 64.934248 -21
-13.970551 65.327494 -22
-12.244732 65.668950 -23
-11.668190 65.776846 -23
-10.510028 65.961157 -23
-9.351612 66.145468 -24
-8.770246 66.221629 -24
-7.023864 66.432598 -24
-5.271897 66.591013 -25
-4.687230 66.637982 -25
-3.516121 66.699671 -25
-2.345011 66.761106 -25
-1.758822 66.775833 -25
0.000000 66.802236 -25
1.758822 66.775833 -25
2.345011 66.761106 -25
3.516121 66.699671 -25
4.687230 66.637982 -25
5.271897 66.591013 -25
7.023864 66.432598 -24
8.770246 66.221629 -24
9.351612 66.145468 -24
10.510028 65.961157 -23
11.668190 65.776846 -23
12.244732 65.668950 -23
13.970551 65.327494 -22
15.685453 64.934248 -21
16.255903 64.797159 -21
17.388677 64.492514 -21
18.521452 64.187359 -20
19.083270 64.019548 -20
20.764154 63.498603 -19
22.429042 62.927392 -17
22.981975 62.731404 -17
24.076669 62.309218 -16
25.171617 61.887027 -15
25.713126 61.660829 -15
27.330542 60.965980 -14
28.926632 60.223152 -12
29.456208 59.969788 -12
30.501141 59.434879 -11
31.546077 58.899722 -9
32.060929 58.617922 -9
33.597360 57.756792 -7
35.107388 56.849964 -5
35.607768 56.542522 -5
36.591266 55.900480 -4
37.574764 55.258184 -2
38.057628 54.923837 -2
39.496065 53.905562 0
40.903527 52.844378 1
41.369130 52.485908 2
42.280529 51.743842 4
43.191926 51.001522 5
43.637217 50.617922 6
44.961921 49.453668 8
46.251586 48.250062 11
46.677329 47.844376 11
47.506474 47.009900 13
48.335871 46.175425 15
48.739019 45.657526 16
49.935262 44.467630 18
-49.675551 41.290681 25
-48.268851 42.967250 21
-46.694086 44.614369 18
-45.119574 46.250319 15
-43.434883 47.781924 12
-41.750446 49.302870 9
-39.964203 50.712111 6
-38.177963 52.110431 3
-36.298554 53.390710 0
-34.419397 54.659813 -1
-32.456206 55.804770 -3
-30.493273 56.938565 -5
-28.455699 57.942876 -8
-26.418380 58.936024 -9
-24.316578 59.794874 -11
-22.215029 60.642802 -13
-20.059152 61.351863 -14
-17.903276 62.050264 -16
-15.703732 62.606501 -17
-13.504189 63.152325 -18
-11.271896 63.552935 -19
-9.039604 63.943386 -19
-6.785224 64.186343 -20
-4.530845 64.419141 -20
-2.265296 64.503936 -21
0.000000 64.578065 -21
2.265296 64.503936 -21
4.530845 64.419141 -20
6.785224 64.186343 -20
9.039604 63.943386 -19
11.271896 63.552935 -19
13.504189 63.152325 -18
15.703732 62.606501 -17
17.903276 62.050264 -16
20.059152 61.351863 -14
22.215029 60.642802 -13
24.316578 59.794874 -11
26.418380 58.936024 -9
28.455699 57.942876 -8
30.493273 56.938565 -5
32.456206 55.804770 -3
34.419397 54.659813 -1
36.298554 53.390710 0
38.177963 52.110431 3
39.964203 50.712111 6
41.750446 49.302870 9
43.434883 47.781924 12
45.119574 46.250319 15
46.694086 44.614369 18
48.268851 42.967250 21
49.675551 41.290681 25
-48.009138 39.790047 27
-46.602438 41.466616 24
-45.082001 43.052042 21
-43.561818 44.636964 18
-41.935262 46.111194 15
-40.308962 47.584920 12
-38.584411 48.940849 9
-36.859864 50.296269 7
-35.045442 51.527292 4
-33.231022 52.758058 2
-31.335620 53.858339 0
-29.440468 54.958621 -2
-27.473472 55.923078 -4
-25.506220 56.887536 -5
-23.477025 57.711602 -7
-21.448084 58.535668 -9
-19.366590 59.215029 -10
-17.285097 59.894643 -11
-15.161715 60.426757 -12
-13.038081 60.958871 -13
-10.882712 61.340695 -14
-8.727596 61.722518 -15
-6.550901 61.952273 -15
-4.374460 62.182282 -16
-2.187103 62.258698 -16
0.000000 62.335616 -16
2.187103 62.258698 -16
4.374460 62.182282 -16
6.550901 61.952273 -15
8.727596 61.722518 -15
10.882712 61.340695 -14
13.038081 60.958871 -13
15.161715 60.426757 -12
17.285097 59.894643 -11
19.366590 59.215029 -10
21.448084 58.535668 -9
23.477025 57.711602 -7
25.506220 56.887536 -5
27.473472 55.923078 -4
29.440468 54.958621 -2
31.335620 53.858339 0
33.231022 52.758058 2
35.045442 51.527292 4
36.859864 50.296269 7
38.584411 48.940849 9
40.308962 47.584920 12
41.935262 46.111194 15
43.561818 44.636964 18
45.082001 43.052042 21
46.602438 41.466616 24
48.009138 39.790047 27
-47.614116 36.703986 34
-46.258695 38.332065 30
-44.903021 39.959889 27
-43.438183 41.487940 24
-41.973342 43.015486 21
-40.406448 44.436150 18
-38.839299 45.856564 16
-37.177457 47.163240 13
-35.515866 48.469407 10
-33.767707 49.655749 8
-32.019294 50.841839 6
-30.193198 51.902261 3
-28.366844 52.962426 1
-26.471693 53.892106 0
-24.576288 54.821272 -1
-22.621223 55.615383 -3
-20.665906 56.409240 -4
-18.660321 57.064230 -6
-16.654988 57.719220 -7
-14.608784 58.231785 -8
-12.562579 58.744604 -9
-10.485910 59.112209 -10
-8.409241 59.480069 -10
-6.312008 59.701698 -11
-4.215029 59.923328 -11
-2.107388 59.997208 -12
0.000000 60.071083 -12
2.107388 59.997208 -12
4.215029 59.923328 -11
6.312008 59.701698 -11
8.409241 59.480069 -10
10.485910 59.112209 -10
12.562579 58.744604 -9
14.608784 58.231785 -8
16.654988 57.719220 -7
18.660321 57.064230 -6
20.665906 56.409240 -4
22.621223 55.615383 -3
24.576288 54.821272 -1
26.471693 53.892106 0
28.366844 52.962426 1
30.193198 51.902261 3
32.019294 50.841839 6
33.767707 49.655749 8
35.515866 48.469407 10
37.177457 47.163240 13
38.839299 45.856564 16
40.406448 44.436150 18
41.973342 43.015486 21
43.438183 41.487940 24
44.903021 39.959889 27
46.258695 38.332065 30
47.614116 36.703986 34
-47.004824 33.664383 40
-45.812136 35.296013 36
-44.507998 36.863164 33
-43.203860 38.429805 30
-41.794365 39.900481 27
-40.385124 41.370652 24
-38.877380 42.738003 22
-37.369383 44.104850 19
-35.770754 45.362527 16
-34.171872 46.619446 14
-32.489719 47.761359 12
-30.807820 48.902768 10
-29.050522 49.923330 7
-27.293475 50.943642 5
-25.469916 51.838031 4
-23.646357 52.732416 2
-21.765169 53.496572 0
-19.883980 54.260728 0
-17.954302 54.890833 -1
-16.024626 55.521198 -3
-14.055851 56.014468 -4
-12.087332 56.507745 -5
-10.089109 56.861895 -5
-8.091140 57.215790 -6
-6.073115 57.429040 -6
-4.055344 57.642042 -7
-2.027672 57.713381 -7
0.000000 57.784460 -7
2.027672 57.713381 -7
4.055344 57.642042 -7
6.073115 57.429040 -6
8.091140 57.215790 -6
10.089109 56.861895 -5
12.087332 56.507745 -5
14.055851 56.014468 -4
16.024626 55.521198 -3
17.954302 54.890833 -1
19.883980 54.260728 0
21.765169 53.496572 0
23.646357 52.732416 2
25.469916 51.838031 4
27.293475 50.943642 5
29.050522 49.923330 7
30.807820 48.902768 10
32.489719 47.761359 12
34.171872 46.619446 14
35.770754 45.362527 16
37.369383 44.104850 19
38.877380 42.738003 22
40.385124 41.370652 24
41.794365 39.900481 27
43.203860 38.429805 30
44.507998 36.863164 33
45.812136 35.296013 36
47.004824 33.664383 40
-45.128205 32.300837 42
-43.983244 33.890834 39
-42.731151 35.396040 36
-41.478801 36.900483 33
-40.125668 38.312770 30
-38.772531 39.725058 28
-37.324955 41.037826 25
-35.877379 42.350598 23
-34.342473 43.558010 20
-32.807566 44.765170 18
-31.192436 45.861640 16
-29.577559 46.957604 13
-27.890581 47.937548 11
-26.203860 48.917237 10
-24.452907 49.776087 8
-22.702208 50.634679 6
-20.896166 51.368622 5
-19.089871 52.102058 3
-17.237369 52.707283 2
-15.384870 53.312261 1
-13.494796 53.785729 0
-11.604722 54.259457 0
-9.686215 54.599643 -1
-7.767962 54.939326 -1
-5.830668 55.143948 -2
-3.893374 55.348564 -2
-1.946687 55.416860 -2
0.000000 55.485404 -2
1.946687 55.416860 -2
3.893374 55.348564 -2
5.830668 55.143948 -2
7.767962 54.939326 -1
9.686215 54.599643 -1
11.604722 54.259457 0
13.494796 53.785729 0
15.384870 53.312261 1
17.237369 52.707283 2
19.089871 52.102058 3
20.896166 51.368622 5
22.702208 50.634679 6
24.452907 49.776087 8
26.203860 48.917237 10
27.890581 47.937548 11
29.577559 46.957604 13
31.192436 45.861640 16
32.807566 44.765170 18
34.342473 43.558010 20
35.877379 42.350598 23
37.324955 41.037826 25
38.772531 39.725058 28
40.125668 38.312770 30
41.478801 36.900483 33
42.731151 35.396040 36
43.983244 33.890834 39
45.128205 32.300837 42
-44.348820 29.412289 48
-43.251334 30.937294 45
-42.154099 32.461793 42
-40.954051 33.905053 39
-39.753999 35.347295 36
-38.456967 36.701448 34
-37.160193 38.055344 31
-35.772784 39.313784 29
-34.385376 40.572481 26
-32.914191 41.729880 24
-31.443007 42.887280 22
-29.895404 43.938309 19
-28.347550 44.989083 17
-26.730898 45.928408 15
-25.113988 46.867733 14
-23.436152 47.691040 12
-21.758060 48.514343 10
-20.027164 49.217569 9
-18.296014 49.920792 8
-16.520436 50.501142 6
-14.745113 51.080984 5
-12.933486 51.534906 4
-11.122112 51.989083 4
-9.283574 52.315053 3
-7.445037 52.640772 2
-5.588220 52.837014 2
-3.731658 53.033003 1
-1.865702 53.098503 1
0.000000 53.164252 1
1.865702 53.098503 1
3.731658 53.033003 1
5.588220 52.837014 2
7.445037 52.640772 2
9.283574 52.315053 3
11.122112 51.989083 4
12.933486 51.534906 4
14.745113 51.080984 5
16.520436 50.501142 6
18.296014 49.920792 8
20.027164 49.217569 9
21.758060 48.514343 10
23.436152 47.691040 12
25.113988 46.867733 14
26.730898 45.928408 15
28.347550 44.989083 17
29.895404 43.938309 19
31.443007 42.887280 22
32.914191 41.729880 24
34.385376 40.572481 26
35.772784 39.313784 29
37.160193 38.055344 31
38.456967 36.701448 34
39.753999 35.347295 36
40.954051 33.905053 39
42.154099 32.461793 42
43.251334 30.937294 45
44.348820 29.412289 48
-43.298554 26.677836 54
-42.396293 28.121603 51
-41.347297 29.580602 48
-40.298298 31.038588 45
-39.151054 32.418633 42
-38.003807 33.798171 39
-36.764154 35.092915 37
-35.524246 36.387409 34
-34.198021 37.591012 32
-32.871794 38.794364 30
-31.465348 39.900989 27
-30.058899 41.007617 25
-28.579335 42.012440 23
-27.099771 43.017011 21
-25.553948 43.915206 19
-24.008378 44.813152 18
-22.404418 45.600154 16
-20.800203 46.387156 15
-19.145469 47.059661 13
-17.490734 47.731913 12
-15.793348 48.286621 11
-14.095963 48.841076 10
-12.364052 49.275196 9
-10.632394 49.709318 8
-8.874841 50.020562 7
-7.117289 50.332063 7
-5.342219 50.519674 6
-3.567403 50.707286 6
-1.783702 50.769737 6
0.000000 50.832446 6
1.783702 50.769737 6
3.567403 50.707286 6
5.342219 50.519674 6
7.117289 50.332063 7
8.874841 50.020562 7
10.632394 49.709318 8
12.364052 49.275196 9
14.095963 48.841076 10
15.793348 48.286621 11
17.490734 47.731913 12
19.145469 47.059661 13
20.800203 46.387156 15
22.404418 45.600154 16
24.008378 44.813152 18
25.553948 43.915206 19
27.099771 43.017011 21
28.579335 42.012440 23
30.058899 41.007617 25
31.465348 39.900989 27
32.871794 38.794364 30
34.198021 37.591012 32
35.524246 36.387409 34
36.764154 35.092915 37
38.003807 33.798171 39
39.151054 32.418633 42
40.298298 31.038588 45
41.347297 29.580602 48
42.396293 28.121603 51
43.298554 26.677836 54
-41.346281 25.361005 56
-40.444020 26.804772 53
-39.443261 28.197260 51
-38.442498 29.588728 48
-37.348312 30.905814 45
-36.253873 32.222391 43
-35.071083 33.457985 40
-33.888550 34.693322 38
-32.623255 35.842091 35
-31.357957 36.990354 33
-30.016247 38.046459 31
-28.674791 39.102564 29
-27.263265 40.061437 27
-25.851739 41.019802 25
-24.377252 41.876873 24
-22.902768 42.733689 22
-21.372683 43.484640 20
-19.842346 44.235845 19
-18.263772 44.877379 18
-16.685199 45.519167 16
-15.066007 46.048235 15
-13.446813 46.577305 14
-11.794872 46.991622 13
-10.142930 47.405688 13
-8.466108 47.702971 12
-6.789541 47.999999 12
-5.096217 48.178980 11
-3.403148 48.357958 11
-1.701447 48.417620 11
0.000000 48.477533 11
1.701447 48.417620 11
3.403148 48.357958 11
5.096217 48.178980 11
6.789541 47.999999 12
8.466108 47.702971 12
10.142930 47.405688 13
11.794872 46.991622 13
13.446813 46.577305 14
15.066007 46.048235 15
16.685199 45.519167 16
18.263772 44.877379 18
19.842346 44.235845 19
21.372683 43.484640 20
22.902768 42.733689 22
24.377252 41.876873 24
25.851739 41.019802 25
27.263265 40.061437 27
28.674791 39.102564 29
30.016247 38.046459 31
31.357957 36.990354 33
32.623255 35.842091 35
33.888550 34.693322 38
35.071083 33.457985 40
36.253873 32.222391 43
37.348312 30.905814 45
38.442498 29.588728 48
39.443261 28.197260 51
40.444020 26.804772 53
41.346281 25.361005 56
-40.180756 22.718965 61
-39.322672 24.109420 59
-38.464585 25.499112 56
-37.512821 26.824066 53
-36.561056 28.148261 51
-35.520437 29.401371 48
-34.479564 30.653718 46
-33.354658 31.829399 43
-32.230009 33.004317 41
-31.026657 34.096978 39
-29.823305 35.189388 37
-28.547347 36.193956 35
-27.271388 37.198273 33
-25.928917 38.110435 31
-24.586444 39.022086 29
-23.184310 39.837267 28
-21.781924 40.652197 26
-20.326732 41.366338 25
-18.871288 42.080733 23
-17.369891 42.690784 22
-15.868749 43.301092 21
-14.328763 43.804264 20
-12.788779 44.307439 19
-11.217568 44.701448 18
-9.646357 45.095203 17
-8.051790 45.378016 17
-6.457223 45.660572 16
-4.846915 45.830922 16
-3.236354 46.001015 16
-1.618177 46.057882 15
0.000000 46.114749 15
1.618177 46.057882 15
3.236354 46.001015 16
4.846915 45.830922 16
6.457223 45.660572 16
8.051790 45.378016 17
9.646357 45.095203 17
11.217568 44.701448 18
12.788779 44.307439 19
14.328763 43.804264 20
15.868749 43.301092 21
17.369891 42.690784 22
18.871288 42.080733 23
20.326732 41.366338 25
21.781924 40.652197 26
23.184310 39.837267 28
24.586444 39.022086 29
25.928917 38.110435 31
27.271388 37.198273 33
28.547347 36.193956 35
29.823305 35.189388 37
31.026657 34.096978 39
32.230009 33.004317 41
33.354658 31.829399 43
34.479564 30.653718 46
35.520437 29.401371 48
36.561056 28.148261 51
37.512821 26.824066 53
38.464585 25.499112 56
39.322672 24.109420 59
40.180756 22.718965 61
-38.834223 20.182788 66
-38.113227 21.525260 64
-37.299314 22.845138 61
-36.485403 24.164003 59
-35.582635 25.421426 56
-34.679869 26.678090 54
-33.692562 27.867481 51
-32.705255 29.056106 49
-31.638233 30.171616 47
-30.571464 31.286875 45
-29.430058 32.323686 43
-28.288653 33.360496 41
-27.078192 34.313531 39
-25.867987 35.266566 37
-24.594568 36.132013 35
-23.321401 36.997206 33
-21.991114 37.770755 32
-20.661082 38.543793 30
-19.280529 39.221628 29
-17.900229 39.899467 28
-16.476009 40.478547 26
-15.052044 41.057375 25
-13.591266 41.534906 24
-12.130490 42.012440 23
-10.640264 42.386138 23
-9.150038 42.759839 22
-7.637471 43.028180 21
-6.124905 43.296270 21
-4.597360 43.457986 21
-3.069815 43.619194 20
-1.534907 43.673014 20
0.000000 43.727089 20
1.534907 43.673014 20
3.069815 43.619194 20
4.597360 43.457986 21
6.124905 43.296270 21
7.637471 43.028180 21
9.150038 42.759839 22
10.640264 42.386138 23
12.130490 42.012440 23
13.591266 41.534906 24
15.052044 41.057375 25
16.476009 40.478547 26
17.900229 39.899467 28
19.280529 39.221628 29
20.661082 38.543793 30
21.991114 37.770755 32
23.321401 36.997206 33
24.594568 36.132013 35
25.867987 35.266566 37
27.078192 34.313531 39
28.288653 33.360496 41
29.430058 32.323686 43
30.571464 31.286875 45
31.638233 30.171616 47
32.705255 29.056106 49
33.692562 27.867481 51
34.679869 26.678090 54
35.582635 25.421426 56
36.485403 24.164003 59
37.299314 22.845138 61
38.113227 21.525260 64
38.834223 20.182788 66
-36.700178 19.048237 69
-36.018787 20.349075 66
-35.249555 21.597613 64
-34.480326 22.844630 61
-33.627061 24.033767 59
-32.774054 25.221629 57
-31.841076 26.346027 54
-30.908098 27.469663 52
-29.899721 28.524246 50
-28.891344 29.578319 48
-27.812644 30.558008 46
-26.733944 31.537955 44
-25.590251 32.438690 42
-24.446560 33.339426 41
-23.243209 34.157399 39
-22.039858 34.974868 37
-20.782686 35.705762 36
-19.525768 36.436659 35
-18.221122 37.077176 33
-16.916477 37.717694 32
-15.570704 38.264788 31
-14.224930 38.811882 30
-12.844377 39.263264 29
-11.464077 39.714394 28
-10.055598 40.067530 27
-8.647118 40.420666 27
-7.217822 40.674284 26
-5.788271 40.927647 26
-4.344758 41.080224 25
-2.901244 41.232801 25
-1.450622 41.283829 25
0.000000 41.334604 25
1.450622 41.283829 25
2.901244 41.232801 25
4.344758 41.080224 25
5.788271 40.927647 26
7.217822 40.674284 26
8.647118 40.420666 27
10.055598 40.067530 27
11.464077 39.714394 28
12.844377 39.263264 29
14.224930 38.811882 30
15.570704 38.264788 31
16.916477 37.717694 32
18.221122 37.077176 33
19.525768 36.436659 35
20.782686 35.705762 36
22.039858 34.974868 37
23.243209 34.157399 39
24.446560 33.339426 41
25.590251 32.438690 42
26.733944 31.537955 44
27.812644 30.558008 46
28.891344 29.578319 48
29.899721 28.524246 50
30.908098 27.469663 52
31.841076 26.346027 54
32.774054 25.221629 57
33.627061 24.033767 59
34.480326 22.844630 61
35.249555 21.597613 64
36.018787 20.349075 66
36.700178 19.048237 69
-35.207920 16.686215 73
-34.566135 17.913429 71
-33.924347 19.139884 69
-33.199797 20.316832 66
-32.475246 21.492259 64
-31.671745 22.613099 62
-30.868241 23.732926 60
-29.989592 24.792589 57
-29.110689 25.851486 55
-28.160955 26.845140 53
-27.211475 27.838539 52
-26.195480 28.761870 50
-25.179487 29.685201 48
-24.102311 30.534145 46
-23.024880 31.382839 45
-21.891597 32.153847 43
-20.758314 32.924093 41
-19.574258 33.612592 40
-18.390201 34.301346 39
-17.161462 34.904799 38
-15.932725 35.508252 36
-14.665397 36.023863 35
-13.397816 36.539478 34
-12.097486 36.964459 33
-10.797410 37.389694 33
-9.470932 37.722265 32
-8.144453 38.055090 31
-6.798172 38.293984 31
-5.451638 38.532624 30
-4.092155 38.676567 30
-2.732419 38.820259 30
-1.366337 38.868241 30
0.000000 38.916223 30
1.366337 38.868241 30
2.732419 38.820259 30
4.092155 38.676567 30
5.451638 38.532624 30
6.798172 38.293984 31
8.144453 38.055090 31
9.470932 37.722265 32
10.797410 37.389694 33
12.097486 36.964459 33
13.397816 36.539478 34
14.665397 36.023863 35
15.932725 35.508252 36
17.161462 34.904799 38
18.390201 34.301346 39
19.574258 33.612592 40
20.758314 32.924093 41
21.891597 32.153847 43
23.024880 31.382839 45
24.102311 30.534145 46
25.179487 29.685201 48
26.195480 28.761870 50
27.211475 27.838539 52
28.160955 26.845140 53
29.110689 25.851486 55
29.989592 24.792589 57
30.868241 23.732926 60
31.671745 22.613099 62
32.475246 21.492259 64
33.199797 20.316832 66
33.924347 19.139884 69
34.566135 17.913429 71
35.207920 16.686215 73
-33.008122 15.650926 76
-32.406448 16.802996 73
-31.804774 17.953797 71
-31.125413 19.057630 69
-30.446307 20.160447 67
-29.693069 21.211475 65
-28.939580 22.261742 63
-28.115765 23.255396 61
-27.291953 24.248287 59
-26.401624 25.180248 57
-25.511298 26.111450 55
-24.558771 26.977152 53
-23.606245 27.842853 52
-22.596344 28.638743 50
-21.586443 29.434375 48
-20.523737 30.156639 47
-19.461285 30.878902 46
-18.351358 31.524753 44
-17.241432 32.170092 43
-16.089363 32.735719 42
-14.937294 33.301345 41
-13.748921 33.784718 40
-12.560549 34.267833 39
-11.341711 34.666667 38
-10.122874 35.064990 37
-8.879157 35.376999 37
-7.635441 35.688754 36
-6.373445 35.912668 36
-5.111196 36.136584 35
-3.836507 36.271388 35
-2.561818 36.406195 35
-1.280782 36.451128 35
0.000000 36.496318 35
1.280782 36.451128 35
2.561818 36.406195 35
3.836507 36.271388 35
5.111196 36.136584 35
6.373445 35.912668 36
7.635441 35.688754 36
8.879157 35.376999 37
10.122874 35.064990 37
11.341711 34.666667 38
12.560549 34.267833 39
13.748921 33.784718 40
14.937294 33.301345 41
16.089363 32.735719 42
17.241432 32.170092 43
18.351358 31.524753 44
19.461285 30.878902 46
20.523737 30.156639 47
21.586443 29.434375 48
22.596344 28.638743 50
23.606245 27.842853 52
24.558771 26.977152 53
25.511298 26.111450 55
26.401624 25.180248 57
27.291953 24.248287 59
28.115765 23.255396 61
28.939580 22.261742 63
29.693069 21.211475 65
30.446307 20.160447 67
31.125413 19.057630 69
31.804774 17.953797 71
32.406448 16.802996 73
33.008122 15.650926 76
-31.294998 13.502411 80
-30.808328 14.577811 78
-30.246764 15.654735 76
-29.685201 16.730135 73
-29.051281 17.761615 71
-28.417364 18.792078 69
-27.714142 19.773801 67
-27.011170 20.755015 66
-26.242195 21.683168 64
-25.473217 22.610561 62
-24.642042 23.481088 60
-23.811119 24.350852 59
-22.922062 25.159686 57
-22.033258 25.968012 55
-21.090378 26.711349 54
-20.147753 27.454431 52
-19.156131 28.128967 51
-18.164255 28.803505 50
-17.128205 29.406447 49
-16.092409 30.009138 47
-15.017010 30.537192 46
-13.941863 31.065500 45
-12.832699 31.516881 44
-11.723534 31.968011 43
-10.585936 32.340442 43
-9.448083 32.712365 42
-8.287383 33.003809 41
-7.126682 33.294998 41
-5.948718 33.503934 40
-4.770500 33.712870 40
-3.580858 33.838792 40
-2.390962 33.964712 40
-1.195481 34.006601 39
0.000000 34.048742 39
1.195481 34.006601 39
2.390962 33.964712 40
3.580858 33.838792 40
4.770500 33.712870 40
5.948718 33.503934 40
7.126682 33.294998 41
8.287383 33.003809 41
9.448083 32.712365 42
10.585936 32.340442 43
11.723534 31.968011 43
12.832699 31.516881 44
13.941863 31.065500 45
15.017010 30.537192 46
16.092409 30.009138 47
17.128205 29.406447 49
18.164255 28.803505 50
19.156131 28.128967 51
20.147753 27.454431 52
21.090378 26.711349 54
22.033258 25.968012 55
22.922062 25.159686 57
23.811119 24.350852 59
24.642042 23.481088 60
25.473217 22.610561 62
26.242195 21.683168 64
27.011170 20.755015 66
27.714142 19.773801 67
28.417364 18.792078 69
29.051281 17.761615 71
29.685201 16.730135 73
30.246764 15.654735 76
30.808328 14.577811 78
31.294998 13.502411 80
-29.512567 11.468138 84
-29.060928 12.507744 82
-28.609039 13.545063 80
-28.087586 14.546331 78
-27.565878 15.545569 76
-26.977406 16.503934 74
-26.388676 17.461286 72
-25.735719 18.373445 70
-25.082762 19.284590 69
-24.368622 20.146740 67
-23.654735 21.007870 65
-22.882965 21.815945 64
-22.111196 22.623763 62
-21.285860 23.374714 60
-20.460269 24.125414 59
-19.584920 24.815689 58
-18.709570 25.505459 56
-17.788525 26.131761 55
-16.867478 26.758060 54
-15.905560 27.317848 53
-14.943387 27.877379 52
-13.945163 28.367861 51
-12.946687 28.858339 50
-11.916730 29.277481 49
-10.886773 29.696369 48
-9.830160 30.041888 47
-8.773546 30.387407 47
-7.695862 30.658035 46
-6.617923 30.928155 46
-5.523991 31.122367 45
-4.430058 31.316325 45
-3.325209 31.433105 45
-2.220360 31.550140 44
-1.110180 31.588983 44
0.000000 31.628077 44
1.110180 31.588983 44
2.220360 31.550140 44
3.325209 31.433105 45
4.430058 31.316325 45
5.523991 31.122367 45
6.617923 30.928155 46
7.695862 30.658035 46
8.773546 30.387407 47
9.830160 30.041888 47
10.886773 29.696369 48
11.916730 29.277481 49
12.946687 28.858339 50
13.945163 28.367861 51
14.943387 27.877379 52
15.905560 27.317848 53
16.867478 26.758060 54
17.788525 26.131761 55
18.709570 25.505459 56
19.584920 24.815689 58
20.460269 24.125414 59
21.285860 23.374714 60
22.111196 22.623763 62
22.882965 21.815945 64
23.654735 21.007870 65
24.368622 20.146740 67
25.082762 19.284590 69
25.735719 18.373445 70
26.388676 17.461286 72
26.977406 16.503934 74
27.565878 15.545569 76
28.087586 14.546331 78
28.609039 13.545063 80
29.060928 12.507744 82
29.512567 11.468138 84
-27.243717 10.551408 86
-26.409495 12.472709 82
-25.446813 14.322164 78
-24.359989 16.092918 75
-23.154354 17.778117 72
-21.835999 19.370653 69
-20.411272 20.863673 66
-18.887280 22.250824 63
-17.271135 23.525769 60
-15.570704 24.682915 58
-13.794618 25.716933 56
-11.951257 26.623002 54
-10.049758 27.397056 53
-8.099264 28.035036 52
-6.109165 28.534653 51
-4.089363 28.893374 50
-2.049759 29.108910 49
0.000000 29.181009 49
2.049759 29.108910 49
4.089363 28.893374 50
6.109165 28.534653 51
8.099264 28.035036 52
10.049758 27.397056 53
11.951257 26.623002 54
13.794618 25.716933 56
15.570704 24.682915 58
17.271135 23.525769 60
18.887280 22.250824 63
20.411272 20.863673 66
21.835999 19.370653 69
23.154354 17.778117 72
24.359989 16.092918 75
25.446813 14.322164 78
26.409495 12.472709 82
27.243717 10.551408 86
-24.923839 9.669204 88
-24.160701 11.429044 84
-23.223153 13.095963 81
-22.285606 14.741814 78
-21.130997 16.249049 75
-19.976644 17.739528 72
-18.627824 19.063469 69
-17.279005 20.373699 67
-15.761868 21.491497 64
-14.244986 22.597613 62
-12.589236 23.489973 60
-10.933486 24.371668 59
-9.171617 25.022341 57
-7.409494 25.663112 56
-5.575273 26.060168 55
-3.741051 26.447830 55
-1.870526 26.583905 54
0.000000 26.710841 54
1.870526 26.583905 54
3.741051 26.447830 55
5.575273 26.060168 55
7.409494 25.663112 56
9.171617 25.022341 57
10.933486 24.371668 59
12.589236 23.489973 60
14.244986 22.597613 62
15.761868 21.491497 64
17.279005 20.373699 67
18.627824 19.063469 69
19.976644 17.739528 72
21.130997 16.249049 75
22.285606 14.741814 78
23.223153 13.095963 81
24.160701 11.429044 84
24.923839 9.669204 88
-22.603960 8.731659 89
-21.911906 10.332063 86
-21.061437 11.840314 83
-20.211221 13.342474 80
-19.164255 14.705509 78
-18.117289 16.065246 75
-16.893882 17.261997 73
-15.670729 18.456715 70
-14.294745 19.466617 68
-12.919015 20.475756 67
-11.417365 21.280782 65
-9.915968 22.085808 63
-8.317848 22.671999 62
-6.719726 23.257679 61
-5.056359 23.613862 60
-3.392993 23.970045 60
-1.696370 24.089363 59
0.000000 24.208684 59
1.696370 24.089363 59
3.392993 23.970045 60
5.056359 23.613862 60
6.719726 23.257679 61
8.317848 22.671999 62
9.915968 22.085808 63
11.417365 21.280782 65
12.919015 20.475756 67
14.294745 19.466617 68
15.670729 18.456715 70
16.893882 17.261997 73
18.117289 16.065246 75
19.164255 14.705509 78
20.211221 13.342474 80
21.061437 11.840314 83
21.911906 10.332063 86
22.603960 8.731659 89
-20.265296 7.846409 91
-19.644834 9.282305 88
-18.882458 10.634425 86
-18.120081 11.980706 83
-17.181519 13.202082 81
-16.242701 14.420412 78
-15.145976 15.492511 76
-14.049252 16.563088 74
-12.815689 17.468141 72
-11.582382 18.372177 71
-10.236101 19.093678 69
-8.890073 19.814928 68
-7.457222 20.340190 67
-6.024625 20.865194 66
-4.533130 21.184058 65
-3.041889 21.503174 65
-1.520944 21.610307 64
0.000000 21.717189 64
1.520944 21.610307 64
3.041889 21.503174 65
4.533130 21.184058 65
6.024625 20.865194 66
7.457222 20.340190 67
8.890073 19.814928 68
10.236101 19.093678 69
11.582382 18.372177 71
12.815689 17.468141 72
14.049252 16.563088 74
15.145976 15.492511 76
16.242701 14.420412 78
17.181519 13.202082 81
18.120081 11.980706 83
18.882458 10.634425 86
19.644834 9.282305 88
20.265296 7.846409 91
-17.926631 6.901496 93
-17.377761 8.176442 91
-16.703224 9.376239 88
-16.028941 10.570194 86
-15.198527 11.652957 84
-14.368367 12.732673 82
-13.398071 13.682409 80
-12.428028 14.630872 78
-11.336887 15.432343 76
-10.245747 16.233055 75
-9.054837 16.872048 74
-7.863925 17.510535 72
-6.596598 17.975630 71
-5.329271 18.440467 71
-4.010155 18.723026 70
-2.690784 19.005331 70
-1.345519 19.100279 69
0.000000 19.194721 69
1.345519 19.100279 69
2.690784 19.005331 70
4.010155 18.723026 70
5.329271 18.440467 71
6.596598 17.975630 71
7.863925 17.510535 72
9.054837 16.872048 74
10.245747 16.233055 75
11.336887 15.432343 76
12.428028 14.630872 78
13.398071 13.682409 80
14.368367 12.732673 82
15.198527 11.652957 84
16.028941 10.570194 86
16.703224 9.376239 88
17.377761 8.176442 91
17.926631 6.901496 93
-15.621224 6.033257 95
-15.142675 7.143945 93
-14.555217 8.188627 91
-13.967504 9.228230 89
-13.243970 10.170601 87
-12.520436 11.110688 85
-11.675045 11.937800 83
-10.829652 12.763391 82
-9.878903 13.461284 80
-8.928154 14.158418 79
-7.890327 14.714902 78
-6.852754 15.270881 77
-5.748413 15.676059 76
-4.643818 16.080732 75
-3.494288 16.326732 75
-2.344758 16.572735 75
-1.172379 16.655244 74
0.000000 16.737752 74
1.172379 16.655244 74
2.344758 16.572735 75
3.494288 16.326732 75
4.643818 16.080732 75
5.748413 15.676059 76
6.852754 15.270881 77
7.890327 14.714902 78
8.928154 14.158418 79
9.878903 13.461284 80
10.829652 12.763391 82
11.675045 11.937800 83
12.520436 11.110688 85
13.243970 10.170601 87
13.967504 9.228230 89
14.555217 8.188627 91
15.142675 7.143945 93
15.621224 6.033257 95
-12.907845 6.054074 95
-11.906068 7.838029 92
-10.672506 9.447067 89
-9.231277 10.858846 86
-7.610307 12.049758 84
-5.841330 12.999493 82
-3.958619 13.690531 80
-1.998731 14.110436 79
0.000000 14.251332 79
1.998731 14.110436 79
3.958619 13.690531 80
5.841330 12.999493 82
7.610307 12.049758 84
9.231277 10.858846 86
10.672506 9.447067 89
11.906068 7.838029 92
12.907845 6.054074 95
-10.597868 5.000761 97
-9.680122 6.401879 95
-8.762630 7.778370 92
-7.505459 8.850977 90
-6.248286 9.911145 88
-4.749175 10.588221 86
-3.250064 11.256410 85
-1.625032 11.490225 84
0.000000 11.715917 84
1.625032 11.490225 84
3.250064 11.256410 85
4.749175 10.588221 86
6.248286 9.911145 88
7.505459 8.850977 90
8.762630 7.778370 92
9.680122 6.401879 95
10.597868 5.000761 97
-8.287637 3.874079 100
-7.569941 4.971819 97
-6.852501 6.058390 95
-5.869256 6.896420 94
-4.886266 7.731404 92
-3.713887 8.258950 91
-2.541508 8.785733 90
-1.270881 8.965727 90
0.000000 9.145721 89
1.270881 8.965727 90
2.541508 8.785733 90
3.713887 8.258950 91
4.886266 7.731404 92
5.869256 6.896420 94
6.852501 6.058390 95
7.569941 4.971819 97
8.287637 3.874079 100
-5.638995 3.304647 100
-4.921554 4.368623 99
-4.215537 4.968519 97
-3.509520 5.566641 96
-2.667428 5.944656 95
-1.825336 6.322417 95
-0.912668 6.451383 94
0.000000 6.580351 94
0.912668 6.451383 94
1.825336 6.322417 95
2.667428 5.944656 95
3.509520 5.566641 96
4.215537 4.968519 97
4.921554 4.368623 99
5.638995 3.304647 100
-2.990607 2.630111 102
-2.132521 3.363289 101
-1.109165 3.824575 100
0.000000 3.981974 99
1.109165 3.824575 100
2.132521 3.363289 101
2.990607 2.630111 102
