# Active surface commands at 38.337811
# Zero points are Off, FEM corrections are Off
-12.741051 103.255394 -106
-10.929931 103.478548 -104
-9.111958 103.637726 -103
-7.293983 103.797412 -102
-5.471693 103.893116 -101
-3.649150 103.988833 -100
-1.824575 104.021075 -100
0.000000 104.052809 -100
1.824575 104.021075 -100
3.649150 103.988833 -100
5.471693 103.893116 -101
7.293983 103.797412 -102
9.111958 103.637726 -103
10.929931 103.478548 -104
12.741051 103.255394 -106
-23.048235 99.466362 -107
-21.336126 99.861387 -104
-19.578065 100.204114 -101
-17.820005 100.546840 -98
-16.051028 100.827872 -95
-14.282051 101.109163 -93
-12.504442 101.327749 -91
-10.726834 101.546838 -89
-8.942625 101.703220 -88
-7.158416 101.859863 -87
-5.369891 101.953794 -86
-3.581366 102.047726 -85
-1.790810 102.079205 -85
0.000000 102.110431 -84
1.790810 102.079205 -85
3.581366 102.047726 -85
5.369891 101.953794 -86
7.158416 101.859863 -87
8.942625 101.703220 -88
10.726834 101.546838 -89
12.504442 101.327749 -91
14.282051 101.109163 -93
16.051028 100.827872 -95
17.820005 100.546840 -98
19.578065 100.204114 -101
21.336126 99.861387 -104
23.048235 99.466362 -107
-29.431075 95.752474 -108
-27.750698 96.268088 -103
-26.053567 96.724041 -99
-24.356436 97.180501 -95
-22.644327 97.566385 -92
-20.932217 97.961664 -89
-19.207413 98.297790 -86
-17.482610 98.634170 -83
-15.747145 98.909623 -80
-14.011678 99.185578 -78
-12.267835 99.400352 -76
-10.523737 99.615127 -74
-8.773292 99.768466 -73
-7.023103 99.922314 -72
-5.268342 100.014472 -71
-3.513582 100.106625 -70
-1.756791 100.137596 -70
0.000000 100.168314 -70
1.756791 100.137596 -70
3.513582 100.106625 -70
5.268342 100.014472 -71
7.023103 99.922314 -72
8.773292 99.768466 -73
10.523737 99.615127 -74
12.267835 99.400352 -76
14.011678 99.185578 -78
15.747145 98.909623 -80
17.482610 98.634170 -83
19.207413 98.297790 -86
20.932217 97.961664 -89
22.644327 97.566385 -92
24.356436 97.180501 -95
26.053567 96.724041 -99
27.750698 96.268088 -103
29.431075 95.752474 -108
-33.758314 92.233310 -107
-32.129727 92.795887 -102
-30.500890 93.358464 -97
-28.853517 93.863672 -93
-27.206144 94.368874 -88
-25.542269 94.816198 -84
-23.878396 95.263517 -81
-22.200051 95.651942 -77
-20.521453 96.040875 -74
-18.830413 96.370399 -71
-17.139629 96.700178 -68
-15.438182 96.970295 -66
-13.736736 97.240672 -64
-12.026910 97.451380 -62
-10.317339 97.661841 -60
-8.601167 97.812391 -59
-6.885250 97.963189 -58
-5.165016 98.053569 -57
-3.444783 98.143942 -56
-1.722264 98.174158 -56
0.000000 98.204367 -56
1.722264 98.174158 -56
3.444783 98.143942 -56
5.165016 98.053569 -57
6.885250 97.963189 -58
8.601167 97.812391 -59
10.317339 97.661841 -60
12.026910 97.451380 -62
13.736736 97.240672 -64
15.438182 96.970295 -66
17.139629 96.700178 -68
18.830413 96.370399 -71
20.521453 96.040875 -74
22.200051 95.651942 -77
23.878396 95.263517 -81
25.542269 94.816198 -84
27.206144 94.368874 -88
28.853517 93.863672 -93
30.500890 93.358464 -97
32.129727 92.795887 -102
33.758314 92.233310 -107
-37.788525 88.513329 -108
-36.234578 89.175168 -102
-34.658542 89.781925 -97
-33.082762 90.376744 -92
-31.486418 90.928152 -87
-29.890328 91.479560 -83
-28.275959 91.974610 -78
-26.661588 92.469659 -74
-25.030972 92.908096 -70
-23.400355 93.346279 -67
-21.755522 93.727340 -63
-20.110687 94.108401 -60
-18.453669 94.431325 -57
-16.796395 94.754503 -55
-15.129221 95.019296 -52
-13.461793 95.284336 -50
-11.786240 95.490731 -48
-10.110688 95.696877 -46
-8.429043 95.844632 -45
-6.747398 95.992127 -44
-5.061437 96.080728 -43
-3.375730 96.169329 -42
-1.687992 96.199036 -42
0.000000 96.228737 -42
1.687992 96.199036 -42
3.375730 96.169329 -42
5.061437 96.080728 -43
6.747398 95.992127 -44
8.429043 95.844632 -45
10.110688 95.696877 -46
11.786240 95.490731 -48
13.461793 95.284336 -50
15.129221 95.019296 -52
16.796395 94.754503 -55
18.453669 94.431325 -57
20.110687 94.108401 -60
21.755522 93.727340 -63
23.400355 93.346279 -67
25.030972 92.908096 -70
26.661588 92.469659 -74
28.275959 91.974610 -78
29.890328 91.479560 -83
31.486418 90.928152 -87
33.082762 90.376744 -92
34.658542 89.781925 -97
36.234578 89.175168 -102
37.788525 88.513329 -108
-39.992131 85.333588 -105
-38.525769 86.017008 -99
-37.004061 86.665143 -94
-35.482357 87.313278 -88
-33.939070 87.907589 -83
-32.395784 88.501900 -78
-30.832953 89.041885 -73
-29.269864 89.581871 -69
-27.689008 90.067022 -64
-26.108150 90.551913 -60
-24.511297 90.980959 -57
-22.914699 91.410254 -53
-21.303884 91.783444 -50
-19.693322 92.156386 -47
-18.070576 92.472709 -44
-16.447830 92.789286 -41
-14.815182 93.048742 -39
-13.182280 93.308198 -37
-11.541508 93.510279 -35
-9.900736 93.712366 -33
-8.254126 93.856817 -32
-6.607261 94.001522 -31
-4.956588 94.088345 -30
-3.305662 94.175173 -29
-1.652704 94.203857 -29
0.000000 94.233050 -29
1.652704 94.203857 -29
3.305662 94.175173 -29
4.956588 94.088345 -30
6.607261 94.001522 -31
8.254126 93.856817 -32
9.900736 93.712366 -33
11.541508 93.510279 -35
13.182280 93.308198 -37
14.815182 93.048742 -39
16.447830 92.789286 -41
18.070576 92.472709 -44
19.693322 92.156386 -47
21.303884 91.783444 -50
22.914699 91.410254 -53
24.511297 90.980959 -57
26.108150 90.551913 -60
27.689008 90.067022 -64
29.269864 89.581871 -69
30.832953 89.041885 -73
32.395784 88.501900 -78
33.939070 87.907589 -83
35.482357 87.313278 -88
37.004061 86.665143 -94
38.525769 86.017008 -99
39.992131 85.333588 -105
-43.525259 81.348821 -109
-42.083525 82.085805 -103
-40.641787 82.823303 -97
-39.175425 83.498858 -91
-37.709063 84.182532 -85
-36.219597 84.816957 -80
-34.730135 85.451382 -74
-33.219599 86.033253 -69
-31.709064 86.614877 -64
-30.179234 87.143439 -60
-28.649403 87.671995 -55
-27.102058 88.146988 -51
-25.554709 88.621479 -47
-23.991623 89.041631 -43
-22.428788 89.461790 -40
-20.852247 89.827114 -37
-19.275705 90.192179 -34
-17.687485 90.501901 -31
-16.099010 90.811629 -28
-14.500889 91.065755 -26
-12.902767 91.319626 -24
-11.297029 91.517387 -22
-9.691039 91.715154 -21
-8.078954 91.856816 -19
-6.467124 91.998224 -18
-4.851485 92.083268 -17
-3.235593 92.168317 -17
-1.617669 92.196493 -16
0.000000 92.224930 -16
1.617669 92.196493 -16
3.235593 92.168317 -17
4.851485 92.083268 -17
6.467124 91.998224 -18
8.078954 91.856816 -19
9.691039 91.715154 -21
11.297029 91.517387 -22
12.902767 91.319626 -24
14.500889 91.065755 -26
16.099010 90.811629 -28
17.687485 90.501901 -31
19.275705 90.192179 -34
20.852247 89.827114 -37
22.428788 89.461790 -40
23.991623 89.041631 -43
25.554709 88.621479 -47
27.102058 88.146988 -51
28.649403 87.671995 -55
30.179234 87.143439 -60
31.709064 86.614877 -64
33.219599 86.033253 -69
34.730135 85.451382 -74
36.219597 84.816957 -80
37.709063 84.182532 -85
39.175425 83.498858 -91
40.641787 82.823303 -97
42.083525 82.085805 -103
43.525259 81.348821 -109
-45.334856 78.006345 -109
-43.951002 78.776593 -102
-42.566894 79.546588 -95
-41.156894 80.267326 -89
-39.747144 80.988573 -83
-38.313024 81.659560 -77
-36.878650 82.331049 -72
-35.422189 82.951255 -66
-33.965474 83.571716 -61
-32.488194 84.140900 -56
-31.010917 84.710078 -51
-29.514851 85.226957 -47
-28.018533 85.744096 -42
-26.505205 86.208174 -38
-24.992130 86.672506 -34
-23.463569 87.083523 -31
-21.935009 87.494540 -27
-20.393246 87.851739 -24
-18.851231 88.208683 -21
-17.298045 88.511805 -18
-15.744605 88.814672 -16
-14.181772 89.063213 -14
-12.618685 89.311500 -12
-11.048236 89.505201 -10
-9.477533 89.698400 -8
-7.901244 89.836759 -7
-6.324702 89.975371 -6
-4.744605 90.058388 -5
-3.164255 90.141404 -5
-1.582127 90.169079 -4
0.000000 90.197001 -4
1.582127 90.169079 -4
3.164255 90.141404 -5
4.744605 90.058388 -5
6.324702 89.975371 -6
7.901244 89.836759 -7
9.477533 89.698400 -8
11.048236 89.505201 -10
12.618685 89.311500 -12
14.181772 89.063213 -14
15.744605 88.814672 -16
17.298045 88.511805 -18
18.851231 88.208683 -21
20.393246 87.851739 -24
21.935009 87.494540 -27
23.463569 87.083523 -31
24.992130 86.672506 -34
26.505205 86.208174 -38
28.018533 85.744096 -42
29.514851 85.226957 -47
31.010917 84.710078 -51
32.488194 84.140900 -56
33.965474 83.571716 -61
35.422189 82.951255 -66
36.878650 82.331049 -72
38.313024 81.659560 -77
39.747144 80.988573 -83
41.156894 80.267326 -89
42.566894 79.546588 -95
43.951002 78.776593 -102
45.334856 78.006345 -109
-46.965981 74.651943 -108
-45.640265 75.489211 -101
-44.314294 76.238640 -95
-42.961412 76.991367 -88
-41.608529 77.744100 -82
-40.230517 78.448847 -76
-38.852247 79.153843 -70
-37.450369 79.809849 -64
-36.048488 80.466110 -59
-34.624778 81.072606 -53
-33.200813 81.679357 -48
-31.756792 82.235593 -43
-30.312770 82.791823 -39
-28.850217 83.297286 -34
-27.387663 83.802742 -30
-25.908606 84.256407 -26
-24.429297 84.710332 -22
-22.935262 85.111959 -19
-21.441229 85.513833 -15
-19.933994 85.863161 -12
-18.427013 86.211980 -9
-16.908607 86.508252 -7
-15.390200 86.804518 -4
-13.862401 87.047475 -2
-12.334602 87.290172 0
-10.799442 87.479311 1
-9.264281 87.668444 2
-7.723280 87.803753 3
-6.182534 87.939069 4
-4.637725 88.020307 5
-3.093171 88.101550 6
-1.546585 88.128456 6
0.000000 88.155622 6
1.546585 88.128456 6
3.093171 88.101550 6
4.637725 88.020307 5
6.182534 87.939069 4
7.723280 87.803753 3
9.264281 87.668444 2
10.799442 87.479311 1
12.334602 87.290172 0
13.862401 87.047475 -2
15.390200 86.804518 -4
16.908607 86.508252 -7
18.427013 86.211980 -9
19.933994 85.863161 -12
21.441229 85.513833 -15
22.935262 85.111959 -19
24.429297 84.710332 -22
25.908606 84.256407 -26
27.387663 83.802742 -30
28.850217 83.297286 -34
30.312770 82.791823 -39
31.756792 82.235593 -43
33.200813 81.679357 -48
34.624778 81.072606 -53
36.048488 80.466110 -59
37.450369 79.809849 -64
38.852247 79.153843 -70
40.230517 78.448847 -76
41.608529 77.744100 -82
42.961412 76.991367 -88
44.314294 76.238640 -95
45.640265 75.489211 -101
46.965981 74.651943 -108
-47.107389 72.095458 -102
-45.870779 72.898959 -95
-45.226199 73.294493 -91
-44.575780 73.680122 -88
-43.280781 74.461285 -81
-41.959635 75.196496 -75
-41.301599 75.569178 -72
-40.638233 75.931707 -69
-39.292205 76.620210 -63
-37.946178 77.308960 -57
-37.264025 77.634680 -54
-36.577051 77.949478 -52
-35.207920 78.590503 -46
-33.817214 79.183042 -41
-33.124143 79.484638 -38
-32.426505 79.775580 -36
-31.016247 80.318863 -31
-29.605739 80.862400 -27
-28.893628 81.114746 -24
-28.177457 81.356179 -22
-26.748921 81.849710 -18
-25.304392 82.292968 -14
-24.583650 82.520182 -12
-23.859609 82.736227 -11
-22.400355 83.128711 -7
-20.941102 83.521196 -4
-20.206397 83.697381 -2
-19.469155 83.862150 -1
-17.997207 84.203097 1
-16.514344 84.492509 3
-15.773801 84.642805 5
-15.031227 84.781672 6
-13.539223 85.019038 8
-12.046966 85.256156 10
-11.298045 85.354147 11
-10.547601 85.440721 12
-9.048236 85.625795 13
-7.543285 85.757807 14
-6.791318 85.829654 15
-6.038335 85.890073 15
-4.529576 85.969284 16
-3.021071 86.048742 17
-2.265804 86.067529 17
-1.510536 86.075146 17
0.000000 86.101295 17
1.510536 86.075146 17
2.265804 86.067529 17
3.021071 86.048742 17
4.529576 85.969284 16
6.038335 85.890073 15
6.791318 85.829654 15
7.543285 85.757807 14
9.048236 85.625795 13
10.547601 85.440721 12
11.298045 85.354147 11
12.046966 85.256156 10
13.539223 85.019038 8
15.031227 84.781672 6
15.773801 84.642805 5
16.514344 84.492509 3
17.997207 84.203097 1
19.469155 83.862150 -1
20.206397 83.697381 -2
20.941102 83.521196 -4
22.400355 83.128711 -7
23.859609 82.736227 -11
24.583650 82.520182 -12
25.304392 82.292968 -14
26.748921 81.849710 -18
28.177457 81.356179 -22
28.893628 81.114746 -24
29.605739 80.862400 -27
31.016247 80.318863 -31
32.426505 79.775580 -36
33.124143 79.484638 -38
33.817214 79.183042 -41
35.207920 78.590503 -46
36.577051 77.949478 -52
37.264025 77.634680 -54
37.946178 77.308960 -57
39.292205 76.620210 -63
40.638233 75.931707 -69
41.301599 75.569178 -72
41.959635 75.196496 -75
43.280781 74.461285 -81
44.575780 73.680122 -88
45.226199 73.294493 -91
45.870779 72.898959 -95
47.107389 72.095458 -102
-49.664637 67.850213 -110
-47.856056 69.128712 -99
-46.012187 70.342728 -89
-44.146231 71.532112 -78
-42.247271 72.671237 -69
-40.315563 73.752726 -59
-38.353897 74.778879 -51
-36.374207 75.768978 -42
-34.367098 76.702210 -34
-32.333079 77.575017 -27
-30.275452 78.389439 -20
-28.203603 79.166289 -13
-26.110180 79.883978 -7
-23.996699 80.538459 -1
-21.865449 81.132522 3
-19.724041 81.687482 7
-17.567402 82.181515 12
-15.397309 82.610562 15
-13.215791 82.977659 19
-11.028180 83.304897 21
-8.832191 83.569943 24
-6.629094 83.769229 25
-4.421427 83.905561 27
-2.211729 84.001525 27
0.000000 84.034523 27
2.211729 84.001525 27
4.421427 83.905561 27
6.629094 83.769229 25
8.832191 83.569943 24
11.028180 83.304897 21
13.215791 82.977659 19
15.397309 82.610562 15
17.567402 82.181515 12
19.724041 81.687482 7
21.865449 81.132522 3
23.996699 80.538459 -1
26.110180 79.883978 -7
28.203603 79.166289 -13
30.275452 78.389439 -20
32.333079 77.575017 -27
34.367098 76.702210 -34
36.374207 75.768978 -42
38.353897 74.778879 -51
40.315563 73.752726 -59
42.247271 72.671237 -69
44.146231 71.532112 -78
46.012187 70.342728 -89
47.856056 69.128712 -99
49.664637 67.850213 -110
-49.543539 65.365829 -108
-48.424472 66.143181 -97
-46.661081 67.389946 -86
-44.863164 68.586440 -76
-43.043920 69.749173 -66
-41.192433 70.860115 -57
-39.308708 71.914953 -48
-37.396294 72.915458 -39
-35.465854 73.880932 -31
-33.509014 74.791064 -23
-31.525769 75.642042 -16
-29.519676 76.436407 -9
-27.499364 77.193702 -2
-25.458238 77.893627 3
-23.397309 78.531858 8
-21.319625 79.110940 13
-19.231532 79.652196 18
-17.128713 80.134044 22
-15.012693 80.552423 25
-12.885758 80.910639 28
-10.752983 81.229751 31
-8.611576 81.487943 33
-6.463570 81.682152 35
-4.310993 81.815180 36
-2.156385 81.908603 37
0.000000 81.941100 37
2.156385 81.908603 37
4.310993 81.815180 36
6.463570 81.682152 35
8.611576 81.487943 33
10.752983 81.229751 31
12.885758 80.910639 28
15.012693 80.552423 25
17.128713 80.134044 22
19.231532 79.652196 18
21.319625 79.110940 13
23.397309 78.531858 8
25.458238 77.893627 3
27.499364 77.193702 -2
29.519676 76.436407 -9
31.525769 75.642042 -16
33.509014 74.791064 -23
35.465854 73.880932 -31
37.396294 72.915458 -39
39.308708 71.914953 -48
41.192433 70.860115 -57
43.043920 69.749173 -66
44.863164 68.586440 -76
46.661081 67.389946 -86
48.424472 66.143181 -97
49.543539 65.365829 -108
-50.511044 61.871792 -106
-48.865955 63.241688 -95
-47.184310 64.435894 -84
-45.466109 65.651435 -74
-43.714141 66.816957 -64
-41.941608 67.950243 -54
-40.137345 69.032748 -45
-38.302106 70.060674 -36
-36.438438 71.035798 -28
-34.557501 71.976387 -20
-32.650672 72.863673 -12
-30.718456 73.692816 -5
-28.763646 74.466870 0
-26.795125 75.205130 7
-24.806296 75.887026 12
-22.798173 76.508757 18
-20.773547 77.073367 23
-18.739020 77.600659 27
-16.690022 78.070067 31
-14.628333 78.477786 35
-12.555725 78.826859 38
-10.477532 79.137852 40
-8.390962 79.389691 42
-6.298045 79.578830 44
-4.200559 79.708301 45
-2.101295 79.799443 46
0.000000 79.831177 46
2.101295 79.799443 46
4.200559 79.708301 45
6.298045 79.578830 44
8.390962 79.389691 42
10.477532 79.137852 40
12.555725 78.826859 38
14.628333 78.477786 35
16.690022 78.070067 31
18.739020 77.600659 27
20.773547 77.073367 23
22.798173 76.508757 18
24.806296 75.887026 12
26.795125 75.205130 7
28.763646 74.466870 0
30.718456 73.692816 -5
32.650672 72.863673 -12
34.557501 71.976387 -20
36.438438 71.035798 -28
38.302106 70.060674 -36
40.137345 69.032748 -45
41.941608 67.950243 -54
43.714141 66.816957 -64
45.466109 65.651435 -74
47.184310 64.435894 -84
48.865955 63.241688 -95
50.511044 61.871792 -106
-51.221884 58.386649 -105
-49.161462 60.205382 -94
-47.560295 61.484390 -83
-45.923837 62.716931 -73
-44.251334 63.899975 -62
-42.546332 65.034526 -53
-40.821019 66.137850 -43
-39.064992 67.191417 -34
-37.278752 68.191929 -26
-35.464838 69.141152 -17
-33.634425 70.057122 -10
-31.778370 70.920286 -2
-29.897691 71.727598 4
-27.995176 72.481087 10
-26.079208 73.199799 16
-24.143438 73.863162 22
-22.189135 74.468649 27
-20.218583 75.018278 32
-18.238132 75.531606 36
-16.244224 75.988574 40
-14.237370 76.385379 43
-12.220360 76.724802 46
-10.197512 77.027669 49
-8.166794 77.272659 51
-6.129728 77.456715 53
-4.088347 77.582889 54
-2.045189 77.671744 54
0.000000 77.702461 55
2.045189 77.671744 54
4.088347 77.582889 54
6.129728 77.456715 53
8.166794 77.272659 51
10.197512 77.027669 49
12.220360 76.724802 46
14.237370 76.385379 43
16.244224 75.988574 40
18.238132 75.531606 36
20.218583 75.018278 32
22.189135 74.468649 27
24.143438 73.863162 22
26.079208 73.199799 16
27.995176 72.481087 10
29.897691 71.727598 4
31.778370 70.920286 -2
33.634425 70.057122 -10
35.464838 69.141152 -17
37.278752 68.191929 -26
39.064992 67.191417 -34
40.821019 66.137850 -43
42.546332 65.034526 -53
44.251334 63.899975 -62
45.923837 62.716931 -73
47.560295 61.484390 -83
49.161462 60.205382 -94
51.221884 58.386649 -105
-50.844123 55.968014 -104
-49.346281 57.283826 -93
-47.811883 58.538972 -82
-46.254887 59.782942 -71
-44.663113 60.981723 -61
-43.036557 62.132518 -51
-41.378269 63.235849 -42
-39.700433 64.309213 -33
-37.992638 65.333841 -24
-36.255394 66.307187 -16
-34.491495 67.230514 -8
-32.711094 68.121352 0
-30.906068 68.960901 6
-29.076922 69.746384 13
-27.226706 70.479054 19
-25.363290 71.177963 25
-23.480832 71.823556 30
-21.580096 72.412289 36
-19.663366 72.946938 40
-17.737497 73.446307 44
-15.798172 73.890583 48
-13.846661 74.276720 51
-11.884996 74.607007 54
-9.917746 74.901495 57
-7.942625 75.139629 59
-5.961412 75.318864 60
-3.976136 75.441480 62
-1.989083 75.527800 62
0.000000 75.557755 62
1.989083 75.527800 62
3.976136 75.441480 62
5.961412 75.318864 60
7.942625 75.139629 59
9.917746 74.901495 57
11.884996 74.607007 54
13.846661 74.276720 51
15.798172 73.890583 48
17.737497 73.446307 44
19.663366 72.946938 40
21.580096 72.412289 36
23.480832 71.823556 30
25.363290 71.177963 25
27.226706 70.479054 19
29.076922 69.746384 13
30.906068 68.960901 6
32.711094 68.121352 0
34.491495 67.230514 -8
36.255394 66.307187 -16
37.992638 65.333841 -24
39.700433 64.309213 -33
41.378269 63.235849 -42
43.036557 62.132518 -51
44.663113 60.981723 -61
46.254887 59.782942 -71
47.811883 58.538972 -82
49.346281 57.283826 -93
50.844123 55.968014 -104
-51.183549 52.517642 -104
-49.385378 54.348058 -92
-47.930439 55.626050 -81
-46.440214 56.862149 -71
-44.927645 58.070320 -61
-43.381824 59.235340 -51
-41.801979 60.353137 -41
-40.191165 61.425236 -32
-38.561311 62.467634 -23
-36.902767 63.463571 -14
-35.215283 64.408735 -6
-33.501904 65.305659 0
-31.772532 66.171109 8
-30.019293 66.986801 15
-28.242701 67.749680 21
-26.445543 68.461537 27
-24.635695 69.140389 33
-22.807058 69.767451 38
-20.960904 70.339424 43
-19.099264 70.858590 48
-17.228739 71.343742 52
-15.345011 71.775323 56
-13.449353 72.150546 59
-11.544047 72.471437 62
-9.633156 72.757297 64
-7.714649 72.988830 66
-5.790556 73.162983 68
-3.862148 73.282053 69
-1.931962 73.365826 69
0.000000 73.395025 69
1.931962 73.365826 69
3.862148 73.282053 69
5.790556 73.162983 68
7.714649 72.988830 66
9.633156 72.757297 64
11.544047 72.471437 62
13.449353 72.150546 59
15.345011 71.775323 56
17.228739 71.343742 52
19.099264 70.858590 48
20.960904 70.339424 43
22.807058 69.767451 38
24.635695 69.140389 33
26.445543 68.461537 27
28.242701 67.749680 21
30.019293 66.986801 15
31.772532 66.171109 8
33.501904 65.305659 0
35.215283 64.408735 -6
36.902767 63.463571 -14
38.561311 62.467634 -23
40.191165 61.425236 -32
41.801979 60.353137 -41
43.381824 59.235340 -51
44.927645 58.070320 -61
46.440214 56.862149 -71
47.930439 55.626050 -81
49.385378 54.348058 -92
51.183549 52.517642 -104
-50.639250 50.142676 -103
-49.301345 51.358721 -92
-47.926884 52.727848 -81
-46.514851 53.968522 -71
-45.068545 55.168319 -60
-43.600661 56.340950 -50
-42.100278 57.471695 -41
-40.567148 58.556487 -31
-39.004062 59.597107 -22
-37.422441 60.609035 -14
-35.812644 61.575526 -6
-34.175172 62.493021 1
-32.512314 63.363541 9
-30.833969 64.203604 16
-29.132776 64.995174 23
-27.408479 65.735722 29
-25.664381 66.426505 35
-23.907844 67.085555 41
-22.133537 67.694084 46
-20.341711 68.249304 51
-18.535161 68.753235 55
-16.719727 69.223914 59
-14.891851 69.643056 62
-13.052044 70.007110 66
-11.203097 70.318611 68
-9.348565 70.596091 71
-7.486926 70.820764 72
-5.619447 70.989846 74
-3.747906 71.105359 75
-1.874841 71.186851 76
0.000000 71.215027 76
1.874841 71.186851 76
3.747906 71.105359 75
5.619447 70.989846 74
7.486926 70.820764 72
9.348565 70.596091 71
11.203097 70.318611 68
13.052044 70.007110 66
14.891851 69.643056 62
16.719727 69.223914 59
18.535161 68.753235 55
20.341711 68.249304 51
22.133537 67.694084 46
23.907844 67.085555 41
25.664381 66.426505 35
27.408479 65.735722 29
29.132776 64.995174 23
30.833969 64.203604 16
32.512314 63.363541 9
34.175172 62.493021 1
35.812644 61.575526 -6
37.422441 60.609035 -14
39.004062 59.597107 -22
40.567148 58.556487 -31
42.100278 57.471695 -41
43.600661 56.340950 -50
45.068545 55.168319 -60
46.514851 53.968522 -71
47.926884 52.727848 -81
49.301345 51.358721 -92
50.639250 50.142676 -103
-50.729118 46.764663 -103
-49.072861 48.576290 -92
-47.776340 49.856816 -81
-46.444274 51.100024 -71
-45.076163 52.302614 -60
-43.674536 53.465347 -50
-42.252096 54.601930 -41
-40.798173 55.697891 -31
-39.312516 56.749432 -22
-37.797664 57.758063 -14
-36.265041 58.738765 -5
-34.705002 59.675555 2
-33.118051 60.564862 9
-31.506729 61.408730 17
-29.880426 62.222644 23
-28.231532 62.989843 30
-26.560802 63.707538 36
-24.870526 64.377255 42
-23.168316 65.015739 47
-21.448845 65.605737 52
-19.712617 66.143689 57
-17.961920 66.632137 61
-16.202589 67.088350 65
-14.431074 67.494544 68
-12.648388 67.847169 72
-10.856563 68.149020 74
-9.059406 68.417872 76
-7.255395 68.635696 78
-5.445545 68.799442 80
-3.632140 68.911651 81
-1.816959 68.990354 81
0.000000 69.017774 81
1.816959 68.990354 81
3.632140 68.911651 81
5.445545 68.799442 80
7.255395 68.635696 78
9.059406 68.417872 76
10.856563 68.149020 74
12.648388 67.847169 72
14.431074 67.494544 68
16.202589 67.088350 65
17.961920 66.632137 61
19.712617 66.143689 57
21.448845 65.605737 52
23.168316 65.015739 47
24.870526 64.377255 42
26.560802 63.707538 36
28.231532 62.989843 30
29.880426 62.222644 23
31.506729 61.408730 17
33.118051 60.564862 9
34.705002 59.675555 2
36.265041 58.738765 -5
37.797664 57.758063 -14
39.312516 56.749432 -22
40.798173 55.697891 -31
42.252096 54.601930 -41
43.674536 53.465347 -50
45.076163 52.302614 -60
46.444274 51.100024 -71
47.776340 49.856816 -81
49.072861 48.576290 -92
50.729118 46.764663 -103
-49.935262 44.467630 -104
-48.739019 45.657526 -93
-48.335871 46.175425 -89
-47.506474 47.009900 -82
-46.677329 47.844376 -74
-46.251586 48.250062 -71
-44.961921 49.453668 -61
-43.637217 50.617922 -51
-43.191926 51.001522 -47
-42.280529 51.743842 -41
-41.369130 52.485908 -35
-40.903527 52.844378 -32
-39.496065 53.905562 -23
-38.057628 54.923837 -14
-37.574764 55.258184 -11
-36.591266 55.900480 -6
-35.607768 56.542522 0
-35.107388 56.849964 1
-33.597360 57.756792 9
-32.060929 58.617922 16
-31.546077 58.899722 19
-30.501141 59.434879 23
-29.456208 59.969788 28
-28.926632 60.223152 30
-27.330542 60.965980 37
-25.713126 61.660829 42
-25.171617 61.887027 44
-24.076669 62.309218 48
-22.981975 62.731404 52
-22.429042 62.927392 53
-20.764154 63.498603 58
-19.083270 64.019548 63
-18.521452 64.187359 64
-17.388677 64.492514 67
-16.255903 64.797159 69
-15.685453 64.934248 70
-13.970551 65.327494 74
-12.244732 65.668950 77
-11.668190 65.776846 78
-10.510028 65.961157 79
-9.351612 66.145468 81
-8.770246 66.221629 81
-7.023864 66.432598 83
-5.271897 66.591013 85
-4.687230 66.637982 85
-3.516121 66.699671 86
-2.345011 66.761106 86
-1.758822 66.775833 86
0.000000 66.802236 86
1.758822 66.775833 86
2.345011 66.761106 86
3.516121 66.699671 86
4.687230 66.637982 85
5.271897 66.591013 85
7.023864 66.432598 83
8.770246 66.221629 81
9.351612 66.145468 81
10.510028 65.961157 79
11.668190 65.776846 78
12.244732 65.668950 77
13.970551 65.327494 74
15.685453 64.934248 70
16.255903 64.797159 69
17.388677 64.492514 67
18.521452 64.187359 64
19.083270 64.019548 63
20.764154 63.498603 58
22.429042 62.927392 53
22.981975 62.731404 52
24.076669 62.309218 48
25.171617 61.887027 44
25.713126 61.660829 42
27.330542 60.965980 37
28.926632 60.223152 30
29.456208 59.969788 28
30.501141 59.434879 23
31.546077 58.899722 19
32.060929 58.617922 16
33.597360 57.756792 9
35.107388 56.849964 1
35.607768 56.542522 0
36.591266 55.900480 -6
37.574764 55.258184 -11
38.057628 54.923837 -14
39.496065 53.905562 -23
40.903527 52.844378 -32
41.369130 52.485908 -35
42.280529 51.743842 -41
43.191926 51.001522 -47
43.637217 50.617922 -51
44.961921 49.453668 -61
46.251586 48.250062 -71
46.677329 47.844376 -74
47.506474 47.009900 -82
48.335871 46.175425 -89
48.739019 45.657526 -93
49.935262 44.467630 -104
-49.675551 41.290681 -108
-48.268851 42.967250 -93
-46.694086 44.614369 -79
-45.119574 46.250319 -65
-43.434883 47.781924 -52
-41.750446 49.302870 -39
-39.964203 50.712111 -27
-38.177963 52.110431 -15
-36.298554 53.390710 -4
-34.419397 54.659813 6
-32.456206 55.804770 16
-30.493273 56.938565 25
-28.455699 57.942876 34
-26.418380 58.936024 42
-24.316578 59.794874 50
-22.215029 60.642802 57
-20.059152 61.351863 63
-17.903276 62.050264 69
-15.703732 62.606501 74
-13.504189 63.152325 78
-11.271896 63.552935 82
-9.039604 63.943386 85
-6.785224 64.186343 88
-4.530845 64.419141 89
-2.265296 64.503936 90
0.000000 64.578065 91
2.265296 64.503936 90
4.530845 64.419141 89
6.785224 64.186343 88
9.039604 63.943386 85
11.271896 63.552935 82
13.504189 63.152325 78
15.703732 62.606501 74
17.903276 62.050264 69
20.059152 61.351863 63
22.215029 60.642802 57
24.316578 59.794874 50
26.418380 58.936024 42
28.455699 57.942876 34
30.493273 56.938565 25
32.456206 55.804770 16
34.419397 54.659813 6
36.298554 53.390710 -4
38.177963 52.110431 -15
39.964203 50.712111 -27
41.750446 49.302870 -39
43.434883 47.781924 -52
45.119574 46.250319 -65
46.694086 44.614369 -79
48.268851 42.967250 -93
49.675551 41.290681 -108
-48.009138 39.790047 -97
-46.602438 41.466616 -83
-45.082001 43.052042 -69
-43.561818 44.636964 -56
-41.935262 46.111194 -43
-40.308962 47.584920 -31
-38.584411 48.940849 -19
-36.859864 50.296269 -8
-35.045442 51.527292 2
-33.231022 52.758058 12
-31.335620 53.858339 22
-29.440468 54.958621 31
-27.473472 55.923078 39
-25.506220 56.887536 47
-23.477025 57.711602 55
-21.448084 58.535668 62
-19.366590 59.215029 68
-17.285097 59.894643 73
-15.161715 60.426757 78
-13.038081 60.958871 82
-10.882712 61.340695 86
-8.727596 61.722518 89
-6.550901 61.952273 91
-4.374460 62.182282 93
-2.187103 62.258698 94
0.000000 62.335616 94
2.187103 62.258698 94
4.374460 62.182282 93
6.550901 61.952273 91
8.727596 61.722518 89
10.882712 61.340695 86
13.038081 60.958871 82
15.161715 60.426757 78
17.285097 59.894643 73
19.366590 59.215029 68
21.448084 58.535668 62
23.477025 57.711602 55
25.506220 56.887536 47
27.473472 55.923078 39
29.440468 54.958621 31
31.335620 53.858339 22
33.231022 52.758058 12
35.045442 51.527292 2
36.859864 50.296269 -8
38.584411 48.940849 -19
40.308962 47.584920 -31
41.935262 46.111194 -43
43.561818 44.636964 -56
45.082001 43.052042 -69
46.602438 41.466616 -83
48.009138 39.790047 -97
-47.614116 36.703986 -102
-46.258695 38.332065 -88
-44.903021 39.959889 -74
-43.438183 41.487940 -61
-41.973342 43.015486 -48
-40.406448 44.436150 -36
-38.839299 45.856564 -24
-37.177457 47.163240 -12
-35.515866 48.469407 -2
-33.767707 49.655749 8
-32.019294 50.841839 18
-30.193198 51.902261 27
-28.366844 52.962426 36
-26.471693 53.892106 44
-24.576288 54.821272 52
-22.621223 55.615383 59
-20.665906 56.409240 65
-18.660321 57.064230 71
-16.654988 57.719220 76
-14.608784 58.231785 81
-12.562579 58.744604 85
-10.485910 59.112209 89
-8.409241 59.480069 92
-6.312008 59.701698 94
-4.215029 59.923328 95
-2.107388 59.997208 96
0.000000 60.071083 97
2.107388 59.997208 96
4.215029 59.923328 95
6.312008 59.701698 94
8.409241 59.480069 92
10.485910 59.112209 89
12.562579 58.744604 85
14.608784 58.231785 81
16.654988 57.719220 76
18.660321 57.064230 71
20.665906 56.409240 65
22.621223 55.615383 59
24.576288 54.821272 52
26.471693 53.892106 44
28.366844 52.962426 36
30.193198 51.902261 27
32.019294 50.841839 18
33.767707 49.655749 8
35.515866 48.469407 -2
37.177457 47.163240 -12
38.839299 45.856564 -24
40.406448 44.436150 -36
41.973342 43.015486 -48
43.438183 41.487940 -61
44.903021 39.959889 -74
46.258695 38.332065 -88
47.614116 36.703986 -102
-47.004824 33.664383 -106
-45.812136 35.296013 -92
-44.507998 36.863164 -79
-43.203860 38.429805 -66
-41.794365 39.900481 -53
-40.385124 41.370652 -41
-38.877380 42.738003 -29
-37.369383 44.104850 -17
-35.770754 45.362527 -6
-34.171872 46.619446 3
-32.489719 47.761359 13
-30.807820 48.902768 23
-29.050522 49.923330 32
-27.293475 50.943642 40
-25.469916 51.838031 48
-23.646357 52.732416 55
-21.765169 53.496572 62
-19.883980 54.260728 68
-17.954302 54.890833 74
-16.024626 55.521198 79
-14.055851 56.014468 84
-12.087332 56.507745 87
-10.089109 56.861895 91
-8.091140 57.215790 94
-6.073115 57.429040 96
-4.055344 57.642042 97
-2.027672 57.713381 98
0.000000 57.784460 98
2.027672 57.713381 98
4.055344 57.642042 97
6.073115 57.429040 96
8.091140 57.215790 94
10.089109 56.861895 91
12.087332 56.507745 87
14.055851 56.014468 84
16.024626 55.521198 79
17.954302 54.890833 74
19.883980 54.260728 68
21.765169 53.496572 62
23.646357 52.732416 55
25.469916 51.838031 48
27.293475 50.943642 40
29.050522 49.923330 32
30.807820 48.902768 23
32.489719 47.761359 13
34.171872 46.619446 3
35.770754 45.362527 -6
37.369383 44.104850 -17
38.877380 42.738003 -29
40.385124 41.370652 -41
41.794365 39.900481 -53
43.203860 38.429805 -66
44.507998 36.863164 -79
45.812136 35.296013 -92
47.004824 33.664383 -106
-45.128205 32.300837 -97
-43.983244 33.890834 -84
-42.731151 35.396040 -71
-41.478801 36.900483 -58
-40.125668 38.312770 -46
-38.772531 39.725058 -34
-37.324955 41.037826 -23
-35.877379 42.350598 -12
-34.342473 43.558010 -1
-32.807566 44.765170 8
-31.192436 45.861640 17
-29.577559 46.957604 27
-27.890581 47.937548 35
-26.203860 48.917237 43
-24.452907 49.776087 51
-22.702208 50.634679 58
-20.896166 51.368622 64
-19.089871 52.102058 70
-17.237369 52.707283 76
-15.384870 53.312261 81
-13.494796 53.785729 85
-11.604722 54.259457 89
-9.686215 54.599643 92
-7.767962 54.939326 95
-5.830668 55.143948 97
-3.893374 55.348564 98
-1.946687 55.416860 99
0.000000 55.485404 99
1.946687 55.416860 99
3.893374 55.348564 98
5.830668 55.143948 97
7.767962 54.939326 95
9.686215 54.599643 92
11.604722 54.259457 89
13.494796 53.785729 85
15.384870 53.312261 81
17.237369 52.707283 76
19.089871 52.102058 70
20.896166 51.368622 64
22.702208 50.634679 58
24.452907 49.776087 51
26.203860 48.917237 43
27.890581 47.937548 35
29.577559 46.957604 27
31.192436 45.861640 17
32.807566 44.765170 8
34.342473 43.558010 -1
35.877379 42.350598 -12
37.324955 41.037826 -23
38.772531 39.725058 -34
40.125668 38.312770 -46
41.478801 36.900483 -58
42.731151 35.396040 -71
43.983244 33.890834 -84
45.128205 32.300837 -97
-44.348820 29.412289 -102
-43.251334 30.937294 -89
-42.154099 32.461793 -76
-40.954051 33.905053 -64
-39.753999 35.347295 -51
-38.456967 36.701448 -40
-37.160193 38.055344 -28
-35.772784 39.313784 -18
-34.385376 40.572481 -7
-32.914191 41.729880 2
-31.443007 42.887280 12
-29.895404 43.938309 21
-28.347550 44.989083 30
-26.730898 45.928408 38
-25.113988 46.867733 46
-23.436152 47.691040 53
-21.758060 48.514343 60
-20.027164 49.217569 66
-18.296014 49.920792 72
-16.520436 50.501142 77
-14.745113 51.080984 82
-12.933486 51.534906 86
-11.122112 51.989083 89
-9.283574 52.315053 92
-7.445037 52.640772 95
-5.588220 52.837014 97
-3.731658 53.033003 98
-1.865702 53.098503 99
0.000000 53.164252 99
1.865702 53.098503 99
3.731658 53.033003 98
5.588220 52.837014 97
7.445037 52.640772 95
9.283574 52.315053 92
11.122112 51.989083 89
12.933486 51.534906 86
14.745113 51.080984 82
16.520436 50.501142 77
18.296014 49.920792 72
20.027164 49.217569 66
21.758060 48.514343 60
23.436152 47.691040 53
25.113988 46.867733 46
26.730898 45.928408 38
28.347550 44.989083 30
29.895404 43.938309 21
31.443007 42.887280 12
32.914191 41.729880 2
34.385376 40.572481 -7
35.772784 39.313784 -18
37.160193 38.055344 -28
38.456967 36.701448 -40
39.753999 35.347295 -51
40.954051 33.905053 -64
42.154099 32.461793 -76
43.251334 30.937294 -89
44.348820 29.412289 -102
-43.298554 26.677836 -107
-42.396293 28.121603 -94
-41.347297 29.580602 -81
-40.298298 31.038588 -69
-39.151054 32.418633 -57
-38.003807 33.798171 -46
-36.764154 35.092915 -34
-35.524246 36.387409 -24
-34.198021 37.591012 -13
-32.871794 38.794364 -3
-31.465348 39.900989 6
-30.058899 41.007617 15
-28.579335 42.012440 24
-27.099771 43.017011 32
-25.553948 43.915206 40
-24.008378 44.813152 47
-22.404418 45.600154 54
-20.800203 46.387156 61
-19.145469 47.059661 67
-17.490734 47.731913 72
-15.793348 48.286621 77
-14.095963 48.841076 82
-12.364052 49.275196 86
-10.632394 49.709318 89
-8.874841 50.020562 92
-7.117289 50.332063 94
-5.342219 50.519674 96
-3.567403 50.707286 98
-1.783702 50.769737 98
0.000000 50.832446 99
1.783702 50.769737 98
3.567403 50.707286 98
5.342219 50.519674 96
7.117289 50.332063 94
8.874841 50.020562 92
10.632394 49.709318 89
12.364052 49.275196 86
14.095963 48.841076 82
15.793348 48.286621 77
17.490734 47.731913 72
19.145469 47.059661 67
20.800203 46.387156 61
22.404418 45.600154 54
24.008378 44.813152 47
25.553948 43.915206 40
27.099771 43.017011 32
28.579335 42.012440 24
30.058899 41.007617 15
31.465348 39.900989 6
32.871794 38.794364 -3
34.198021 37.591012 -13
35.524246 36.387409 -24
36.764154 35.092915 -34
38.003807 33.798171 -46
39.151054 32.418633 -57
40.298298 31.038588 -69
41.347297 29.580602 -81
42.396293 28.121603 -94
43.298554 26.677836 -107
-41.346281 25.361005 -99
-40.444020 26.804772 -87
-39.443261 28.197260 -75
-38.442498 29.588728 -63
-37.348312 30.905814 -52
-36.253873 32.222391 -41
-35.071083 33.457985 -30
-33.888550 34.693322 -19
-32.623255 35.842091 -10
-31.357957 36.990354 0
-30.016247 38.046459 8
-28.674791 39.102564 17
-27.263265 40.061437 25
-25.851739 41.019802 33
-24.377252 41.876873 41
-22.902768 42.733689 48
-21.372683 43.484640 55
-19.842346 44.235845 61
-18.263772 44.877379 67
-16.685199 45.519167 72
-15.066007 46.048235 77
-13.446813 46.577305 81
-11.794872 46.991622 85
-10.142930 47.405688 88
-8.466108 47.702971 91
-6.789541 47.999999 93
-5.096217 48.178980 95
-3.403148 48.357958 96
-1.701447 48.417620 97
0.000000 48.477533 97
1.701447 48.417620 97
3.403148 48.357958 96
5.096217 48.178980 95
6.789541 47.999999 93
8.466108 47.702971 91
10.142930 47.405688 88
11.794872 46.991622 85
13.446813 46.577305 81
15.066007 46.048235 77
16.685199 45.519167 72
18.263772 44.877379 67
19.842346 44.235845 61
21.372683 43.484640 55
22.902768 42.733689 48
24.377252 41.876873 41
25.851739 41.019802 33
27.263265 40.061437 25
28.674791 39.102564 17
30.016247 38.046459 8
31.357957 36.990354 0
32.623255 35.842091 -10
33.888550 34.693322 -19
35.071083 33.457985 -30
36.253873 32.222391 -41
37.348312 30.905814 -52
38.442498 29.588728 -63
39.443261 28.197260 -75
40.444020 26.804772 -87
41.346281 25.361005 -99
-40.180756 22.718965 -104
-39.322672 24.109420 -92
-38.464585 25.499112 -80
-37.512821 26.824066 -69
-36.561056 28.148261 -58
-35.520437 29.401371 -47
-34.479564 30.653718 -36
-33.354658 31.829399 -26
-32.230009 33.004317 -16
-31.026657 34.096978 -7
-29.823305 35.189388 1
-28.547347 36.193956 10
-27.271388 37.198273 18
-25.928917 38.110435 26
-24.586444 39.022086 34
-23.184310 39.837267 41
-21.781924 40.652197 48
-20.326732 41.366338 54
-18.871288 42.080733 60
-17.369891 42.690784 66
-15.868749 43.301092 70
-14.328763 43.804264 75
-12.788779 44.307439 79
-11.217568 44.701448 83
-9.646357 45.095203 86
-8.051790 45.378016 88
-6.457223 45.660572 91
-4.846915 45.830922 92
-3.236354 46.001015 94
-1.618177 46.057882 94
0.000000 46.114749 95
1.618177 46.057882 94
3.236354 46.001015 94
4.846915 45.830922 92
6.457223 45.660572 91
8.051790 45.378016 88
9.646357 45.095203 86
11.217568 44.701448 83
12.788779 44.307439 79
14.328763 43.804264 75
15.868749 43.301092 70
17.369891 42.690784 66
18.871288 42.080733 60
20.326732 41.366338 54
21.781924 40.652197 48
23.184310 39.837267 41
24.586444 39.022086 34
25.928917 38.110435 26
27.271388 37.198273 18
28.547347 36.193956 10
29.823305 35.189388 1
31.026657 34.096978 -7
32.230009 33.004317 -16
33.354658 31.829399 -26
34.479564 30.653718 -36
35.520437 29.401371 -47
36.561056 28.148261 -58
37.512821 26.824066 -69
38.464585 25.499112 -80
39.322672 24.109420 -92
40.180756 22.718965 -104
-38.834223 20.182788 -108
-38.113227 21.525260 -97
-37.299314 22.845138 -86
-36.485403 24.164003 -74
-35.582635 25.421426 -64
-34.679869 26.678090 -53
-33.692562 27.867481 -43
-32.705255 29.056106 -33
-31.638233 30.171616 -23
-30.571464 31.286875 -14
-29.430058 32.323686 -5
-28.288653 33.360496 3
-27.078192 34.313531 11
-25.867987 35.266566 19
-24.594568 36.132013 26
-23.321401 36.997206 34
-21.991114 37.770755 40
-20.661082 38.543793 47
-19.280529 39.221628 53
-17.900229 39.899467 58
-16.476009 40.478547 64
-15.052044 41.057375 68
-13.591266 41.534906 73
-12.130490 42.012440 76
-10.640264 42.386138 80
-9.150038 42.759839 83
-7.637471 43.028180 85
-6.124905 43.296270 87
-4.597360 43.457986 89
-3.069815 43.619194 90
-1.534907 43.673014 91
0.000000 43.727089 91
1.534907 43.673014 91
3.069815 43.619194 90
4.597360 43.457986 89
6.124905 43.296270 87
7.637471 43.028180 85
9.150038 42.759839 83
10.640264 42.386138 80
12.130490 42.012440 76
13.591266 41.534906 73
15.052044 41.057375 68
16.476009 40.478547 64
17.900229 39.899467 58
19.280529 39.221628 53
20.661082 38.543793 47
21.991114 37.770755 40
23.321401 36.997206 34
24.594568 36.132013 26
25.867987 35.266566 19
27.078192 34.313531 11
28.288653 33.360496 3
29.430058 32.323686 -5
30.571464 31.286875 -14
31.638233 30.171616 -23
32.705255 29.056106 -33
33.692562 27.867481 -43
34.679869 26.678090 -53
35.582635 25.421426 -64
36.485403 24.164003 -74
37.299314 22.845138 -86
38.113227 21.525260 -97
38.834223 20.182788 -108
-36.700178 19.048237 -102
-36.018787 20.349075 -91
-35.249555 21.597613 -80
-34.480326 22.844630 -70
-33.627061 24.033767 -60
-32.774054 25.221629 -50
-31.841076 26.346027 -40
-30.908098 27.469663 -30
-29.899721 28.524246 -21
-28.891344 29.578319 -13
-27.812644 30.558008 -4
-26.733944 31.537955 3
-25.590251 32.438690 11
-24.446560 33.339426 18
-23.243209 34.157399 26
-22.039858 34.974868 32
-20.782686 35.705762 39
-19.525768 36.436659 45
-18.221122 37.077176 51
-16.916477 37.717694 56
-15.570704 38.264788 61
-14.224930 38.811882 65
-12.844377 39.263264 69
-11.464077 39.714394 73
-10.055598 40.067530 76
-8.647118 40.420666 79
-7.217822 40.674284 81
-5.788271 40.927647 83
-4.344758 41.080224 85
-2.901244 41.232801 86
-1.450622 41.283829 86
0.000000 41.334604 87
1.450622 41.283829 86
2.901244 41.232801 86
4.344758 41.080224 85
5.788271 40.927647 83
7.217822 40.674284 81
8.647118 40.420666 79
10.055598 40.067530 76
11.464077 39.714394 73
12.844377 39.263264 69
14.224930 38.811882 65
15.570704 38.264788 61
16.916477 37.717694 56
18.221122 37.077176 51
19.525768 36.436659 45
20.782686 35.705762 39
22.039858 34.974868 32
23.243209 34.157399 26
24.446560 33.339426 18
25.590251 32.438690 11
26.733944 31.537955 3
27.812644 30.558008 -4
28.891344 29.578319 -13
29.899721 28.524246 -21
30.908098 27.469663 -30
31.841076 26.346027 -40
32.774054 25.221629 -50
33.627061 24.033767 -60
34.480326 22.844630 -70
35.249555 21.597613 -80
36.018787 20.349075 -91
36.700178 19.048237 -102
-35.207920 16.686215 -107
-34.566135 17.913429 -96
-33.924347 19.139884 -86
-33.199797 20.316832 -76
-32.475246 21.492259 -66
-31.671745 22.613099 -56
-30.868241 23.732926 -47
-29.989592 24.792589 -38
-29.110689 25.851486 -29
-28.160955 26.845140 -20
-27.211475 27.838539 -12
-26.195480 28.761870 -4
-25.179487 29.685201 3
-24.102311 30.534145 10
-23.024880 31.382839 17
-21.891597 32.153847 24
-20.758314 32.924093 30
-19.574258 33.612592 36
-18.390201 34.301346 42
-17.161462 34.904799 47
-15.932725 35.508252 52
-14.665397 36.023863 57
-13.397816 36.539478 61
-12.097486 36.964459 65
-10.797410 37.389694 68
-9.470932 37.722265 71
-8.144453 38.055090 74
-6.798172 38.293984 76
-5.451638 38.532624 78
-4.092155 38.676567 79
-2.732419 38.820259 80
-1.366337 38.868241 81
0.000000 38.916223 81
1.366337 38.868241 81
2.732419 38.820259 80
4.092155 38.676567 79
5.451638 38.532624 78
6.798172 38.293984 76
8.144453 38.055090 74
9.470932 37.722265 71
10.797410 37.389694 68
12.097486 36.964459 65
13.397816 36.539478 61
14.665397 36.023863 57
15.932725 35.508252 52
17.161462 34.904799 47
18.390201 34.301346 42
19.574258 33.612592 36
20.758314 32.924093 30
21.891597 32.153847 24
23.024880 31.382839 17
24.102311 30.534145 10
25.179487 29.685201 3
26.195480 28.761870 -4
27.211475 27.838539 -12
28.160955 26.845140 -20
29.110689 25.851486 -29
29.989592 24.792589 -38
30.868241 23.732926 -47
31.671745 22.613099 -56
32.475246 21.492259 -66
33.199797 20.316832 -76
33.924347 19.139884 -86
34.566135 17.913429 -96
35.207920 16.686215 -107
-33.008122 15.650926 -101
-32.406448 16.802996 -91
-31.804774 17.953797 -82
-31.125413 19.057630 -72
-30.446307 20.160447 -63
-29.693069 21.211475 -54
-28.939580 22.261742 -45
-28.115765 23.255396 -37
-27.291953 24.248287 -28
-26.401624 25.180248 -20
-25.511298 26.111450 -13
-24.558771 26.977152 -5
-23.606245 27.842853 1
-22.596344 28.638743 8
-21.586443 29.434375 15
-20.523737 30.156639 21
-19.461285 30.878902 27
-18.351358 31.524753 33
-17.241432 32.170092 38
-16.089363 32.735719 43
-14.937294 33.301345 48
-13.748921 33.784718 52
-12.560549 34.267833 56
-11.341711 34.666667 60
-10.122874 35.064990 63
-8.879157 35.376999 66
-7.635441 35.688754 68
-6.373445 35.912668 70
-5.111196 36.136584 72
-3.836507 36.271388 73
-2.561818 36.406195 74
-1.280782 36.451128 75
0.000000 36.496318 75
1.280782 36.451128 75
2.561818 36.406195 74
3.836507 36.271388 73
5.111196 36.136584 72
6.373445 35.912668 70
7.635441 35.688754 68
8.879157 35.376999 66
10.122874 35.064990 63
11.341711 34.666667 60
12.560549 34.267833 56
13.748921 33.784718 52
14.937294 33.301345 48
16.089363 32.735719 43
17.241432 32.170092 38
18.351358 31.524753 33
19.461285 30.878902 27
20.523737 30.156639 21
21.586443 29.434375 15
22.596344 28.638743 8
23.606245 27.842853 1
24.558771 26.977152 -5
25.511298 26.111450 -13
26.401624 25.180248 -20
27.291953 24.248287 -28
28.115765 23.255396 -37
28.939580 22.261742 -45
29.693069 21.211475 -54
30.446307 20.160447 -63
31.125413 19.057630 -72
31.804774 17.953797 -82
32.406448 16.802996 -91
33.008122 15.650926 -101
-31.294998 13.502411 -106
-30.808328 14.577811 -97
-30.246764 15.654735 -87
-29.685201 16.730135 -78
-29.051281 17.761615 -70
-28.417364 18.792078 -61
-27.714142 19.773801 -53
-27.011170 20.755015 -44
-26.242195 21.683168 -36
-25.473217 22.610561 -29
-24.642042 23.481088 -21
-23.811119 24.350852 -14
-22.922062 25.159686 -7
-22.033258 25.968012 0
-21.090378 26.711349 5
-20.147753 27.454431 11
-19.156131 28.128967 17
-18.164255 28.803505 23
-17.128205 29.406447 28
-16.092409 30.009138 33
-15.017010 30.537192 38
-13.941863 31.065500 42
-12.832699 31.516881 46
-11.723534 31.968011 50
-10.585936 32.340442 53
-9.448083 32.712365 56
-8.287383 33.003809 59
-7.126682 33.294998 61
-5.948718 33.503934 63
-4.770500 33.712870 65
-3.580858 33.838792 66
-2.390962 33.964712 67
-1.195481 34.006601 67
0.000000 34.048742 68
1.195481 34.006601 67
2.390962 33.964712 67
3.580858 33.838792 66
4.770500 33.712870 65
5.948718 33.503934 63
7.126682 33.294998 61
8.287383 33.003809 59
9.448083 32.712365 56
10.585936 32.340442 53
11.723534 31.968011 50
12.832699 31.516881 46
13.941863 31.065500 42
15.017010 30.537192 38
16.092409 30.009138 33
17.128205 29.406447 28
18.164255 28.803505 23
19.156131 28.128967 17
20.147753 27.454431 11
21.090378 26.711349 5
22.033258 25.968012 0
22.922062 25.159686 -7
23.811119 24.350852 -14
24.642042 23.481088 -21
25.473217 22.610561 -29
26.242195 21.683168 -36
27.011170 20.755015 -44
27.714142 19.773801 -53
28.417364 18.792078 -61
29.051281 17.761615 -70
29.685201 16.730135 -78
30.246764 15.654735 -87
30.808328 14.577811 -97
31.294998 13.502411 -106
-29.512567 11.468138 -110
-29.060928 12.507744 -102
-28.609039 13.545063 -93
-28.087586 14.546331 -85
-27.565878 15.545569 -76
-26.977406 16.503934 -68
-26.388676 17.461286 -60
-25.735719 18.373445 -52
-25.082762 19.284590 -45
-24.368622 20.146740 -37
-23.654735 21.007870 -30
-22.882965 21.815945 -23
-22.111196 22.623763 -16
-21.285860 23.374714 -10
-20.460269 24.125414 -4
-19.584920 24.815689 2
-18.709570 25.505459 7
-17.788525 26.131761 13
-16.867478 26.758060 18
-15.905560 27.317848 23
-14.943387 27.877379 27
-13.945163 28.367861 32
-12.946687 28.858339 36
-11.916730 29.277481 40
-10.886773 29.696369 43
-9.830160 30.041888 46
-8.773546 30.387407 49
-7.695862 30.658035 51
-6.617923 30.928155 53
-5.523991 31.122367 55
-4.430058 31.316325 57
-3.325209 31.433105 58
-2.220360 31.550140 59
-1.110180 31.588983 59
0.000000 31.628077 59
1.110180 31.588983 59
2.220360 31.550140 59
3.325209 31.433105 58
4.430058 31.316325 57
5.523991 31.122367 55
6.617923 30.928155 53
7.695862 30.658035 51
8.773546 30.387407 49
9.830160 30.041888 46
10.886773 29.696369 43
11.916730 29.277481 40
12.946687 28.858339 36
13.945163 28.367861 32
14.943387 27.877379 27
15.905560 27.317848 23
16.867478 26.758060 18
17.788525 26.131761 13
18.709570 25.505459 7
19.584920 24.815689 2
20.460269 24.125414 -4
21.285860 23.374714 -10
22.111196 22.623763 -16
22.882965 21.815945 -23
23.654735 21.007870 -30
24.368622 20.146740 -37
25.082762 19.284590 -45
25.735719 18.373445 -52
26.388676 17.461286 -60
26.977406 16.503934 -68
27.565878 15.545569 -76
28.087586 14.546331 -85
28.609039 13.545063 -93
29.060928 12.507744 -102
29.512567 11.468138 -110
-27.243717 10.551408 -106
-26.409495 12.472709 -90
-25.446813 14.322164 -75
-24.359989 16.092918 -60
-23.154354 17.778117 -46
-21.835999 19.370653 -32
-20.411272 20.863673 -20
-18.887280 22.250824 -8
-17.271135 23.525769 2
-15.570704 24.682915 12
-13.794618 25.716933 21
-11.951257 26.623002 28
-10.049758 27.397056 35
-8.099264 28.035036 40
-6.109165 28.534653 45
-4.089363 28.893374 48
-2.049759 29.108910 49
0.000000 29.181009 50
2.049759 29.108910 49
4.089363 28.893374 48
6.109165 28.534653 45
8.099264 28.035036 40
10.049758 27.397056 35
11.951257 26.623002 28
13.794618 25.716933 21
15.570704 24.682915 12
17.271135 23.525769 2
18.887280 22.250824 -8
20.411272 20.863673 -20
21.835999 19.370653 -32
23.154354 17.778117 -46
24.359989 16.092918 -60
25.446813 14.322164 -75
26.409495 12.472709 -90
27.243717 10.551408 -106
-24.923839 9.669204 -103
-24.160701 11.429044 -89
-23.223153 13.095963 -74
-22.285606 14.741814 -61
-21.130997 16.249049 -48
-19.976644 17.739528 -36
-18.627824 19.063469 -24
-17.279005 20.373699 -13
-15.761868 21.491497 -3
-14.244986 22.597613 5
-12.589236 23.489973 13
-10.933486 24.371668 20
-9.171617 25.022341 26
-7.409494 25.663112 31
-5.575273 26.060168 35
-3.741051 26.447830 37
-1.870526 26.583905 39
0.000000 26.710841 40
1.870526 26.583905 39
3.741051 26.447830 37
5.575273 26.060168 35
7.409494 25.663112 31
9.171617 25.022341 26
10.933486 24.371668 20
12.589236 23.489973 13
14.244986 22.597613 5
15.761868 21.491497 -3
17.279005 20.373699 -13
18.627824 19.063469 -24
19.976644 17.739528 -36
21.130997 16.249049 -48
22.285606 14.741814 -61
23.223153 13.095963 -74
24.160701 11.429044 -89
24.923839 9.669204 -103
-22.603960 8.731659 -101
-21.911906 10.332063 -88
-21.061437 11.840314 -75
-20.211221 13.342474 -63
-19.164255 14.705509 -51
-18.117289 16.065246 -40
-16.893882 17.261997 -29
-15.670729 18.456715 -20
-14.294745 19.466617 -11
-12.919015 20.475756 -2
-11.417365 21.280782 4
-9.915968 22.085808 10
-8.317848 22.671999 16
-6.719726 23.257679 20
-5.056359 23.613862 24
-3.392993 23.970045 26
-1.696370 24.089363 28
0.000000 24.208684 28
1.696370 24.089363 28
3.392993 23.970045 26
5.056359 23.613862 24
6.719726 23.257679 20
8.317848 22.671999 16
9.915968 22.085808 10
11.417365 21.280782 4
12.919015 20.475756 -2
14.294745 19.466617 -11
15.670729 18.456715 -20
16.893882 17.261997 -29
18.117289 16.065246 -40
19.164255 14.705509 -51
20.211221 13.342474 -63
21.061437 11.840314 -75
21.911906 10.332063 -88
22.603960 8.731659 -101
-20.265296 7.846409 -100
-19.644834 9.282305 -88
-18.882458 10.634425 -77
-18.120081 11.980706 -66
-17.181519 13.202082 -55
-16.242701 14.420412 -45
-15.145976 15.492511 -36
-14.049252 16.563088 -27
-12.815689 17.468141 -19
-11.582382 18.372177 -12
-10.236101 19.093678 -5
-8.890073 19.814928 0
-7.457222 20.340190 5
-6.024625 20.865194 9
-4.533130 21.184058 12
-3.041889 21.503174 14
-1.520944 21.610307 15
0.000000 21.717189 16
1.520944 21.610307 15
3.041889 21.503174 14
4.533130 21.184058 12
6.024625 20.865194 9
7.457222 20.340190 5
8.890073 19.814928 0
10.236101 19.093678 -5
11.582382 18.372177 -12
12.815689 17.468141 -19
14.049252 16.563088 -27
15.145976 15.492511 -36
16.242701 14.420412 -45
17.181519 13.202082 -55
18.120081 11.980706 -66
18.882458 10.634425 -77
19.644834 9.282305 -88
20.265296 7.846409 -100
-17.926631 6.901496 -100
-17.377761 8.176442 -90
-16.703224 9.376239 -79
-16.028941 10.570194 -70
-15.198527 11.652957 -60
-14.368367 12.732673 -51
-13.398071 13.682409 -43
-12.428028 14.630872 -35
-11.336887 15.432343 -28
-10.245747 16.233055 -22
-9.054837 16.872048 -16
-7.863925 17.510535 -11
-6.596598 17.975630 -7
-5.329271 18.440467 -3
-4.010155 18.723026 0
-2.690784 19.005331 1
-1.345519 19.100279 2
0.000000 19.194721 2
1.345519 19.100279 2
2.690784 19.005331 1
4.010155 18.723026 0
5.329271 18.440467 -3
6.596598 17.975630 -7
7.863925 17.510535 -11
9.054837 16.872048 -16
10.245747 16.233055 -22
11.336887 15.432343 -28
12.428028 14.630872 -35
13.398071 13.682409 -43
14.368367 12.732673 -51
15.198527 11.652957 -60
16.028941 10.570194 -70
16.703224 9.376239 -79
17.377761 8.176442 -90
17.926631 6.901496 -100
-15.621224 6.033257 -101
-15.142675 7.143945 -92
-14.555217 8.188627 -83
-13.967504 9.228230 -74
-13.243970 10.170601 -66
-12.520436 11.110688 -59
-11.675045 11.937800 -51
-10.829652 12.763391 -45
-9.878903 13.461284 -38
-8.928154 14.158418 -33
-7.890327 14.714902 -28
-6.852754 15.270881 -23
-5.748413 15.676059 -20
-4.643818 16.080732 -17
-3.494288 16.326732 -14
-2.344758 16.572735 -12
-1.172379 16.655244 -11
0.000000 16.737752 -11
1.172379 16.655244 -11
2.344758 16.572735 -12
3.494288 16.326732 -14
4.643818 16.080732 -17
5.748413 15.676059 -20
6.852754 15.270881 -23
7.890327 14.714902 -28
8.928154 14.158418 -33
9.878903 13.461284 -38
10.829652 12.763391 -45
11.675045 11.937800 -51
12.520436 11.110688 -59
13.243970 10.170601 -66
13.967504 9.228230 -74
14.555217 8.188627 -83
15.142675 7.143945 -92
15.621224 6.033257 -101
-12.907845 6.054074 -95
-11.906068 7.838029 -80
-10.672506 9.447067 -67
-9.231277 10.858846 -55
-7.610307 12.049758 -45
-5.841330 12.999493 -37
-3.958619 13.690531 -31
-1.998731 14.110436 -28
0.000000 14.251332 -27
1.998731 14.110436 -28
3.958619 13.690531 -31
5.841330 12.999493 -37
7.610307 12.049758 -45
9.231277 10.858846 -55
10.672506 9.447067 -67
11.906068 7.838029 -80
12.907845 6.054074 -95
-10.597868 5.000761 -100
-9.680122 6.401879 -87
-8.762630 7.778370 -76
-7.505459 8.850977 -67
-6.248286 9.911145 -58
-4.749175 10.588221 -52
-3.250064 11.256410 -47
-1.625032 11.490225 -44
0.000000 11.715917 -43
1.625032 11.490225 -44
3.250064 11.256410 -47
4.749175 10.588221 -52
6.248286 9.911145 -58
7.505459 8.850977 -67
8.762630 7.778370 -76
9.680122 6.401879 -87
10.597868 5.000761 -100
-8.287637 3.874079 -105
-7.569941 4.971819 -95
-6.852501 6.058390 -87
-5.869256 6.896420 -79
-4.886266 7.731404 -73
-3.713887 8.258950 -68
-2.541508 8.785733 -64
-1.270881 8.965727 -62
0.000000 9.145721 -61
1.270881 8.965727 -62
2.541508 8.785733 -64
3.713887 8.258950 -68
4.886266 7.731404 -73
5.869256 6.896420 -79
6.852501 6.058390 -87
7.569941 4.971819 -95
8.287637 3.874079 -105
-5.638995 3.304647 -104
-4.921554 4.368623 -98
-4.215537 4.968519 -93
-3.509520 5.566641 -88
-2.667428 5.944656 -84
-1.825336 6.322417 -82
-0.912668 6.451383 -80
0.000000 6.580351 -80
0.912668 6.451383 -80
1.825336 6.322417 -82
2.667428 5.944656 -84
3.509520 5.566641 -88
4.215537 4.968519 -93
4.921554 4.368623 -98
5.638995 3.304647 -104
-2.990607 2.630111 -111
-2.132521 3.363289 -105
-1.109165 3.824575 -101
0.000000 3.981974 -99
1.109165 3.824575 -101
2.132521 3.363289 -105
2.990607 2.630111 -111
