# Active surface commands at 38.386345
# Zero points are Off, FEM corrections are Off
-12.741051 103.255394 49
-10.929931 103.478548 42
-9.111958 103.637726 35
-7.293983 103.797412 28
-5.471693 103.893116 21
-3.649150 103.988833 14
-1.824575 104.021075 7
0.000000 104.052809 0
1.824575 104.021075 -7
3.649150 103.988833 -14
5.471693 103.893116 -21
7.293983 103.797412 -28
9.111958 103.637726 -35
10.929931 103.478548 -42
12.741051 103.255394 -49
-23.048235 99.466362 83
-21.336126 99.861387 77
-19.578065 100.204114 71
-17.820005 100.546840 65
-16.051028 100.827872 59
-14.282051 101.109163 53
-12.504442 101.327749 47
-10.726834 101.546838 40
-8.942625 101.703220 33
-7.158416 101.859863 27
-5.369891 101.953794 20
-3.581366 102.047726 13
-1.790810 102.079205 6
0.000000 102.110431 0
1.790810 102.079205 -6
3.581366 102.047726 -13
5.369891 101.953794 -20
7.158416 101.859863 -27
8.942625 101.703220 -33
10.726834 101.546838 -40
12.504442 101.327749 -47
14.282051 101.109163 -53
16.051028 100.827872 -59
17.820005 100.546840 -65
19.578065 100.204114 -71
21.336126 99.861387 -77
23.048235 99.466362 -83
-29.431075 95.752474 97
-27.750698 96.268088 93
-26.053567 96.724041 88
-24.356436 97.180501 83
-22.644327 97.566385 78
-20.932217 97.961664 73
-19.207413 98.297790 67
-17.482610 98.634170 62
-15.747145 98.909623 56
-14.011678 99.185578 50
-12.267835 99.400352 44
-10.523737 99.615127 38
-8.773292 99.768466 31
-7.023103 99.922314 25
-5.268342 100.014472 19
-3.513582 100.106625 12
-1.756791 100.137596 6
0.000000 100.168314 0
1.756791 100.137596 -6
3.513582 100.106625 -12
5.268342 100.014472 -19
7.023103 99.922314 -25
8.773292 99.768466 -31
10.523737 99.615127 -38
12.267835 99.400352 -44
14.011678 99.185578 -50
15.747145 98.909623 -56
17.482610 98.634170 -62
19.207413 98.297790 -67
20.932217 97.961664 -73
22.644327 97.566385 -78
24.356436 97.180501 -83
26.053567 96.724041 -88
27.750698 96.268088 -93
29.431075 95.752474 -97
-33.758314 92.233310 102
-32.129727 92.795887 99
-30.500890 93.358464 95
-28.853517 93.863672 91
-27.206144 94.368874 87
-25.542269 94.816198 82
-23.878396 95.263517 78
-22.200051 95.651942 73
-20.521453 96.040875 68
-18.830413 96.370399 63
-17.139629 96.700178 58
-15.438182 96.970295 52
-13.736736 97.240672 47
-12.026910 97.451380 41
-10.317339 97.661841 35
-8.601167 97.812391 29
-6.885250 97.963189 24
-5.165016 98.053569 18
-3.444783 98.143942 12
-1.722264 98.174158 6
0.000000 98.204367 0
1.722264 98.174158 -6
3.444783 98.143942 -12
5.165016 98.053569 -18
6.885250 97.963189 -24
8.601167 97.812391 -29
10.317339 97.661841 -35
12.026910 97.451380 -41
13.736736 97.240672 -47
15.438182 96.970295 -52
17.139629 96.700178 -58
18.830413 96.370399 -63
20.521453 96.040875 -68
22.200051 95.651942 -73
23.878396 95.263517 -78
25.542269 94.816198 -82
27.206144 94.368874 -87
28.853517 93.863672 -91
30.500890 93.358464 -95
32.129727 92.795887 -99
33.758314 92.233310 -102
-37.788525 88.513329 103
-36.234578 89.175168 101
-34.658542 89.781925 98
-33.082762 90.376744 95
-31.486418 90.928152 92
-29.890328 91.479560 89
-28.275959 91.974610 85
-26.661588 92.469659 81
-25.030972 92.908096 77
-23.400355 93.346279 73
-21.755522 93.727340 68
-20.110687 94.108401 64
-18.453669 94.431325 59
-16.796395 94.754503 54
-15.129221 95.019296 49
-13.461793 95.284336 44
-11.786240 95.490731 38
-10.110688 95.696877 33
-8.429043 95.844632 28
-6.747398 95.992127 22
-5.061437 96.080728 16
-3.375730 96.169329 11
-1.687992 96.199036 5
0.000000 96.228737 0
1.687992 96.199036 -5
3.375730 96.169329 -11
5.061437 96.080728 -16
6.747398 95.992127 -22
8.429043 95.844632 -28
10.110688 95.696877 -33
11.786240 95.490731 -38
13.461793 95.284336 -44
15.129221 95.019296 -49
16.796395 94.754503 -54
18.453669 94.431325 -59
20.110687 94.108401 -64
21.755522 93.727340 -68
23.400355 93.346279 -73
25.030972 92.908096 -77
26.661588 92.469659 -81
28.275959 91.974610 -85
29.890328 91.479560 -89
31.486418 90.928152 -92
33.082762 90.376744 -95
34.658542 89.781925 -98
36.234578 89.175168 -101
37.788525 88.513329 -103
-39.992131 85.333588 99
-38.525769 86.017008 98
-37.004061 86.665143 96
-35.482357 87.313278 94
-33.939070 87.907589 91
-32.395784 88.501900 88
-30.832953 89.041885 86
-29.269864 89.581871 82
-27.689008 90.067022 79
-26.108150 90.551913 75
-24.511297 90.980959 72
-22.914699 91.410254 68
-21.303884 91.783444 64
-19.693322 92.156386 59
-18.070576 92.472709 55
-16.447830 92.789286 50
-14.815182 93.048742 46
-13.182280 93.308198 41
-11.541508 93.510279 36
-9.900736 93.712366 31
-8.254126 93.856817 26
-6.607261 94.001522 21
-4.956588 94.088345 15
-3.305662 94.175173 10
-1.652704 94.203857 5
0.000000 94.233050 0
1.652704 94.203857 -5
3.305662 94.175173 -10
4.956588 94.088345 -15
6.607261 94.001522 -21
8.254126 93.856817 -26
9.900736 93.712366 -31
11.541508 93.510279 -36
13.182280 93.308198 -41
14.815182 93.048742 -46
16.447830 92.789286 -50
18.070576 92.472709 -55
19.693322 92.156386 -59
21.303884 91.783444 -64
22.914699 91.410254 -68
24.511297 90.980959 -72
26.108150 90.551913 -75
27.689008 90.067022 -79
29.269864 89.581871 -82
30.832953 89.041885 -86
32.395784 88.501900 -88
33.939070 87.907589 -91
35.482357 87.313278 -94
37.004061 86.665143 -96
38.525769 86.017008 -98
39.992131 85.333588 -99
-43.525259 81.348821 94
-42.083525 82.085805 94
-40.641787 82.823303 93
-39.175425 83.498858 92
-37.709063 84.182532 90
-36.219597 84.816957 88
-34.730135 85.451382 86
-33.219599 86.033253 84
-31.709064 86.614877 82
-30.179234 87.143439 79
-28.649403 87.671995 76
-27.102058 88.146988 73
-25.554709 88.621479 70
-23.991623 89.041631 66
-22.428788 89.461790 63
-20.852247 89.827114 59
-19.275705 90.192179 55
-17.687485 90.501901 51
-16.099010 90.811629 47
-14.500889 91.065755 42
-12.902767 91.319626 38
-11.297029 91.517387 33
-9.691039 91.715154 29
-8.078954 91.856816 24
-6.467124 91.998224 19
-4.851485 92.083268 14
-3.235593 92.168317 9
-1.617669 92.196493 4
0.000000 92.224930 0
1.617669 92.196493 -4
3.235593 92.168317 -9
4.851485 92.083268 -14
6.467124 91.998224 -19
8.078954 91.856816 -24
9.691039 91.715154 -29
11.297029 91.517387 -33
12.902767 91.319626 -38
14.500889 91.065755 -42
16.099010 90.811629 -47
17.687485 90.501901 -51
19.275705 90.192179 -55
20.852247 89.827114 -59
22.428788 89.461790 -63
23.991623 89.041631 -66
25.554709 88.621479 -70
27.102058 88.146988 -73
28.649403 87.671995 -76
30.179234 87.143439 -79
31.709064 86.614877 -82
33.219599 86.033253 -84
34.730135 85.451382 -86
36.219597 84.816957 -88
37.709063 84.182532 -90
39.175425 83.498858 -92
40.641787 82.823303 -93
42.083525 82.085805 -94
43.525259 81.348821 -94
-45.334856 78.006345 86
-43.951002 78.776593 86
-42.566894 79.546588 86
-41.156894 80.267326 86
-39.747144 80.988573 85
-38.313024 81.659560 84
-36.878650 82.331049 83
-35.422189 82.951255 81
-33.965474 83.571716 80
-32.488194 84.140900 78
-31.010917 84.710078 75
-29.514851 85.226957 73
-28.018533 85.744096 70
-26.505205 86.208174 67
-24.992130 86.672506 64
-23.463569 87.083523 61
-21.935009 87.494540 58
-20.393246 87.851739 54
-18.851231 88.208683 51
-17.298045 88.511805 47
-15.744605 88.814672 43
-14.181772 89.063213 39
-12.618685 89.311500 35
-11.048236 89.505201 31
-9.477533 89.698400 26
-7.901244 89.836759 22
-6.324702 89.975371 18
-4.744605 90.058388 13
-3.164255 90.141404 9
-1.582127 90.169079 4
0.000000 90.197001 0
1.582127 90.169079 -4
3.164255 90.141404 -9
4.744605 90.058388 -13
6.324702 89.975371 -18
7.901244 89.836759 -22
9.477533 89.698400 -26
11.048236 89.505201 -31
12.618685 89.311500 -35
14.181772 89.063213 -39
15.744605 88.814672 -43
17.298045 88.511805 -47
18.851231 88.208683 -51
20.393246 87.851739 -54
21.935009 87.494540 -58
23.463569 87.083523 -61
24.992130 86.672506 -64
26.505205 86.208174 -67
28.018533 85.744096 -70
29.514851 85.226957 -73
31.010917 84.710078 -75
32.488194 84.140900 -78
33.965474 83.571716 -80
35.422189 82.951255 -81
36.878650 82.331049 -83
38.313024 81.659560 -84
39.747144 80.988573 -85
41.156894 80.267326 -86
42.566894 79.546588 -86
43.951002 78.776593 -86
45.334856 78.006345 -86
-46.965981 74.651943 77
-45.640265 75.489211 78
-44.314294 76.238640 78
-42.961412 76.991367 78
-41.608529 77.744100 78
-40.230517 78.448847 78
-38.852247 79.153843 77
-37.450369 79.809849 77
-36.048488 80.466110 76
-34.624778 81.072606 74
-33.200813 81.679357 73
-31.756792 82.235593 71
-30.312770 82.791823 69
-28.850217 83.297286 67
-27.387663 83.802742 64
-25.908606 84.256407 62
-24.429297 84.710332 59
-22.935262 85.111959 56
-21.441229 85.513833 53
-19.933994 85.863161 50
-18.427013 86.211980 47
-16.908607 86.508252 43
-15.390200 86.804518 40
-13.862401 87.047475 36
-12.334602 87.290172 32
-10.799442 87.479311 28
-9.264281 87.668444 24
-7.723280 87.803753 20
-6.182534 87.939069 16
-4.637725 88.020307 12
-3.093171 88.101550 8
-1.546585 88.128456 4
0.000000 88.155622 0
1.546585 88.128456 -4
3.093171 88.101550 -8
4.637725 88.020307 -12
6.182534 87.939069 -16
7.723280 87.803753 -20
9.264281 87.668444 -24
10.799442 87.479311 -28
12.334602 87.290172 -32
13.862401 87.047475 -36
15.390200 86.804518 -40
16.908607 86.508252 -43
18.427013 86.211980 -47
19.933994 85.863161 -50
21.441229 85.513833 -53
22.935262 85.111959 -56
24.429297 84.710332 -59
25.908606 84.256407 -62
27.387663 83.802742 -64
28.850217 83.297286 -67
30.312770 82.791823 -69
31.756792 82.235593 -71
33.200813 81.679357 -73
34.624778 81.072606 -74
36.048488 80.466110 -76
37.450369 79.809849 -77
38.852247 79.153843 -77
40.230517 78.448847 -78
41.608529 77.744100 -78
42.961412 76.991367 -78
44.314294 76.238640 -78
45.640265 75.489211 -78
46.965981 74.651943 -77
-47.107389 72.095458 68
-45.870779 72.898959 69
-45.226199 73.294493 69
-44.575780 73.680122 70
-43.280781 74.461285 70
-41.959635 75.196496 71
-41.301599 75.569178 71
-40.638233 75.931707 71
-39.292205 76.620210 70
-37.946178 77.308960 70
-37.264025 77.634680 70
-36.577051 77.949478 69
-35.207920 78.590503 68
-33.817214 79.183042 67
-33.124143 79.484638 67
-32.426505 79.775580 66
-31.016247 80.318863 65
-29.605739 80.862400 63
-28.893628 81.114746 62
-28.177457 81.356179 61
-26.748921 81.849710 59
-25.304392 82.292968 57
-24.583650 82.520182 55
-23.859609 82.736227 54
-22.400355 83.128711 51
-20.941102 83.521196 49
-20.206397 83.697381 47
-19.469155 83.862150 46
-17.997207 84.203097 43
-16.514344 84.492509 40
-15.773801 84.642805 38
-15.031227 84.781672 36
-13.539223 85.019038 33
-12.046966 85.256156 29
-11.298045 85.354147 28
-10.547601 85.440721 26
-9.048236 85.625795 22
-7.543285 85.757807 19
-6.791318 85.829654 17
-6.038335 85.890073 15
-4.529576 85.969284 11
-3.021071 86.048742 7
-2.265804 86.067529 5
-1.510536 86.075146 3
0.000000 86.101295 0
1.510536 86.075146 -3
2.265804 86.067529 -5
3.021071 86.048742 -7
4.529576 85.969284 -11
6.038335 85.890073 -15
6.791318 85.829654 -17
7.543285 85.757807 -19
9.048236 85.625795 -22
10.547601 85.440721 -26
11.298045 85.354147 -28
12.046966 85.256156 -29
13.539223 85.019038 -33
15.031227 84.781672 -36
15.773801 84.642805 -38
16.514344 84.492509 -40
17.997207 84.203097 -43
19.469155 83.862150 -46
20.206397 83.697381 -47
20.941102 83.521196 -49
22.400355 83.128711 -51
23.859609 82.736227 -54
24.583650 82.520182 -55
25.304392 82.292968 -57
26.748921 81.849710 -59
28.177457 81.356179 -61
28.893628 81.114746 -62
29.605739 80.862400 -63
31.016247 80.318863 -65
32.426505 79.775580 -66
33.124143 79.484638 -67
33.817214 79.183042 -67
35.207920 78.590503 -68
36.577051 77.949478 -69
37.264025 77.634680 -70
37.946178 77.308960 -70
39.292205 76.620210 -70
40.638233 75.931707 -71
41.301599 75.569178 -71
41.959635 75.196496 -71
43.280781 74.461285 -70
44.575780 73.680122 -70
45.226199 73.294493 -69
45.870779 72.898959 -69
47.107389 72.095458 -68
-49.664637 67.850213 55
-47.856056 69.128712 57
-46.012187 70.342728 60
-44.146231 71.532112 61
-42.247271 72.671237 62
-40.315563 73.752726 63
-38.353897 74.778879 63
-36.374207 75.768978 63
-34.367098 76.702210 62
-32.333079 77.575017 60
-30.275452 78.389439 58
-28.203603 79.166289 56
-26.110180 79.883978 53
-23.996699 80.538459 50
-21.865449 81.132522 47
-19.724041 81.687482 43
-17.567402 82.181515 39
-15.397309 82.610562 35
-13.215791 82.977659 30
-11.028180 83.304897 25
-8.832191 83.569943 20
-6.629094 83.769229 15
-4.421427 83.905561 10
-2.211729 84.001525 5
0.000000 84.034523 0
2.211729 84.001525 -5
4.421427 83.905561 -10
6.629094 83.769229 -15
8.832191 83.569943 -20
11.028180 83.304897 -25
13.215791 82.977659 -30
15.397309 82.610562 -35
17.567402 82.181515 -39
19.724041 81.687482 -43
21.865449 81.132522 -47
23.996699 80.538459 -50
26.110180 79.883978 -53
28.203603 79.166289 -56
30.275452 78.389439 -58
32.333079 77.575017 -60
34.367098 76.702210 -62
36.374207 75.768978 -63
38.353897 74.778879 -63
40.315563 73.752726 -63
42.247271 72.671237 -62
44.146231 71.532112 -61
46.012187 70.342728 -60
47.856056 69.128712 -57
49.664637 67.850213 -55
-49.543539 65.365829 43
-48.424472 66.143181 47
-46.661081 67.389946 50
-44.863164 68.586440 52
-43.043920 69.749173 54
-41.192433 70.860115 55
-39.308708 71.914953 56
-37.396294 72.915458 56
-35.465854 73.880932 56
-33.509014 74.791064 55
-31.525769 75.642042 54
-29.519676 76.436407 52
-27.499364 77.193702 50
-25.458238 77.893627 48
-23.397309 78.531858 45
-21.319625 79.110940 42
-19.231532 79.652196 39
-17.128713 80.134044 35
-15.012693 80.552423 31
-12.885758 80.910639 27
-10.752983 81.229751 23
-8.611576 81.487943 18
-6.463570 81.682152 14
-4.310993 81.815180 9
-2.156385 81.908603 4
0.000000 81.941100 0
2.156385 81.908603 -4
4.310993 81.815180 -9
6.463570 81.682152 -14
8.611576 81.487943 -18
10.752983 81.229751 -23
12.885758 80.910639 -27
15.012693 80.552423 -31
17.128713 80.134044 -35
19.231532 79.652196 -39
21.319625 79.110940 -42
23.397309 78.531858 -45
25.458238 77.893627 -48
27.499364 77.193702 -50
29.519676 76.436407 -52
31.525769 75.642042 -54
33.509014 74.791064 -55
35.465854 73.880932 -56
37.396294 72.915458 -56
39.308708 71.914953 -56
41.192433 70.860115 -55
43.043920 69.749173 -54
44.863164 68.586440 -52
46.661081 67.389946 -50
48.424472 66.143181 -47
49.543539 65.365829 -43
-50.511044 61.871792 32
-48.865955 63.241688 36
-47.184310 64.435894 39
-45.466109 65.651435 42
-43.714141 66.816957 44
-41.941608 67.950243 46
-40.137345 69.032748 48
-38.302106 70.060674 49
-36.438438 71.035798 49
-34.557501 71.976387 49
-32.650672 72.863673 49
-30.718456 73.692816 48
-28.763646 74.466870 46
-26.795125 75.205130 45
-24.806296 75.887026 43
-22.798173 76.508757 40
-20.773547 77.073367 38
-18.739020 77.600659 35
-16.690022 78.070067 31
-14.628333 78.477786 28
-12.555725 78.826859 24
-10.477532 79.137852 20
-8.390962 79.389691 16
-6.298045 79.578830 12
-4.200559 79.708301 8
-2.101295 79.799443 4
0.000000 79.831177 0
2.101295 79.799443 -4
4.200559 79.708301 -8
6.298045 79.578830 -12
8.390962 79.389691 -16
10.477532 79.137852 -20
12.555725 78.826859 -24
14.628333 78.477786 -28
16.690022 78.070067 -31
18.739020 77.600659 -35
20.773547 77.073367 -38
22.798173 76.508757 -40
24.806296 75.887026 -43
26.795125 75.205130 -45
28.763646 74.466870 -46
30.718456 73.692816 -48
32.650672 72.863673 -49
34.557501 71.976387 -49
36.438438 71.035798 -49
38.302106 70.060674 -49
40.137345 69.032748 -48
41.941608 67.950243 -46
43.714141 66.816957 -44
45.466109 65.651435 -42
47.184310 64.435894 -39
48.865955 63.241688 -36
50.511044 61.871792 -32
-51.221884 58.386649 20
-49.161462 60.205382 24
-47.560295 61.484390 28
-45.923837 62.716931 32
-44.251334 63.899975 35
-42.546332 65.034526 37
-40.821019 66.137850 39
-39.064992 67.191417 41
-37.278752 68.191929 42
-35.464838 69.141152 42
-33.634425 70.057122 43
-31.778370 70.920286 42
-29.897691 71.727598 42
-27.995176 72.481087 41
-26.079208 73.199799 39
-24.143438 73.863162 38
-22.189135 74.468649 36
-20.218583 75.018278 33
-18.238132 75.531606 31
-16.244224 75.988574 28
-14.237370 76.385379 25
-12.220360 76.724802 22
-10.197512 77.027669 18
-8.166794 77.272659 15
-6.129728 77.456715 11
-4.088347 77.582889 7
-2.045189 77.671744 3
0.000000 77.702461 0
2.045189 77.671744 -3
4.088347 77.582889 -7
6.129728 77.456715 -11
8.166794 77.272659 -15
10.197512 77.027669 -18
12.220360 76.724802 -22
14.237370 76.385379 -25
16.244224 75.988574 -28
18.238132 75.531606 -31
20.218583 75.018278 -33
22.189135 74.468649 -36
24.143438 73.863162 -38
26.079208 73.199799 -39
27.995176 72.481087 -41
29.897691 71.727598 -42
31.778370 70.920286 -42
33.634425 70.057122 -43
35.464838 69.141152 -42
37.278752 68.191929 -42
39.064992 67.191417 -41
40.821019 66.137850 -39
42.546332 65.034526 -37
44.251334 63.899975 -35
45.923837 62.716931 -32
47.560295 61.484390 -28
49.161462 60.205382 -24
51.221884 58.386649 -20
-50.844123 55.968014 8
-49.346281 57.283826 13
-47.811883 58.538972 17
-46.254887 59.782942 21
-44.663113 60.981723 25
-43.036557 62.132518 28
-41.378269 63.235849 30
-39.700433 64.309213 32
-37.992638 65.333841 34
-36.255394 66.307187 35
-34.491495 67.230514 36
-32.711094 68.121352 36
-30.906068 68.960901 36
-29.076922 69.746384 36
-27.226706 70.479054 35
-25.363290 71.177963 34
-23.480832 71.823556 33
-21.580096 72.412289 31
-19.663366 72.946938 29
-17.737497 73.446307 27
-15.798172 73.890583 24
-13.846661 74.276720 22
-11.884996 74.607007 19
-9.917746 74.901495 16
-7.942625 75.139629 13
-5.961412 75.318864 10
-3.976136 75.441480 6
-1.989083 75.527800 3
0.000000 75.557755 0
1.989083 75.527800 -3
3.976136 75.441480 -6
5.961412 75.318864 -10
7.942625 75.139629 -13
9.917746 74.901495 -16
11.884996 74.607007 -19
13.846661 74.276720 -22
15.798172 73.890583 -24
17.737497 73.446307 -27
19.663366 72.946938 -29
21.580096 72.412289 -31
23.480832 71.823556 -33
25.363290 71.177963 -34
27.226706 70.479054 -35
29.076922 69.746384 -36
30.906068 68.960901 -36
32.711094 68.121352 -36
34.491495 67.230514 -36
36.255394 66.307187 -35
37.992638 65.333841 -34
39.700433 64.309213 -32
41.378269 63.235849 -30
43.036557 62.132518 -28
44.663113 60.981723 -25
46.254887 59.782942 -21
47.811883 58.538972 -17
49.346281 57.283826 -13
50.844123 55.968014 -8
-51.183549 52.517642 -3
-49.385378 54.348058 2
-47.930439 55.626050 6
-46.440214 56.862149 11
-44.927645 58.070320 15
-43.381824 59.235340 18
-41.801979 60.353137 21
-40.191165 61.425236 24
-38.561311 62.467634 26
-36.902767 63.463571 28
-35.215283 64.408735 29
-33.501904 65.305659 30
-31.772532 66.171109 30
-30.019293 66.986801 31
-28.242701 67.749680 30
-26.445543 68.461537 30
-24.635695 69.140389 29
-22.807058 69.767451 28
-20.960904 70.339424 27
-19.099264 70.858590 25
-17.228739 71.343742 23
-15.345011 71.775323 21
-13.449353 72.150546 19
-11.544047 72.471437 16
-9.633156 72.757297 14
-7.714649 72.988830 11
-5.790556 73.162983 8
-3.862148 73.282053 5
-1.931962 73.365826 2
0.000000 73.395025 0
1.931962 73.365826 -2
3.862148 73.282053 -5
5.790556 73.162983 -8
7.714649 72.988830 -11
9.633156 72.757297 -14
11.544047 72.471437 -16
13.449353 72.150546 -19
15.345011 71.775323 -21
17.228739 71.343742 -23
19.099264 70.858590 -25
20.960904 70.339424 -27
22.807058 69.767451 -28
24.635695 69.140389 -29
26.445543 68.461537 -30
28.242701 67.749680 -30
30.019293 66.986801 -31
31.772532 66.171109 -30
33.501904 65.305659 -30
35.215283 64.408735 -29
36.902767 63.463571 -28
38.561311 62.467634 -26
40.191165 61.425236 -24
41.801979 60.353137 -21
43.381824 59.235340 -18
44.927645 58.070320 -15
46.440214 56.862149 -11
47.930439 55.626050 -6
49.385378 54.348058 -2
51.183549 52.517642 3
-50.639250 50.142676 -14
-49.301345 51.358721 -9
-47.926884 52.727848 -4
-46.514851 53.968522 0
-45.068545 55.168319 4
-43.600661 56.340950 8
-42.100278 57.471695 12
-40.567148 58.556487 15
-39.004062 59.597107 17
-37.422441 60.609035 19
-35.812644 61.575526 21
-34.175172 62.493021 23
-32.512314 63.363541 24
-30.833969 64.203604 25
-29.132776 64.995174 25
-27.408479 65.735722 25
-25.664381 66.426505 25
-23.907844 67.085555 24
-22.133537 67.694084 24
-20.341711 68.249304 23
-18.535161 68.753235 21
-16.719727 69.223914 20
-14.891851 69.643056 18
-13.052044 70.007110 16
-11.203097 70.318611 14
-9.348565 70.596091 12
-7.486926 70.820764 10
-5.619447 70.989846 7
-3.747906 71.105359 5
-1.874841 71.186851 2
0.000000 71.215027 0
1.874841 71.186851 -2
3.747906 71.105359 -5
5.619447 70.989846 -7
7.486926 70.820764 -10
9.348565 70.596091 -12
11.203097 70.318611 -14
13.052044 70.007110 -16
14.891851 69.643056 -18
16.719727 69.223914 -20
18.535161 68.753235 -21
20.341711 68.249304 -23
22.133537 67.694084 -24
23.907844 67.085555 -24
25.664381 66.426505 -25
27.408479 65.735722 -25
29.132776 64.995174 -25
30.833969 64.203604 -25
32.512314 63.363541 -24
34.175172 62.493021 -23
35.812644 61.575526 -21
37.422441 60.609035 -19
39.004062 59.597107 -17
40.567148 58.556487 -15
42.100278 57.471695 -12
43.600661 56.340950 -8
45.068545 55.168319 -4
46.514851 53.968522 0
47.926884 52.727848 4
49.301345 51.358721 9
50.639250 50.142676 14
-50.729118 46.764663 -26
-49.072861 48.576290 -20
-47.776340 49.856816 -14
-46.444274 51.100024 -10
-45.076163 52.302614 -5
-43.674536 53.465347 -1
-42.252096 54.601930 2
-40.798173 55.697891 5
-39.312516 56.749432 8
-37.797664 57.758063 11
-36.265041 58.738765 13
-34.705002 59.675555 15
-33.118051 60.564862 17
-31.506729 61.408730 18
-29.880426 62.222644 19
-28.231532 62.989843 20
-26.560802 63.707538 20
-24.870526 64.377255 20
-23.168316 65.015739 20
-21.448845 65.605737 19
-19.712617 66.143689 19
-17.961920 66.632137 18
-16.202589 67.088350 16
-14.431074 67.494544 15
-12.648388 67.847169 13
-10.856563 68.149020 12
-9.059406 68.417872 10
-7.255395 68.635696 8
-5.445545 68.799442 6
-3.632140 68.911651 4
-1.816959 68.990354 2
0.000000 69.017774 0
1.816959 68.990354 -2
3.632140 68.911651 -4
5.445545 68.799442 -6
7.255395 68.635696 -8
9.059406 68.417872 -10
10.856563 68.149020 -12
12.648388 67.847169 -13
14.431074 67.494544 -15
16.202589 67.088350 -16
17.961920 66.632137 -18
19.712617 66.143689 -19
21.448845 65.605737 -19
23.168316 65.015739 -20
24.870526 64.377255 -20
26.560802 63.707538 -20
28.231532 62.989843 -20
29.880426 62.222644 -19
31.506729 61.408730 -18
33.118051 60.564862 -17
34.705002 59.675555 -15
36.265041 58.738765 -13
37.797664 57.758063 -11
39.312516 56.749432 -8
40.798173 55.697891 -5
42.252096 54.601930 -2
43.674536 53.465347 1
45.076163 52.302614 5
46.444274 51.100024 10
47.776340 49.856816 14
49.072861 48.576290 20
50.729118 46.764663 26
-49.935262 44.467630 -36
-48.739019 45.657526 -31
-48.335871 46.175425 -29
-47.506474 47.009900 -25
-46.677329 47.844376 -22
-46.251586 48.250062 -20
-44.961921 49.453668 -15
-43.637217 50.617922 -11
-43.191926 51.001522 -9
-42.280529 51.743842 -6
-41.369130 52.485908 -4
-40.903527 52.844378 -3
-39.496065 53.905562 0
-38.057628 54.923837 3
-37.574764 55.258184 4
-36.591266 55.900480 5
-35.607768 56.542522 7
-35.107388 56.849964 8
-33.597360 57.756792 10
-32.060929 58.617922 12
-31.546077 58.899722 12
-30.501141 59.434879 13
-29.456208 59.969788 14
-28.926632 60.223152 14
-27.330542 60.965980 15
-25.713126 61.660829 15
-25.171617 61.887027 15
-24.076669 62.309218 16
-22.981975 62.731404 15
-22.429042 62.927392 16
-20.764154 63.498603 15
-19.083270 64.019548 15
-18.521452 64.187359 14
-17.388677 64.492514 14
-16.255903 64.797159 13
-15.685453 64.934248 13
-13.970551 65.327494 12
-12.244732 65.668950 11
-11.668190 65.776846 10
-10.510028 65.961157 10
-9.351612 66.145468 9
-8.770246 66.221629 8
-7.023864 66.432598 6
-5.271897 66.591013 5
-4.687230 66.637982 4
-3.516121 66.699671 3
-2.345011 66.761106 2
-1.758822 66.775833 1
0.000000 66.802236 0
1.758822 66.775833 -1
2.345011 66.761106 -2
3.516121 66.699671 -3
4.687230 66.637982 -4
5.271897 66.591013 -5
7.023864 66.432598 -6
8.770246 66.221629 -8
9.351612 66.145468 -9
10.510028 65.961157 -10
11.668190 65.776846 -10
12.244732 65.668950 -11
13.970551 65.327494 -12
15.685453 64.934248 -13
16.255903 64.797159 -13
17.388677 64.492514 -14
18.521452 64.187359 -14
19.083270 64.019548 -15
20.764154 63.498603 -15
22.429042 62.927392 -16
22.981975 62.731404 -15
24.076669 62.309218 -16
25.171617 61.887027 -15
25.713126 61.660829 -15
27.330542 60.965980 -15
28.926632 60.223152 -14
29.456208 59.969788 -14
30.501141 59.434879 -13
31.546077 58.899722 -12
32.060929 58.617922 -12
33.597360 57.756792 -10
35.107388 56.849964 -8
35.607768 56.542522 -7
36.591266 55.900480 -5
37.574764 55.258184 -4
38.057628 54.923837 -3
39.496065 53.905562 0
40.903527 52.844378 3
41.369130 52.485908 4
42.280529 51.743842 6
43.191926 51.001522 9
43.637217 50.617922 11
44.961921 49.453668 15
46.251586 48.250062 20
46.677329 47.844376 22
47.506474 47.009900 25
48.335871 46.175425 29
48.739019 45.657526 31
49.935262 44.467630 36
-49.675551 41.290681 -49
-48.268851 42.967250 -41
-46.694086 44.614369 -34
-45.119574 46.250319 -27
-43.434883 47.781924 -20
-41.750446 49.302870 -15
-39.964203 50.712111 -9
-38.177963 52.110431 -5
-36.298554 53.390710 -1
-34.419397 54.659813 2
-32.456206 55.804770 4
-30.493273 56.938565 7
-28.455699 57.942876 9
-26.418380 58.936024 10
-24.316578 59.794874 11
-22.215029 60.642802 11
-20.059152 61.351863 11
-17.903276 62.050264 11
-15.703732 62.606501 10
-13.504189 63.152325 9
-11.271896 63.552935 8
-9.039604 63.943386 7
-6.785224 64.186343 5
-4.530845 64.419141 3
-2.265296 64.503936 1
0.000000 64.578065 0
2.265296 64.503936 -1
4.530845 64.419141 -3
6.785224 64.186343 -5
9.039604 63.943386 -7
11.271896 63.552935 -8
13.504189 63.152325 -9
15.703732 62.606501 -10
17.903276 62.050264 -11
20.059152 61.351863 -11
22.215029 60.642802 -11
24.316578 59.794874 -11
26.418380 58.936024 -10
28.455699 57.942876 -9
30.493273 56.938565 -7
32.456206 55.804770 -4
34.419397 54.659813 -2
36.298554 53.390710 1
38.177963 52.110431 5
39.964203 50.712111 9
41.750446 49.302870 15
43.434883 47.781924 20
45.119574 46.250319 27
46.694086 44.614369 34
48.268851 42.967250 41
49.675551 41.290681 49
-48.009138 39.790047 -53
-46.602438 41.466616 -45
-45.082001 43.052042 -38
-43.561818 44.636964 -31
-41.935262 46.111194 -25
-40.308962 47.584920 -20
-38.584411 48.940849 -15
-36.859864 50.296269 -10
-35.045442 51.527292 -6
-33.231022 52.758058 -3
-31.335620 53.858339 0
-29.440468 54.958621 2
-27.473472 55.923078 4
-25.506220 56.887536 5
-23.477025 57.711602 7
-21.448084 58.535668 7
-19.366590 59.215029 8
-17.285097 59.894643 8
-15.161715 60.426757 7
-13.038081 60.958871 7
-10.882712 61.340695 6
-8.727596 61.722518 5
-6.550901 61.952273 4
-4.374460 62.182282 2
-2.187103 62.258698 1
0.000000 62.335616 0
2.187103 62.258698 -1
4.374460 62.182282 -2
6.550901 61.952273 -4
8.727596 61.722518 -5
10.882712 61.340695 -6
13.038081 60.958871 -7
15.161715 60.426757 -7
17.285097 59.894643 -8
19.366590 59.215029 -8
21.448084 58.535668 -7
23.477025 57.711602 -7
25.506220 56.887536 -5
27.473472 55.923078 -4
29.440468 54.958621 -2
31.335620 53.858339 0
33.231022 52.758058 3
35.045442 51.527292 6
36.859864 50.296269 10
38.584411 48.940849 15
40.308962 47.584920 20
41.935262 46.111194 25
43.561818 44.636964 31
45.082001 43.052042 38
46.602438 41.466616 45
48.009138 39.790047 53
-47.614116 36.703986 -64
-46.258695 38.332065 -56
-44.903021 39.959889 -49
-43.438183 41.487940 -42
-41.973342 43.015486 -36
-40.406448 44.436150 -30
-38.839299 45.856564 -24
-37.177457 47.163240 -19
-35.515866 48.469407 -15
-33.767707 49.655749 -11
-32.019294 50.841839 -7
-30.193198 51.902261 -4
-28.366844 52.962426 -2
-26.471693 53.892106 0
-24.576288 54.821272 1
-22.621223 55.615383 3
-20.665906 56.409240 3
-18.660321 57.064230 4
-16.654988 57.719220 4
-14.608784 58.231785 4
-12.562579 58.744604 4
-10.485910 59.112209 4
-8.409241 59.480069 3
-6.312008 59.701698 2
-4.215029 59.923328 1
-2.107388 59.997208 1
0.000000 60.071083 0
2.107388 59.997208 -1
4.215029 59.923328 -1
6.312008 59.701698 -2
8.409241 59.480069 -3
10.485910 59.112209 -4
12.562579 58.744604 -4
14.608784 58.231785 -4
16.654988 57.719220 -4
18.660321 57.064230 -4
20.665906 56.409240 -3
22.621223 55.615383 -3
24.576288 54.821272 -1
26.471693 53.892106 0
28.366844 52.962426 2
30.193198 51.902261 4
32.019294 50.841839 7
33.767707 49.655749 11
35.515866 48.469407 15
37.177457 47.163240 19
38.839299 45.856564 24
40.406448 44.436150 30
41.973342 43.015486 36
43.438183 41.487940 42
44.903021 39.959889 49
46.258695 38.332065 56
47.614116 36.703986 64
-47.004824 33.664383 -74
-45.812136 35.296013 -67
-44.507998 36.863164 -59
-43.203860 38.429805 -52
-41.794365 39.900481 -46
-40.385124 41.370652 -39
-38.877380 42.738003 -34
-37.369383 44.104850 -28
-35.770754 45.362527 -24
-34.171872 46.619446 -19
-32.489719 47.761359 -15
-30.807820 48.902768 -12
-29.050522 49.923330 -9
-27.293475 50.943642 -6
-25.469916 51.838031 -4
-23.646357 52.732416 -2
-21.765169 53.496572 0
-19.883980 54.260728 0
-17.954302 54.890833 1
-16.024626 55.521198 1
-14.055851 56.014468 2
-12.087332 56.507745 2
-10.089109 56.861895 2
-8.091140 57.215790 2
-6.073115 57.429040 1
-4.055344 57.642042 1
-2.027672 57.713381 0
0.000000 57.784460 0
2.027672 57.713381 0
4.055344 57.642042 -1
6.073115 57.429040 -1
8.091140 57.215790 -2
10.089109 56.861895 -2
12.087332 56.507745 -2
14.055851 56.014468 -2
16.024626 55.521198 -1
17.954302 54.890833 -1
19.883980 54.260728 0
21.765169 53.496572 0
23.646357 52.732416 2
25.469916 51.838031 4
27.293475 50.943642 6
29.050522 49.923330 9
30.807820 48.902768 12
32.489719 47.761359 15
34.171872 46.619446 19
35.770754 45.362527 24
37.369383 44.104850 28
38.877380 42.738003 34
40.385124 41.370652 39
41.794365 39.900481 46
43.203860 38.429805 52
44.507998 36.863164 59
45.812136 35.296013 67
47.004824 33.664383 74
-45.128205 32.300837 -76
-43.983244 33.890834 -69
-42.731151 35.396040 -62
-41.478801 36.900483 -55
-40.125668 38.312770 -49
-38.772531 39.725058 -43
-37.324955 41.037826 -37
-35.877379 42.350598 -32
-34.342473 43.558010 -28
-32.807566 44.765170 -23
-31.192436 45.861640 -19
-29.577559 46.957604 -16
-27.890581 47.937548 -13
-26.203860 48.917237 -10
-24.452907 49.776087 -8
-22.702208 50.634679 -6
-20.896166 51.368622 -4
-19.089871 52.102058 -2
-17.237369 52.707283 -1
-15.384870 53.312261 0
-13.494796 53.785729 0
-11.604722 54.259457 0
-9.686215 54.599643 0
-7.767962 54.939326 0
-5.830668 55.143948 0
-3.893374 55.348564 0
-1.946687 55.416860 0
0.000000 55.485404 0
1.946687 55.416860 0
3.893374 55.348564 0
5.830668 55.143948 0
7.767962 54.939326 0
9.686215 54.599643 0
11.604722 54.259457 0
13.494796 53.785729 0
15.384870 53.312261 0
17.237369 52.707283 1
19.089871 52.102058 2
20.896166 51.368622 4
22.702208 50.634679 6
24.452907 49.776087 8
26.203860 48.917237 10
27.890581 47.937548 13
29.577559 46.957604 16
31.192436 45.861640 19
32.807566 44.765170 23
34.342473 43.558010 28
35.877379 42.350598 32
37.324955 41.037826 37
38.772531 39.725058 43
40.125668 38.312770 49
41.478801 36.900483 55
42.731151 35.396040 62
43.983244 33.890834 69
45.128205 32.300837 76
-44.348820 29.412289 -85
-43.251334 30.937294 -78
-42.154099 32.461793 -71
-40.954051 33.905053 -64
-39.753999 35.347295 -58
-38.456967 36.701448 -52
-37.160193 38.055344 -46
-35.772784 39.313784 -41
-34.385376 40.572481 -36
-32.914191 41.729880 -31
-31.443007 42.887280 -27
-29.895404 43.938309 -23
-28.347550 44.989083 -20
-26.730898 45.928408 -16
-25.113988 46.867733 -14
-23.436152 47.691040 -11
-21.758060 48.514343 -9
-20.027164 49.217569 -7
-18.296014 49.920792 -5
-16.520436 50.501142 -4
-14.745113 51.080984 -3
-12.933486 51.534906 -2
-11.122112 51.989083 -1
-9.283574 52.315053 -1
-7.445037 52.640772 0
-5.588220 52.837014 0
-3.731658 53.033003 0
-1.865702 53.098503 0
0.000000 53.164252 0
1.865702 53.098503 0
3.731658 53.033003 0
5.588220 52.837014 0
7.445037 52.640772 0
9.283574 52.315053 1
11.122112 51.989083 1
12.933486 51.534906 2
14.745113 51.080984 3
16.520436 50.501142 4
18.296014 49.920792 5
20.027164 49.217569 7
21.758060 48.514343 9
23.436152 47.691040 11
25.113988 46.867733 14
26.730898 45.928408 16
28.347550 44.989083 20
29.895404 43.938309 23
31.443007 42.887280 27
32.914191 41.729880 31
34.385376 40.572481 36
35.772784 39.313784 41
37.160193 38.055344 46
38.456967 36.701448 52
39.753999 35.347295 58
40.954051 33.905053 64
42.154099 32.461793 71
43.251334 30.937294 78
44.348820 29.412289 85
-43.298554 26.677836 -93
-42.396293 28.121603 -86
-41.347297 29.580602 -79
-40.298298 31.038588 -72
-39.151054 32.418633 -66
-38.003807 33.798171 -60
-36.764154 35.092915 -54
-35.524246 36.387409 -49
-34.198021 37.591012 -44
-32.871794 38.794364 -39
-31.465348 39.900989 -34
-30.058899 41.007617 -30
-28.579335 42.012440 -26
-27.099771 43.017011 -23
-25.553948 43.915206 -20
-24.008378 44.813152 -17
-22.404418 45.600154 -14
-20.800203 46.387156 -12
-19.145469 47.059661 -10
-17.490734 47.731913 -8
-15.793348 48.286621 -7
-14.095963 48.841076 -5
-12.364052 49.275196 -4
-10.632394 49.709318 -3
-8.874841 50.020562 -2
-7.117289 50.332063 -2
-5.342219 50.519674 -1
-3.567403 50.707286 0
-1.783702 50.769737 0
0.000000 50.832446 0
1.783702 50.769737 0
3.567403 50.707286 0
5.342219 50.519674 1
7.117289 50.332063 2
8.874841 50.020562 2
10.632394 49.709318 3
12.364052 49.275196 4
14.095963 48.841076 5
15.793348 48.286621 7
17.490734 47.731913 8
19.145469 47.059661 10
20.800203 46.387156 12
22.404418 45.600154 14
24.008378 44.813152 17
25.553948 43.915206 20
27.099771 43.017011 23
28.579335 42.012440 26
30.058899 41.007617 30
31.465348 39.900989 34
32.871794 38.794364 39
34.198021 37.591012 44
35.524246 36.387409 49
36.764154 35.092915 54
38.003807 33.798171 60
39.151054 32.418633 66
40.298298 31.038588 72
41.347297 29.580602 79
42.396293 28.121603 86
43.298554 26.677836 93
-41.346281 25.361005 -93
-40.444020 26.804772 -86
-39.443261 28.197260 -80
-38.442498 29.588728 -73
-37.348312 30.905814 -67
-36.253873 32.222391 -62
-35.071083 33.457985 -56
-33.888550 34.693322 -51
-32.623255 35.842091 -46
-31.357957 36.990354 -42
-30.016247 38.046459 -37
-28.674791 39.102564 -33
-27.263265 40.061437 -29
-25.851739 41.019802 -26
-24.377252 41.876873 -23
-22.902768 42.733689 -20
-21.372683 43.484640 -17
-19.842346 44.235845 -15
-18.263772 44.877379 -13
-16.685199 45.519167 -11
-15.066007 46.048235 -9
-13.446813 46.577305 -7
-11.794872 46.991622 -6
-10.142930 47.405688 -5
-8.466108 47.702971 -4
-6.789541 47.999999 -3
-5.096217 48.178980 -2
-3.403148 48.357958 -1
-1.701447 48.417620 0
0.000000 48.477533 0
1.701447 48.417620 0
3.403148 48.357958 1
5.096217 48.178980 2
6.789541 47.999999 3
8.466108 47.702971 4
10.142930 47.405688 5
11.794872 46.991622 6
13.446813 46.577305 7
15.066007 46.048235 9
16.685199 45.519167 11
18.263772 44.877379 13
19.842346 44.235845 15
21.372683 43.484640 17
22.902768 42.733689 20
24.377252 41.876873 23
25.851739 41.019802 26
27.263265 40.061437 29
28.674791 39.102564 33
30.016247 38.046459 37
31.357957 36.990354 42
32.623255 35.842091 46
33.888550 34.693322 51
35.071083 33.457985 56
36.253873 32.222391 62
37.348312 30.905814 67
38.442498 29.588728 73
39.443261 28.197260 80
40.444020 26.804772 86
41.346281 25.361005 93
-40.180756 22.718965 -98
-39.322672 24.109420 -92
-38.464585 25.499112 -86
-37.512821 26.824066 -80
-36.561056 28.148261 -74
-35.520437 29.401371 -68
-34.479564 30.653718 -63
-33.354658 31.829399 -58
-32.230009 33.004317 -53
-31.026657 34.096978 -48
-29.823305 35.189388 -44
-28.547347 36.193956 -40
-27.271388 37.198273 -36
-25.928917 38.110435 -32
-24.586444 39.022086 -29
-23.184310 39.837267 -25
-21.781924 40.652197 -23
-20.326732 41.366338 -20
-18.871288 42.080733 -17
-17.369891 42.690784 -15
-15.868749 43.301092 -13
-14.328763 43.804264 -11
-12.788779 44.307439 -9
-11.217568 44.701448 -8
-9.646357 45.095203 -6
-8.051790 45.378016 -5
-6.457223 45.660572 -4
-4.846915 45.830922 -3
-3.236354 46.001015 -2
-1.618177 46.057882 -1
0.000000 46.114749 0
1.618177 46.057882 1
3.236354 46.001015 2
4.846915 45.830922 3
6.457223 45.660572 4
8.051790 45.378016 5
9.646357 45.095203 6
11.217568 44.701448 8
12.788779 44.307439 9
14.328763 43.804264 11
15.868749 43.301092 13
17.369891 42.690784 15
18.871288 42.080733 17
20.326732 41.366338 20
21.781924 40.652197 23
23.184310 39.837267 25
24.586444 39.022086 29
25.928917 38.110435 32
27.271388 37.198273 36
28.547347 36.193956 40
29.823305 35.189388 44
31.026657 34.096978 48
32.230009 33.004317 53
33.354658 31.829399 58
34.479564 30.653718 63
35.520437 29.401371 68
36.561056 28.148261 74
37.512821 26.824066 80
38.464585 25.499112 86
39.322672 24.109420 92
40.180756 22.718965 98
-38.834223 20.182788 -103
-38.113227 21.525260 -97
-37.299314 22.845138 -91
-36.485403 24.164003 -85
-35.582635 25.421426 -80
-34.679869 26.678090 -74
-33.692562 27.867481 -69
-32.705255 29.056106 -64
-31.638233 30.171616 -59
-30.571464 31.286875 -54
-29.430058 32.323686 -50
-28.288653 33.360496 -46
-27.078192 34.313531 -42
-25.867987 35.266566 -38
-24.594568 36.132013 -34
-23.321401 36.997206 -31
-21.991114 37.770755 -28
-20.661082 38.543793 -25
-19.280529 39.221628 -22
-17.900229 39.899467 -19
-16.476009 40.478547 -17
-15.052044 41.057375 -15
-13.591266 41.534906 -13
-12.130490 42.012440 -11
-10.640264 42.386138 -9
-9.150038 42.759839 -8
-7.637471 43.028180 -6
-6.124905 43.296270 -5
-4.597360 43.457986 -3
-3.069815 43.619194 -2
-1.534907 43.673014 -1
0.000000 43.727089 0
1.534907 43.673014 1
3.069815 43.619194 2
4.597360 43.457986 3
6.124905 43.296270 5
7.637471 43.028180 6
9.150038 42.759839 8
10.640264 42.386138 9
12.130490 42.012440 11
13.591266 41.534906 13
15.052044 41.057375 15
16.476009 40.478547 17
17.900229 39.899467 19
19.280529 39.221628 22
20.661082 38.543793 25
21.991114 37.770755 28
23.321401 36.997206 31
24.594568 36.132013 34
25.867987 35.266566 38
27.078192 34.313531 42
28.288653 33.360496 46
29.430058 32.323686 50
30.571464 31.286875 54
31.638233 30.171616 59
32.705255 29.056106 64
33.692562 27.867481 69
34.679869 26.678090 74
35.582635 25.421426 80
36.485403 24.164003 85
37.299314 22.845138 91
38.113227 21.525260 97
38.834223 20.182788 103
-36.700178 19.048237 -100
-36.018787 20.349075 -95
-35.249555 21.597613 -90
-34.480326 22.844630 -84
-33.627061 24.033767 -79
-32.774054 25.221629 -74
-31.841076 26.346027 -69
-30.908098 27.469663 -64
-29.899721 28.524246 -60
-28.891344 29.578319 -55
-27.812644 30.558008 -51
-26.733944 31.537955 -47
-25.590251 32.438690 -43
-24.446560 33.339426 -39
-23.243209 34.157399 -36
-22.039858 34.974868 -33
-20.782686 35.705762 -30
-19.525768 36.436659 -27
-18.221122 37.077176 -24
-16.916477 37.717694 -21
-15.570704 38.264788 -19
-14.224930 38.811882 -17
-12.844377 39.263264 -15
-11.464077 39.714394 -13
-10.055598 40.067530 -11
-8.647118 40.420666 -9
-7.217822 40.674284 -7
-5.788271 40.927647 -6
-4.344758 41.080224 -4
-2.901244 41.232801 -2
-1.450622 41.283829 -1
0.000000 41.334604 0
1.450622 41.283829 1
2.901244 41.232801 2
4.344758 41.080224 4
5.788271 40.927647 6
7.217822 40.674284 7
8.647118 40.420666 9
10.055598 40.067530 11
11.464077 39.714394 13
12.844377 39.263264 15
14.224930 38.811882 17
15.570704 38.264788 19
16.916477 37.717694 21
18.221122 37.077176 24
19.525768 36.436659 27
20.782686 35.705762 30
22.039858 34.974868 33
23.243209 34.157399 36
24.446560 33.339426 39
25.590251 32.438690 43
26.733944 31.537955 47
27.812644 30.558008 51
28.891344 29.578319 55
29.899721 28.524246 60
30.908098 27.469663 64
31.841076 26.346027 69
32.774054 25.221629 74
33.627061 24.033767 79
34.480326 22.844630 84
35.249555 21.597613 90
36.018787 20.349075 95
36.700178 19.048237 100
-35.207920 16.686215 -103
-34.566135 17.913429 -98
-33.924347 19.139884 -93
-33.199797 20.316832 -88
-32.475246 21.492259 -83
-31.671745 22.613099 -78
-30.868241 23.732926 -73
-29.989592 24.792589 -69
-29.110689 25.851486 -64
-28.160955 26.845140 -60
-27.211475 27.838539 -56
-26.195480 28.761870 -52
-25.179487 29.685201 -48
-24.102311 30.534145 -44
-23.024880 31.382839 -41
-21.891597 32.153847 -37
-20.758314 32.924093 -34
-19.574258 33.612592 -31
-18.390201 34.301346 -28
-17.161462 34.904799 -25
-15.932725 35.508252 -23
-14.665397 36.023863 -20
-13.397816 36.539478 -18
-12.097486 36.964459 -16
-10.797410 37.389694 -14
-9.470932 37.722265 -12
-8.144453 38.055090 -10
-6.798172 38.293984 -8
-5.451638 38.532624 -6
-4.092155 38.676567 -4
-2.732419 38.820259 -3
-1.366337 38.868241 -1
0.000000 38.916223 0
1.366337 38.868241 1
2.732419 38.820259 3
4.092155 38.676567 4
5.451638 38.532624 6
6.798172 38.293984 8
8.144453 38.055090 10
9.470932 37.722265 12
10.797410 37.389694 14
12.097486 36.964459 16
13.397816 36.539478 18
14.665397 36.023863 20
15.932725 35.508252 23
17.161462 34.904799 25
18.390201 34.301346 28
19.574258 33.612592 31
20.758314 32.924093 34
21.891597 32.153847 37
23.024880 31.382839 41
24.102311 30.534145 44
25.179487 29.685201 48
26.195480 28.761870 52
27.211475 27.838539 56
28.160955 26.845140 60
29.110689 25.851486 64
29.989592 24.792589 69
30.868241 23.732926 73
31.671745 22.613099 78
32.475246 21.492259 83
33.199797 20.316832 88
33.924347 19.139884 93
34.566135 17.913429 98
35.207920 16.686215 103
-33.008122 15.650926 -99
-32.406448 16.802996 -95
-31.804774 17.953797 -90
-31.125413 19.057630 -85
-30.446307 20.160447 -81
-29.693069 21.211475 -76
-28.939580 22.261742 -72
-28.115765 23.255396 -68
-27.291953 24.248287 -64
-26.401624 25.180248 -60
-25.511298 26.111450 -56
-24.558771 26.977152 -52
-23.606245 27.842853 -48
-22.596344 28.638743 -45
-21.586443 29.434375 -42
-20.523737 30.156639 -38
-19.461285 30.878902 -35
-18.351358 31.524753 -32
-17.241432 32.170092 -29
-16.089363 32.735719 -27
-14.937294 33.301345 -24
-13.748921 33.784718 -22
-12.560549 34.267833 -19
-11.341711 34.666667 -17
-10.122874 35.064990 -15
-8.879157 35.376999 -13
-7.635441 35.688754 -11
-6.373445 35.912668 -9
-5.111196 36.136584 -7
-3.836507 36.271388 -5
-2.561818 36.406195 -3
-1.280782 36.451128 -1
0.000000 36.496318 0
1.280782 36.451128 1
2.561818 36.406195 3
3.836507 36.271388 5
5.111196 36.136584 7
6.373445 35.912668 9
7.635441 35.688754 11
8.879157 35.376999 13
10.122874 35.064990 15
11.341711 34.666667 17
12.560549 34.267833 19
13.748921 33.784718 22
14.937294 33.301345 24
16.089363 32.735719 27
17.241432 32.170092 29
18.351358 31.524753 32
19.461285 30.878902 35
20.523737 30.156639 38
21.586443 29.434375 42
22.596344 28.638743 45
23.606245 27.842853 48
24.558771 26.977152 52
25.511298 26.111450 56
26.401624 25.180248 60
27.291953 24.248287 64
28.115765 23.255396 68
28.939580 22.261742 72
29.693069 21.211475 76
30.446307 20.160447 81
31.125413 19.057630 85
31.804774 17.953797 90
32.406448 16.802996 95
33.008122 15.650926 99
-31.294998 13.502411 -99
-30.808328 14.577811 -95
-30.246764 15.654735 -91
-29.685201 16.730135 -87
-29.051281 17.761615 -83
-28.417364 18.792078 -78
-27.714142 19.773801 -74
-27.011170 20.755015 -70
-26.242195 21.683168 -67
-25.473217 22.610561 -63
-24.642042 23.481088 -59
-23.811119 24.350852 -55
-22.922062 25.159686 -52
-22.033258 25.968012 -48
-21.090378 26.711349 -45
-20.147753 27.454431 -42
-19.156131 28.128967 -39
-18.164255 28.803505 -36
-17.128205 29.406447 -33
-16.092409 30.009138 -30
-15.017010 30.537192 -27
-13.941863 31.065500 -25
-12.832699 31.516881 -22
-11.723534 31.968011 -20
-10.585936 32.340442 -18
-9.448083 32.712365 -15
-8.287383 33.003809 -13
-7.126682 33.294998 -11
-5.948718 33.503934 -9
-4.770500 33.712870 -7
-3.580858 33.838792 -5
-2.390962 33.964712 -3
-1.195481 34.006601 -1
0.000000 34.048742 0
1.195481 34.006601 1
2.390962 33.964712 3
3.580858 33.838792 5
4.770500 33.712870 7
5.948718 33.503934 9
7.126682 33.294998 11
8.287383 33.003809 13
9.448083 32.712365 15
10.585936 32.340442 18
11.723534 31.968011 20
12.832699 31.516881 22
13.941863 31.065500 25
15.017010 30.537192 27
16.092409 30.009138 30
17.128205 29.406447 33
18.164255 28.803505 36
19.156131 28.128967 39
20.147753 27.454431 42
21.090378 26.711349 45
22.033258 25.968012 48
22.922062 25.159686 52
23.811119 24.350852 55
24.642042 23.481088 59
25.473217 22.610561 63
26.242195 21.683168 67
27.011170 20.755015 70
27.714142 19.773801 74
28.417364 18.792078 78
29.051281 17.761615 83
29.685201 16.730135 87
30.246764 15.654735 91
30.808328 14.577811 95
31.294998 13.502411 99
-29.512567 11.468138 -98
-29.060928 12.507744 -95
-28.609039 13.545063 -91
-28.087586 14.546331 -87
-27.565878 15.545569 -83
-26.977406 16.503934 -79
-26.388676 17.461286 -76
-25.735719 18.373445 -72
-25.082762 19.284590 -68
-24.368622 20.146740 -65
-23.654735 21.007870 -61
-22.882965 21.815945 -58
-22.111196 22.623763 -54
-21.285860 23.374714 -51
-20.460269 24.125414 -48
-19.584920 24.815689 -45
-18.709570 25.505459 -42
-17.788525 26.131761 -39
-16.867478 26.758060 -36
-15.905560 27.317848 -33
-14.943387 27.877379 -30
-13.945163 28.367861 -28
-12.946687 28.858339 -25
-11.916730 29.277481 -23
-10.886773 29.696369 -21
-9.830160 30.041888 -18
-8.773546 30.387407 -16
-7.695862 30.658035 -14
-6.617923 30.928155 -12
-5.523991 31.122367 -10
-4.430058 31.316325 -7
-3.325209 31.433105 -5
-2.220360 31.550140 -3
-1.110180 31.588983 -1
0.000000 31.628077 0
1.110180 31.588983 1
2.220360 31.550140 3
3.325209 31.433105 5
4.430058 31.316325 7
5.523991 31.122367 10
6.617923 30.928155 12
7.695862 30.658035 14
8.773546 30.387407 16
9.830160 30.041888 18
10.886773 29.696369 21
11.916730 29.277481 23
12.946687 28.858339 25
13.945163 28.367861 28
14.943387 27.877379 30
15.905560 27.317848 33
16.867478 26.758060 36
17.788525 26.131761 39
18.709570 25.505459 42
19.584920 24.815689 45
20.460269 24.125414 48
21.285860 23.374714 51
22.111196 22.623763 54
22.882965 21.815945 58
23.654735 21.007870 61
24.368622 20.146740 65
25.082762 19.284590 68
25.735719 18.373445 72
26.388676 17.461286 76
26.977406 16.503934 79
27.565878 15.545569 83
28.087586 14.546331 87
28.609039 13.545063 91
29.060928 12.507744 95
29.512567 11.468138 98
-27.243717 10.551408 -93
-26.409495 12.472709 -86
-25.446813 14.322164 -79
-24.359989 16.092918 -72
-23.154354 17.778117 -66
-21.835999 19.370653 -59
-20.411272 20.863673 -53
-18.887280 22.250824 -47
-17.271135 23.525769 -41
-15.570704 24.682915 -36
-13.794618 25.716933 -30
-11.951257 26.623002 -25
-10.049758 27.397056 -21
-8.099264 28.035036 -16
-6.109165 28.534653 -12
-4.089363 28.893374 -8
-2.049759 29.108910 -4
0.000000 29.181009 0
2.049759 29.108910 4
4.089363 28.893374 8
6.109165 28.534653 12
8.099264 28.035036 16
10.049758 27.397056 21
11.951257 26.623002 25
13.794618 25.716933 30
15.570704 24.682915 36
17.271135 23.525769 41
18.887280 22.250824 47
20.411272 20.863673 53
21.835999 19.370653 59
23.154354 17.778117 66
24.359989 16.092918 72
25.446813 14.322164 79
26.409495 12.472709 86
27.243717 10.551408 93
-24.923839 9.669204 -87
-24.160701 11.429044 -81
-23.223153 13.095963 -75
-22.285606 14.741814 -69
-21.130997 16.249049 -63
-19.976644 17.739528 -57
-18.627824 19.063469 -51
-17.279005 20.373699 -46
-15.761868 21.491497 -40
-14.244986 22.597613 -35
-12.589236 23.489973 -30
-10.933486 24.371668 -25
-9.171617 25.022341 -21
-7.409494 25.663112 -16
-5.575273 26.060168 -12
-3.741051 26.447830 -8
-1.870526 26.583905 -4
0.000000 26.710841 0
1.870526 26.583905 4
3.741051 26.447830 8
5.575273 26.060168 12
7.409494 25.663112 16
9.171617 25.022341 21
10.933486 24.371668 25
12.589236 23.489973 30
14.244986 22.597613 35
15.761868 21.491497 40
17.279005 20.373699 46
18.627824 19.063469 51
19.976644 17.739528 57
21.130997 16.249049 63
22.285606 14.741814 69
23.223153 13.095963 75
24.160701 11.429044 81
24.923839 9.669204 87
-22.603960 8.731659 -80
-21.911906 10.332063 -75
-21.061437 11.840314 -70
-20.211221 13.342474 -64
-19.164255 14.705509 -59
-18.117289 16.065246 -54
-16.893882 17.261997 -49
-15.670729 18.456715 -44
-14.294745 19.466617 -39
-12.919015 20.475756 -34
-11.417365 21.280782 -29
-9.915968 22.085808 -25
-8.317848 22.671999 -20
-6.719726 23.257679 -16
-5.056359 23.613862 -12
-3.392993 23.970045 -8
-1.696370 24.089363 -4
0.000000 24.208684 0
1.696370 24.089363 4
3.392993 23.970045 8
5.056359 23.613862 12
6.719726 23.257679 16
8.317848 22.671999 20
9.915968 22.085808 25
11.417365 21.280782 29
12.919015 20.475756 34
14.294745 19.466617 39
15.670729 18.456715 44
16.893882 17.261997 49
18.117289 16.065246 54
19.164255 14.705509 59
20.211221 13.342474 64
21.061437 11.840314 70
21.911906 10.332063 75
22.603960 8.731659 80
-20.265296 7.846409 -73
-19.644834 9.282305 -69
-18.882458 10.634425 -64
-18.120081 11.980706 -60
-17.181519 13.202082 -55
-16.242701 14.420412 -50
-15.145976 15.492511 -46
-14.049252 16.563088 -41
-12.815689 17.468141 -37
-11.582382 18.372177 -32
-10.236101 19.093678 -28
-8.890073 19.814928 -24
-7.457222 20.340190 -19
-6.024625 20.865194 -15
-4.533130 21.184058 -11
-3.041889 21.503174 -7
-1.520944 21.610307 -3
0.000000 21.717189 0
1.520944 21.610307 3
3.041889 21.503174 7
4.533130 21.184058 11
6.024625 20.865194 15
7.457222 20.340190 19
8.890073 19.814928 24
10.236101 19.093678 28
11.582382 18.372177 32
12.815689 17.468141 37
14.049252 16.563088 41
15.145976 15.492511 46
16.242701 14.420412 50
17.181519 13.202082 55
18.120081 11.980706 60
18.882458 10.634425 64
19.644834 9.282305 69
20.265296 7.846409 73
-17.926631 6.901496 -66
-17.377761 8.176442 -62
-16.703224 9.376239 -58
-16.028941 10.570194 -55
-15.198527 11.652957 -50
-14.368367 12.732673 -46
-13.398071 13.682409 -42
-12.428028 14.630872 -38
-11.336887 15.432343 -34
-10.245747 16.233055 -30
-9.054837 16.872048 -26
-7.863925 17.510535 -22
-6.596598 17.975630 -18
-5.329271 18.440467 -15
-4.010155 18.723026 -11
-2.690784 19.005331 -7
-1.345519 19.100279 -3
0.000000 19.194721 0
1.345519 19.100279 3
2.690784 19.005331 7
4.010155 18.723026 11
5.329271 18.440467 15
6.596598 17.975630 18
7.863925 17.510535 22
9.054837 16.872048 26
10.245747 16.233055 30
11.336887 15.432343 34
12.428028 14.630872 38
13.398071 13.682409 42
14.368367 12.732673 46
15.198527 11.652957 50
16.028941 10.570194 55
16.703224 9.376239 58
17.377761 8.176442 62
17.926631 6.901496 66
-15.621224 6.033257 -59
-15.142675 7.143945 -55
-14.555217 8.188627 -52
-13.967504 9.228230 -49
-13.243970 10.170601 -46
-12.520436 11.110688 -42
-11.675045 11.937800 -38
-10.829652 12.763391 -35
-9.878903 13.461284 -31
-8.928154 14.158418 -28
-7.890327 14.714902 -24
-6.852754 15.270881 -21
-5.748413 15.676059 -17
-4.643818 16.080732 -13
-3.494288 16.326732 -10
-2.344758 16.572735 -6
-1.172379 16.655244 -3
0.000000 16.737752 0
1.172379 16.655244 3
2.344758 16.572735 6
3.494288 16.326732 10
4.643818 16.080732 13
5.748413 15.676059 17
6.852754 15.270881 21
7.890327 14.714902 24
8.928154 14.158418 28
9.878903 13.461284 31
10.829652 12.763391 35
11.675045 11.937800 38
12.520436 11.110688 42
13.243970 10.170601 46
13.967504 9.228230 49
14.555217 8.188627 52
15.142675 7.143945 55
15.621224 6.033257 59
-12.907845 6.054074 -48
-11.906068 7.838029 -43
-10.672506 9.447067 -37
-9.231277 10.858846 -31
-7.610307 12.049758 -25
-5.841330 12.999493 -18
-3.958619 13.690531 -12
-1.998731 14.110436 -6
0.000000 14.251332 0
1.998731 14.110436 6
3.958619 13.690531 12
5.841330 12.999493 18
7.610307 12.049758 25
9.231277 10.858846 31
10.672506 9.447067 37
11.906068 7.838029 43
12.907845 6.054074 48
-10.597868 5.000761 -40
-9.680122 6.401879 -36
-8.762630 7.778370 -31
-7.505459 8.850977 -26
-6.248286 9.911145 -21
-4.749175 10.588221 -16
-3.250064 11.256410 -10
-1.625032 11.490225 -5
0.000000 11.715917 0
1.625032 11.490225 5
3.250064 11.256410 10
4.749175 10.588221 16
6.248286 9.911145 21
7.505459 8.850977 26
8.762630 7.778370 31
9.680122 6.401879 36
10.597868 5.000761 40
-8.287637 3.874079 -32
-7.569941 4.971819 -29
-6.852501 6.058390 -25
-5.869256 6.896420 -21
-4.886266 7.731404 -17
-3.713887 8.258950 -13
-2.541508 8.785733 -9
-1.270881 8.965727 -4
0.000000 9.145721 0
1.270881 8.965727 4
2.541508 8.785733 9
3.713887 8.258950 13
4.886266 7.731404 17
5.869256 6.896420 21
6.852501 6.058390 25
7.569941 4.971819 29
8.287637 3.874079 32
-5.638995 3.304647 -21
-4.921554 4.368623 -19
-4.215537 4.968519 -16
-3.509520 5.566641 -13
-2.667428 5.944656 -10
-1.825336 6.322417 -6
-0.912668 6.451383 -3
0.000000 6.580351 0
0.912668 6.451383 3
1.825336 6.322417 6
2.667428 5.944656 10
3.509520 5.566641 13
4.215537 4.968519 16
4.921554 4.368623 19
5.638995 3.304647 21
-2.990607 2.630111 -12
-2.132521 3.363289 -8
-1.109165 3.824575 -4
0.000000 3.981974 0
1.109165 3.824575 4
2.132521 3.363289 8
2.990607 2.630111 12
