# Active surface commands at 38.452672
# Zero points are Off, FEM corrections are Off
-12.741051 103.255394 -72
-10.929931 103.478548 -62
-9.111958 103.637726 -52
-7.293983 103.797412 -42
-5.471693 103.893116 -32
-3.649150 103.988833 -21
-1.824575 104.021075 -10
0.000000 104.052809 0
1.824575 104.021075 10
3.649150 103.988833 21
5.471693 103.893116 32
7.293983 103.797412 42
9.111958 103.637726 52
10.929931 103.478548 62
12.741051 103.255394 72
-23.048235 99.466362 -104
-21.336126 99.861387 -99
-19.578065 100.204114 -93
-17.820005 100.546840 -87
-16.051028 100.827872 -80
-14.282051 101.109163 -73
-12.504442 101.327749 -65
-10.726834 101.546838 -56
-8.942625 101.703220 -47
-7.158416 101.859863 -38
-5.369891 101.953794 -29
-3.581366 102.047726 -19
-1.790810 102.079205 -9
0.000000 102.110431 0
1.790810 102.079205 9
3.581366 102.047726 19
5.369891 101.953794 29
7.158416 101.859863 38
8.942625 101.703220 47
10.726834 101.546838 56
12.504442 101.327749 65
14.282051 101.109163 73
16.051028 100.827872 80
17.820005 100.546840 87
19.578065 100.204114 93
21.336126 99.861387 99
23.048235 99.466362 104
-29.431075 95.752474 -102
-27.750698 96.268088 -101
-26.053567 96.724041 -99
-24.356436 97.180501 -96
-22.644327 97.566385 -93
-20.932217 97.961664 -89
-19.207413 98.297790 -84
-17.482610 98.634170 -78
-15.747145 98.909623 -72
-14.011678 99.185578 -66
-12.267835 99.400352 -58
-10.523737 99.615127 -51
-8.773292 99.768466 -43
-7.023103 99.922314 -35
-5.268342 100.014472 -26
-3.513582 100.106625 -17
-1.756791 100.137596 -8
0.000000 100.168314 0
1.756791 100.137596 8
3.513582 100.106625 17
5.268342 100.014472 26
7.023103 99.922314 35
8.773292 99.768466 43
10.523737 99.615127 51
12.267835 99.400352 58
14.011678 99.185578 66
15.747145 98.909623 72
17.482610 98.634170 78
19.207413 98.297790 84
20.932217 97.961664 89
22.644327 97.566385 93
24.356436 97.180501 96
26.053567 96.724041 99
27.750698 96.268088 101
29.431075 95.752474 102
-33.758314 92.233310 -87
-32.129727 92.795887 -89
-30.500890 93.358464 -90
-28.853517 93.863672 -90
-27.206144 94.368874 -89
-25.542269 94.816198 -88
-23.878396 95.263517 -86
-22.200051 95.651942 -83
-20.521453 96.040875 -79
-18.830413 96.370399 -75
-17.139629 96.700178 -70
-15.438182 96.970295 -65
-13.736736 97.240672 -59
-12.026910 97.451380 -52
-10.317339 97.661841 -46
-8.601167 97.812391 -38
-6.885250 97.963189 -31
-5.165016 98.053569 -23
-3.444783 98.143942 -15
-1.722264 98.174158 -8
0.000000 98.204367 0
1.722264 98.174158 8
3.444783 98.143942 15
5.165016 98.053569 23
6.885250 97.963189 31
8.601167 97.812391 38
10.317339 97.661841 46
12.026910 97.451380 52
13.736736 97.240672 59
15.438182 96.970295 65
17.139629 96.700178 70
18.830413 96.370399 75
20.521453 96.040875 79
22.200051 95.651942 83
23.878396 95.263517 86
25.542269 94.816198 88
27.206144 94.368874 89
28.853517 93.863672 90
30.500890 93.358464 90
32.129727 92.795887 89
33.758314 92.233310 87
-37.788525 88.513329 -65
-36.234578 89.175168 -69
-34.658542 89.781925 -73
-33.082762 90.376744 -76
-31.486418 90.928152 -78
-29.890328 91.479560 -79
-28.275959 91.974610 -79
-26.661588 92.469659 -79
-25.030972 92.908096 -78
-23.400355 93.346279 -76
-21.755522 93.727340 -73
-20.110687 94.108401 -70
-18.453669 94.431325 -67
-16.796395 94.754503 -62
-15.129221 95.019296 -58
-13.461793 95.284336 -52
-11.786240 95.490731 -47
-10.110688 95.696877 -41
-8.429043 95.844632 -34
-6.747398 95.992127 -28
-5.061437 96.080728 -21
-3.375730 96.169329 -14
-1.687992 96.199036 -7
0.000000 96.228737 0
1.687992 96.199036 7
3.375730 96.169329 14
5.061437 96.080728 21
6.747398 95.992127 28
8.429043 95.844632 34
10.110688 95.696877 41
11.786240 95.490731 47
13.461793 95.284336 52
15.129221 95.019296 58
16.796395 94.754503 62
18.453669 94.431325 67
20.110687 94.108401 70
21.755522 93.727340 73
23.400355 93.346279 76
25.030972 92.908096 78
26.661588 92.469659 79
28.275959 91.974610 79
29.890328 91.479560 79
31.486418 90.928152 78
33.082762 90.376744 76
34.658542 89.781925 73
36.234578 89.175168 69
37.788525 88.513329 65
-39.992131 85.333588 -43
-38.525769 86.017008 -49
-37.004061 86.665143 -54
-35.482357 87.313278 -59
-33.939070 87.907589 -62
-32.395784 88.501900 -65
-30.832953 89.041885 -67
-29.269864 89.581871 -68
-27.689008 90.067022 -69
-26.108150 90.551913 -69
-24.511297 90.980959 -68
-22.914699 91.410254 -67
-21.303884 91.783444 -65
-19.693322 92.156386 -62
-18.070576 92.472709 -59
-16.447830 92.789286 -55
-14.815182 93.048742 -51
-13.182280 93.308198 -46
-11.541508 93.510279 -41
-9.900736 93.712366 -36
-8.254126 93.856817 -30
-6.607261 94.001522 -24
-4.956588 94.088345 -18
-3.305662 94.175173 -12
-1.652704 94.203857 -6
0.000000 94.233050 0
1.652704 94.203857 6
3.305662 94.175173 12
4.956588 94.088345 18
6.607261 94.001522 24
8.254126 93.856817 30
9.900736 93.712366 36
11.541508 93.510279 41
13.182280 93.308198 46
14.815182 93.048742 51
16.447830 92.789286 55
18.070576 92.472709 59
19.693322 92.156386 62
21.303884 91.783444 65
22.914699 91.410254 67
24.511297 90.980959 68
26.108150 90.551913 69
27.689008 90.067022 69
29.269864 89.581871 68
30.832953 89.041885 67
32.395784 88.501900 65
33.939070 87.907589 62
35.482357 87.313278 59
37.004061 86.665143 54
38.525769 86.017008 49
39.992131 85.333588 43
-43.525259 81.348821 -13
-42.083525 82.085805 -20
-40.641787 82.823303 -28
-39.175425 83.498858 -34
-37.709063 84.182532 -40
-36.219597 84.816957 -44
-34.730135 85.451382 -49
-33.219599 86.033253 -52
-31.709064 86.614877 -55
-30.179234 87.143439 -57
-28.649403 87.671995 -59
-27.102058 88.146988 -59
-25.554709 88.621479 -59
-23.991623 89.041631 -59
-22.428788 89.461790 -58
-20.852247 89.827114 -56
-19.275705 90.192179 -54
-17.687485 90.501901 -51
-16.099010 90.811629 -48
-14.500889 91.065755 -45
-12.902767 91.319626 -41
-11.297029 91.517387 -36
-9.691039 91.715154 -32
-8.078954 91.856816 -27
-6.467124 91.998224 -22
-4.851485 92.083268 -16
-3.235593 92.168317 -11
-1.617669 92.196493 -5
0.000000 92.224930 0
1.617669 92.196493 5
3.235593 92.168317 11
4.851485 92.083268 16
6.467124 91.998224 22
8.078954 91.856816 27
9.691039 91.715154 32
11.297029 91.517387 36
12.902767 91.319626 41
14.500889 91.065755 45
16.099010 90.811629 48
17.687485 90.501901 51
19.275705 90.192179 54
20.852247 89.827114 56
22.428788 89.461790 58
23.991623 89.041631 59
25.554709 88.621479 59
27.102058 88.146988 59
28.649403 87.671995 59
30.179234 87.143439 57
31.709064 86.614877 55
33.219599 86.033253 52
34.730135 85.451382 49
36.219597 84.816957 44
37.709063 84.182532 40
39.175425 83.498858 34
40.641787 82.823303 28
42.083525 82.085805 20
43.525259 81.348821 13
-45.334856 78.006345 10
-43.951002 78.776593 1
-42.566894 79.546588 -5
-41.156894 80.267326 -13
-39.747144 80.988573 -19
-38.313024 81.659560 -26
-36.878650 82.331049 -31
-35.422189 82.951255 -36
-33.965474 83.571716 -40
-32.488194 84.140900 -43
-31.010917 84.710078 -46
-29.514851 85.226957 -48
-28.018533 85.744096 -50
-26.505205 86.208174 -51
-24.992130 86.672506 -51
-23.463569 87.083523 -51
-21.935009 87.494540 -50
-20.393246 87.851739 -49
-18.851231 88.208683 -47
-17.298045 88.511805 -45
-15.744605 88.814672 -42
-14.181772 89.063213 -39
-12.618685 89.311500 -35
-11.048236 89.505201 -32
-9.477533 89.698400 -28
-7.901244 89.836759 -23
-6.324702 89.975371 -19
-4.744605 90.058388 -14
-3.164255 90.141404 -9
-1.582127 90.169079 -4
0.000000 90.197001 0
1.582127 90.169079 4
3.164255 90.141404 9
4.744605 90.058388 14
6.324702 89.975371 19
7.901244 89.836759 23
9.477533 89.698400 28
11.048236 89.505201 32
12.618685 89.311500 35
14.181772 89.063213 39
15.744605 88.814672 42
17.298045 88.511805 45
18.851231 88.208683 47
20.393246 87.851739 49
21.935009 87.494540 50
23.463569 87.083523 51
24.992130 86.672506 51
26.505205 86.208174 51
28.018533 85.744096 50
29.514851 85.226957 48
31.010917 84.710078 46
32.488194 84.140900 43
33.965474 83.571716 40
35.422189 82.951255 36
36.878650 82.331049 31
38.313024 81.659560 26
39.747144 80.988573 19
41.156894 80.267326 13
42.566894 79.546588 5
43.951002 78.776593 -1
45.334856 78.006345 -10
-46.965981 74.651943 33
-45.640265 75.489211 24
-44.314294 76.238640 15
-42.961412 76.991367 7
-41.608529 77.744100 0
-40.230517 78.448847 -6
-38.852247 79.153843 -12
-37.450369 79.809849 -18
-36.048488 80.466110 -23
-34.624778 81.072606 -28
-33.200813 81.679357 -32
-31.756792 82.235593 -35
-30.312770 82.791823 -38
-28.850217 83.297286 -40
-27.387663 83.802742 -41
-25.908606 84.256407 -43
-24.429297 84.710332 -43
-22.935262 85.111959 -43
-21.441229 85.513833 -43
-19.933994 85.863161 -42
-18.427013 86.211980 -40
-16.908607 86.508252 -38
-15.390200 86.804518 -36
-13.862401 87.047475 -34
-12.334602 87.290172 -31
-10.799442 87.479311 -27
-9.264281 87.668444 -24
-7.723280 87.803753 -20
-6.182534 87.939069 -16
-4.637725 88.020307 -12
-3.093171 88.101550 -8
-1.546585 88.128456 -4
0.000000 88.155622 0
1.546585 88.128456 4
3.093171 88.101550 8
4.637725 88.020307 12
6.182534 87.939069 16
7.723280 87.803753 20
9.264281 87.668444 24
10.799442 87.479311 27
12.334602 87.290172 31
13.862401 87.047475 34
15.390200 86.804518 36
16.908607 86.508252 38
18.427013 86.211980 40
19.933994 85.863161 42
21.441229 85.513833 43
22.935262 85.111959 43
24.429297 84.710332 43
25.908606 84.256407 43
27.387663 83.802742 41
28.850217 83.297286 40
30.312770 82.791823 38
31.756792 82.235593 35
33.200813 81.679357 32
34.624778 81.072606 28
36.048488 80.466110 23
37.450369 79.809849 18
38.852247 79.153843 12
40.230517 78.448847 6
41.608529 77.744100 0
42.961412 76.991367 -7
44.314294 76.238640 -15
45.640265 75.489211 -24
46.965981 74.651943 -33
-47.107389 72.095458 45
-45.870779 72.898959 36
-45.226199 73.294493 32
-44.575780 73.680122 28
-43.280781 74.461285 20
-41.959635 75.196496 12
-41.301599 75.569178 9
-40.638233 75.931707 5
-39.292205 76.620210 0
-37.946178 77.308960 -6
-37.264025 77.634680 -9
-36.577051 77.949478 -11
-35.207920 78.590503 -16
-33.817214 79.183042 -21
-33.124143 79.484638 -22
-32.426505 79.775580 -24
-31.016247 80.318863 -27
-29.605739 80.862400 -30
-28.893628 81.114746 -31
-28.177457 81.356179 -32
-26.748921 81.849710 -34
-25.304392 82.292968 -35
-24.583650 82.520182 -35
-23.859609 82.736227 -36
-22.400355 83.128711 -36
-20.941102 83.521196 -36
-20.206397 83.697381 -35
-19.469155 83.862150 -35
-17.997207 84.203097 -34
-16.514344 84.492509 -33
-15.773801 84.642805 -32
-15.031227 84.781672 -31
-13.539223 85.019038 -29
-12.046966 85.256156 -26
-11.298045 85.354147 -25
-10.547601 85.440721 -24
-9.048236 85.625795 -20
-7.543285 85.757807 -17
-6.791318 85.829654 -16
-6.038335 85.890073 -14
-4.529576 85.969284 -10
-3.021071 86.048742 -7
-2.265804 86.067529 -5
-1.510536 86.075146 -3
0.000000 86.101295 0
1.510536 86.075146 3
2.265804 86.067529 5
3.021071 86.048742 7
4.529576 85.969284 10
6.038335 85.890073 14
6.791318 85.829654 16
7.543285 85.757807 17
9.048236 85.625795 20
10.547601 85.440721 24
11.298045 85.354147 25
12.046966 85.256156 26
13.539223 85.019038 29
15.031227 84.781672 31
15.773801 84.642805 32
16.514344 84.492509 33
17.997207 84.203097 34
19.469155 83.862150 35
20.206397 83.697381 35
20.941102 83.521196 36
22.400355 83.128711 36
23.859609 82.736227 36
24.583650 82.520182 35
25.304392 82.292968 35
26.748921 81.849710 34
28.177457 81.356179 32
28.893628 81.114746 31
29.605739 80.862400 30
31.016247 80.318863 27
32.426505 79.775580 24
33.124143 79.484638 22
33.817214 79.183042 21
35.207920 78.590503 16
36.577051 77.949478 11
37.264025 77.634680 9
37.946178 77.308960 6
39.292205 76.620210 0
40.638233 75.931707 -5
41.301599 75.569178 -9
41.959635 75.196496 -12
43.280781 74.461285 -20
44.575780 73.680122 -28
45.226199 73.294493 -32
45.870779 72.898959 -36
47.107389 72.095458 -45
-49.664637 67.850213 73
-47.856056 69.128712 59
-46.012187 70.342728 46
-44.146231 71.532112 34
-42.247271 72.671237 23
-40.315563 73.752726 13
-38.353897 74.778879 4
-36.374207 75.768978 -3
-34.367098 76.702210 -10
-32.333079 77.575017 -16
-30.275452 78.389439 -21
-28.203603 79.166289 -25
-26.110180 79.883978 -27
-23.996699 80.538459 -29
-21.865449 81.132522 -30
-19.724041 81.687482 -30
-17.567402 82.181515 -28
-15.397309 82.610562 -27
-13.215791 82.977659 -24
-11.028180 83.304897 -21
-8.832191 83.569943 -17
-6.629094 83.769229 -13
-4.421427 83.905561 -9
-2.211729 84.001525 -4
0.000000 84.034523 0
2.211729 84.001525 4
4.421427 83.905561 9
6.629094 83.769229 13
8.832191 83.569943 17
11.028180 83.304897 21
13.215791 82.977659 24
15.397309 82.610562 27
17.567402 82.181515 28
19.724041 81.687482 30
21.865449 81.132522 30
23.996699 80.538459 29
26.110180 79.883978 27
28.203603 79.166289 25
30.275452 78.389439 21
32.333079 77.575017 16
34.367098 76.702210 10
36.374207 75.768978 3
38.353897 74.778879 -4
40.315563 73.752726 -13
42.247271 72.671237 -23
44.146231 71.532112 -34
46.012187 70.342728 -46
47.856056 69.128712 -59
49.664637 67.850213 -73
-49.543539 65.365829 84
-48.424472 66.143181 71
-46.661081 67.389946 59
-44.863164 68.586440 47
-43.043920 69.749173 36
-41.192433 70.860115 26
-39.308708 71.914953 17
-37.396294 72.915458 8
-35.465854 73.880932 1
-33.509014 74.791064 -5
-31.525769 75.642042 -10
-29.519676 76.436407 -15
-27.499364 77.193702 -19
-25.458238 77.893627 -21
-23.397309 78.531858 -23
-21.319625 79.110940 -24
-19.231532 79.652196 -24
-17.128713 80.134044 -23
-15.012693 80.552423 -22
-12.885758 80.910639 -20
-10.752983 81.229751 -18
-8.611576 81.487943 -14
-6.463570 81.682152 -11
-4.310993 81.815180 -7
-2.156385 81.908603 -3
0.000000 81.941100 0
2.156385 81.908603 3
4.310993 81.815180 7
6.463570 81.682152 11
8.611576 81.487943 14
10.752983 81.229751 18
12.885758 80.910639 20
15.012693 80.552423 22
17.128713 80.134044 23
19.231532 79.652196 24
21.319625 79.110940 24
23.397309 78.531858 23
25.458238 77.893627 21
27.499364 77.193702 19
29.519676 76.436407 15
31.525769 75.642042 10
33.509014 74.791064 5
35.465854 73.880932 -1
37.396294 72.915458 -8
39.308708 71.914953 -17
41.192433 70.860115 -26
43.043920 69.749173 -36
44.863164 68.586440 -47
46.661081 67.389946 -59
48.424472 66.143181 -71
49.543539 65.365829 -84
-50.511044 61.871792 93
-48.865955 63.241688 81
-47.184310 64.435894 70
-45.466109 65.651435 58
-43.714141 66.816957 48
-41.941608 67.950243 38
-40.137345 69.032748 28
-38.302106 70.060674 20
-36.438438 71.035798 12
-34.557501 71.976387 5
-32.650672 72.863673 0
-30.718456 73.692816 -5
-28.763646 74.466870 -10
-26.795125 75.205130 -13
-24.806296 75.887026 -16
-22.798173 76.508757 -18
-20.773547 77.073367 -19
-18.739020 77.600659 -19
-16.690022 78.070067 -19
-14.628333 78.477786 -18
-12.555725 78.826859 -16
-10.477532 79.137852 -14
-8.390962 79.389691 -12
-6.298045 79.578830 -9
-4.200559 79.708301 -6
-2.101295 79.799443 -3
0.000000 79.831177 0
2.101295 79.799443 3
4.200559 79.708301 6
6.298045 79.578830 9
8.390962 79.389691 12
10.477532 79.137852 14
12.555725 78.826859 16
14.628333 78.477786 18
16.690022 78.070067 19
18.739020 77.600659 19
20.773547 77.073367 19
22.798173 76.508757 18
24.806296 75.887026 16
26.795125 75.205130 13
28.763646 74.466870 10
30.718456 73.692816 5
32.650672 72.863673 0
34.557501 71.976387 -5
36.438438 71.035798 -12
38.302106 70.060674 -20
40.137345 69.032748 -28
41.941608 67.950243 -38
43.714141 66.816957 -48
45.466109 65.651435 -58
47.184310 64.435894 -70
48.865955 63.241688 -81
50.511044 61.871792 -93
-51.221884 58.386649 99
-49.161462 60.205382 88
-47.560295 61.484390 77
-45.923837 62.716931 67
-44.251334 63.899975 57
-42.546332 65.034526 47
-40.821019 66.137850 38
-39.064992 67.191417 30
-37.278752 68.191929 22
-35.464838 69.141152 15
-33.634425 70.057122 9
-31.778370 70.920286 3
-29.897691 71.727598 -1
-27.995176 72.481087 -5
-26.079208 73.199799 -9
-24.143438 73.863162 -11
-22.189135 74.468649 -13
-20.218583 75.018278 -14
-18.238132 75.531606 -15
-16.244224 75.988574 -15
-14.237370 76.385379 -14
-12.220360 76.724802 -13
-10.197512 77.027669 -12
-8.166794 77.272659 -10
-6.129728 77.456715 -7
-4.088347 77.582889 -5
-2.045189 77.671744 -2
0.000000 77.702461 0
2.045189 77.671744 2
4.088347 77.582889 5
6.129728 77.456715 7
8.166794 77.272659 10
10.197512 77.027669 12
12.220360 76.724802 13
14.237370 76.385379 14
16.244224 75.988574 15
18.238132 75.531606 15
20.218583 75.018278 14
22.189135 74.468649 13
24.143438 73.863162 11
26.079208 73.199799 9
27.995176 72.481087 5
29.897691 71.727598 1
31.778370 70.920286 -3
33.634425 70.057122 -9
35.464838 69.141152 -15
37.278752 68.191929 -22
39.064992 67.191417 -30
40.821019 66.137850 -38
42.546332 65.034526 -47
44.251334 63.899975 -57
45.923837 62.716931 -67
47.560295 61.484390 -77
49.161462 60.205382 -88
51.221884 58.386649 -99
-50.844123 55.968014 102
-49.346281 57.283826 93
-47.811883 58.538972 83
-46.254887 59.782942 73
-44.663113 60.981723 64
-43.036557 62.132518 55
-41.378269 63.235849 47
-39.700433 64.309213 38
-37.992638 65.333841 31
-36.255394 66.307187 24
-34.491495 67.230514 17
-32.711094 68.121352 11
-30.906068 68.960901 6
-29.076922 69.746384 2
-27.226706 70.479054 -1
-25.363290 71.177963 -5
-23.480832 71.823556 -7
-21.580096 72.412289 -9
-19.663366 72.946938 -10
-17.737497 73.446307 -11
-15.798172 73.890583 -11
-13.846661 74.276720 -11
-11.884996 74.607007 -10
-9.917746 74.901495 -9
-7.942625 75.139629 -8
-5.961412 75.318864 -6
-3.976136 75.441480 -4
-1.989083 75.527800 -2
0.000000 75.557755 0
1.989083 75.527800 2
3.976136 75.441480 4
5.961412 75.318864 6
7.942625 75.139629 8
9.917746 74.901495 9
11.884996 74.607007 10
13.846661 74.276720 11
15.798172 73.890583 11
17.737497 73.446307 11
19.663366 72.946938 10
21.580096 72.412289 9
23.480832 71.823556 7
25.363290 71.177963 5
27.226706 70.479054 1
29.076922 69.746384 -2
30.906068 68.960901 -6
32.711094 68.121352 -11
34.491495 67.230514 -17
36.255394 66.307187 -24
37.992638 65.333841 -31
39.700433 64.309213 -38
41.378269 63.235849 -47
43.036557 62.132518 -55
44.663113 60.981723 -64
46.254887 59.782942 -73
47.811883 58.538972 -83
49.346281 57.283826 -93
50.844123 55.968014 -102
-51.183549 52.517642 103
-49.385378 54.348058 94
-47.930439 55.626050 86
-46.440214 56.862149 77
-44.927645 58.070320 69
-43.381824 59.235340 61
-41.801979 60.353137 53
-40.191165 61.425236 45
-38.561311 62.467634 38
-36.902767 63.463571 31
-35.215283 64.408735 25
-33.501904 65.305659 19
-31.772532 66.171109 13
-30.019293 66.986801 9
-28.242701 67.749680 4
-26.445543 68.461537 1
-24.635695 69.140389 -1
-22.807058 69.767451 -4
-20.960904 70.339424 -6
-19.099264 70.858590 -7
-17.228739 71.343742 -8
-15.345011 71.775323 -8
-13.449353 72.150546 -8
-11.544047 72.471437 -8
-9.633156 72.757297 -7
-7.714649 72.988830 -6
-5.790556 73.162983 -4
-3.862148 73.282053 -3
-1.931962 73.365826 -1
0.000000 73.395025 0
1.931962 73.365826 1
3.862148 73.282053 3
5.790556 73.162983 4
7.714649 72.988830 6
9.633156 72.757297 7
11.544047 72.471437 8
13.449353 72.150546 8
15.345011 71.775323 8
17.228739 71.343742 8
19.099264 70.858590 7
20.960904 70.339424 6
22.807058 69.767451 4
24.635695 69.140389 1
26.445543 68.461537 -1
28.242701 67.749680 -4
30.019293 66.986801 -9
31.772532 66.171109 -13
33.501904 65.305659 -19
35.215283 64.408735 -25
36.902767 63.463571 -31
38.561311 62.467634 -38
40.191165 61.425236 -45
41.801979 60.353137 -53
43.381824 59.235340 -61
44.927645 58.070320 -69
46.440214 56.862149 -77
47.930439 55.626050 -86
49.385378 54.348058 -94
51.183549 52.517642 -103
-50.639250 50.142676 100
-49.301345 51.358721 93
-47.926884 52.727848 86
-46.514851 53.968522 79
-45.068545 55.168319 71
-43.600661 56.340950 64
-42.100278 57.471695 57
-40.567148 58.556487 50
-39.004062 59.597107 43
-37.422441 60.609035 37
-35.812644 61.575526 31
-34.175172 62.493021 25
-32.512314 63.363541 20
-30.833969 64.203604 15
-29.132776 64.995174 10
-27.408479 65.735722 7
-25.664381 66.426505 3
-23.907844 67.085555 0
-22.133537 67.694084 -1
-20.341711 68.249304 -3
-18.535161 68.753235 -4
-16.719727 69.223914 -5
-14.891851 69.643056 -6
-13.052044 70.007110 -6
-11.203097 70.318611 -6
-9.348565 70.596091 -5
-7.486926 70.820764 -4
-5.619447 70.989846 -3
-3.747906 71.105359 -2
-1.874841 71.186851 -1
0.000000 71.215027 0
1.874841 71.186851 1
3.747906 71.105359 2
5.619447 70.989846 3
7.486926 70.820764 4
9.348565 70.596091 5
11.203097 70.318611 6
13.052044 70.007110 6
14.891851 69.643056 6
16.719727 69.223914 5
18.535161 68.753235 4
20.341711 68.249304 3
22.133537 67.694084 1
23.907844 67.085555 0
25.664381 66.426505 -3
27.408479 65.735722 -7
29.132776 64.995174 -10
30.833969 64.203604 -15
32.512314 63.363541 -20
34.175172 62.493021 -25
35.812644 61.575526 -31
37.422441 60.609035 -37
39.004062 59.597107 -43
40.567148 58.556487 -50
42.100278 57.471695 -57
43.600661 56.340950 -64
45.068545 55.168319 -71
46.514851 53.968522 -79
47.926884 52.727848 -86
49.301345 51.358721 -93
50.639250 50.142676 -100
-50.729118 46.764663 95
-49.072861 48.576290 89
-47.776340 49.856816 83
-46.444274 51.100024 77
-45.076163 52.302614 71
-43.674536 53.465347 65
-42.252096 54.601930 59
-40.798173 55.697891 53
-39.312516 56.749432 46
-37.797664 57.758063 41
-36.265041 58.738765 35
-34.705002 59.675555 30
-33.118051 60.564862 25
-31.506729 61.408730 20
-29.880426 62.222644 16
-28.231532 62.989843 12
-26.560802 63.707538 8
-24.870526 64.377255 5
-23.168316 65.015739 3
-21.448845 65.605737 0
-19.712617 66.143689 0
-17.961920 66.632137 -2
-16.202589 67.088350 -3
-14.431074 67.494544 -3
-12.648388 67.847169 -4
-10.856563 68.149020 -4
-9.059406 68.417872 -3
-7.255395 68.635696 -3
-5.445545 68.799442 -2
-3.632140 68.911651 -1
-1.816959 68.990354 0
0.000000 69.017774 0
1.816959 68.990354 0
3.632140 68.911651 1
5.445545 68.799442 2
7.255395 68.635696 3
9.059406 68.417872 3
10.856563 68.149020 4
12.648388 67.847169 4
14.431074 67.494544 3
16.202589 67.088350 3
17.961920 66.632137 2
19.712617 66.143689 0
21.448845 65.605737 0
23.168316 65.015739 -3
24.870526 64.377255 -5
26.560802 63.707538 -8
28.231532 62.989843 -12
29.880426 62.222644 -16
31.506729 61.408730 -20
33.118051 60.564862 -25
34.705002 59.675555 -30
36.265041 58.738765 -35
37.797664 57.758063 -41
39.312516 56.749432 -46
40.798173 55.697891 -53
42.252096 54.601930 -59
43.674536 53.465347 -65
45.076163 52.302614 -71
46.444274 51.100024 -77
47.776340 49.856816 -83
49.072861 48.576290 -89
50.729118 46.764663 -95
-49.935262 44.467630 87
-48.739019 45.657526 83
-48.335871 46.175425 81
-47.506474 47.009900 79
-46.677329 47.844376 75
-46.251586 48.250062 74
-44.961921 49.453668 69
-43.637217 50.617922 64
-43.191926 51.001522 62
-42.280529 51.743842 59
-41.369130 52.485908 55
-40.903527 52.844378 53
-39.496065 53.905562 48
-38.057628 54.923837 43
-37.574764 55.258184 41
-36.591266 55.900480 38
-35.607768 56.542522 34
-35.107388 56.849964 33
-33.597360 57.756792 28
-32.060929 58.617922 24
-31.546077 58.899722 22
-30.501141 59.434879 20
-29.456208 59.969788 17
-28.926632 60.223152 16
-27.330542 60.965980 12
-25.713126 61.660829 9
-25.171617 61.887027 8
-24.076669 62.309218 6
-22.981975 62.731404 5
-22.429042 62.927392 4
-20.764154 63.498603 2
-19.083270 64.019548 0
-18.521452 64.187359 0
-17.388677 64.492514 0
-16.255903 64.797159 -1
-15.685453 64.934248 -1
-13.970551 65.327494 -2
-12.244732 65.668950 -2
-11.668190 65.776846 -2
-10.510028 65.961157 -2
-9.351612 66.145468 -2
-8.770246 66.221629 -2
-7.023864 66.432598 -2
-5.271897 66.591013 -1
-4.687230 66.637982 -1
-3.516121 66.699671 -1
-2.345011 66.761106 0
-1.758822 66.775833 0
0.000000 66.802236 0
1.758822 66.775833 0
2.345011 66.761106 0
3.516121 66.699671 1
4.687230 66.637982 1
5.271897 66.591013 1
7.023864 66.432598 2
8.770246 66.221629 2
9.351612 66.145468 2
10.510028 65.961157 2
11.668190 65.776846 2
12.244732 65.668950 2
13.970551 65.327494 2
15.685453 64.934248 1
16.255903 64.797159 1
17.388677 64.492514 0
18.521452 64.187359 0
19.083270 64.019548 0
20.764154 63.498603 -2
22.429042 62.927392 -4
22.981975 62.731404 -5
24.076669 62.309218 -6
25.171617 61.887027 -8
25.713126 61.660829 -9
27.330542 60.965980 -12
28.926632 60.223152 -16
29.456208 59.969788 -17
30.501141 59.434879 -20
31.546077 58.899722 -22
32.060929 58.617922 -24
33.597360 57.756792 -28
35.107388 56.849964 -33
35.607768 56.542522 -34
36.591266 55.900480 -38
37.574764 55.258184 -41
38.057628 54.923837 -43
39.496065 53.905562 -48
40.903527 52.844378 -53
41.369130 52.485908 -55
42.280529 51.743842 -59
43.191926 51.001522 -62
43.637217 50.617922 -64
44.961921 49.453668 -69
46.251586 48.250062 -74
46.677329 47.844376 -75
47.506474 47.009900 -79
48.335871 46.175425 -81
48.739019 45.657526 -83
49.935262 44.467630 -87
-49.675551 41.290681 78
-48.268851 42.967250 74
-46.694086 44.614369 70
-45.119574 46.250319 65
-43.434883 47.781924 60
-41.750446 49.302870 55
-39.964203 50.712111 49
-38.177963 52.110431 43
-36.298554 53.390710 37
-34.419397 54.659813 31
-32.456206 55.804770 26
-30.493273 56.938565 21
-28.455699 57.942876 17
-26.418380 58.936024 12
-24.316578 59.794874 9
-22.215029 60.642802 6
-20.059152 61.351863 3
-17.903276 62.050264 1
-15.703732 62.606501 0
-13.504189 63.152325 0
-11.271896 63.552935 -1
-9.039604 63.943386 -1
-6.785224 64.186343 -1
-4.530845 64.419141 -1
-2.265296 64.503936 0
0.000000 64.578065 0
2.265296 64.503936 0
4.530845 64.419141 1
6.785224 64.186343 1
9.039604 63.943386 1
11.271896 63.552935 1
13.504189 63.152325 0
15.703732 62.606501 0
17.903276 62.050264 -1
20.059152 61.351863 -3
22.215029 60.642802 -6
24.316578 59.794874 -9
26.418380 58.936024 -12
28.455699 57.942876 -17
30.493273 56.938565 -21
32.456206 55.804770 -26
34.419397 54.659813 -31
36.298554 53.390710 -37
38.177963 52.110431 -43
39.964203 50.712111 -49
41.750446 49.302870 -55
43.434883 47.781924 -60
45.119574 46.250319 -65
46.694086 44.614369 -70
48.268851 42.967250 -74
49.675551 41.290681 -78
-48.009138 39.790047 64
-46.602438 41.466616 62
-45.082001 43.052042 59
-43.561818 44.636964 56
-41.935262 46.111194 52
-40.308962 47.584920 47
-38.584411 48.940849 42
-36.859864 50.296269 38
-35.045442 51.527292 33
-33.231022 52.758058 28
-31.335620 53.858339 24
-29.440468 54.958621 19
-27.473472 55.923078 16
-25.506220 56.887536 12
-23.477025 57.711602 9
-21.448084 58.535668 6
-19.366590 59.215029 4
-17.285097 59.894643 2
-15.161715 60.426757 1
-13.038081 60.958871 0
-10.882712 61.340695 0
-8.727596 61.722518 0
-6.550901 61.952273 0
-4.374460 62.182282 0
-2.187103 62.258698 0
0.000000 62.335616 0
2.187103 62.258698 0
4.374460 62.182282 0
6.550901 61.952273 0
8.727596 61.722518 0
10.882712 61.340695 0
13.038081 60.958871 0
15.161715 60.426757 -1
17.285097 59.894643 -2
19.366590 59.215029 -4
21.448084 58.535668 -6
23.477025 57.711602 -9
25.506220 56.887536 -12
27.473472 55.923078 -16
29.440468 54.958621 -19
31.335620 53.858339 -24
33.231022 52.758058 -28
35.045442 51.527292 -33
36.859864 50.296269 -38
38.584411 48.940849 -42
40.308962 47.584920 -47
41.935262 46.111194 -52
43.561818 44.636964 -56
45.082001 43.052042 -59
46.602438 41.466616 -62
48.009138 39.790047 -64
-47.614116 36.703986 51
-46.258695 38.332065 51
-44.903021 39.959889 50
-43.438183 41.487940 48
-41.973342 43.015486 46
-40.406448 44.436150 43
-38.839299 45.856564 40
-37.177457 47.163240 36
-35.515866 48.469407 32
-33.767707 49.655749 28
-32.019294 50.841839 25
-30.193198 51.902261 21
-28.366844 52.962426 17
-26.471693 53.892106 14
-24.576288 54.821272 11
-22.621223 55.615383 8
-20.665906 56.409240 6
-18.660321 57.064230 4
-16.654988 57.719220 3
-14.608784 58.231785 1
-12.562579 58.744604 0
-10.485910 59.112209 0
-8.409241 59.480069 0
-6.312008 59.701698 0
-4.215029 59.923328 0
-2.107388 59.997208 0
0.000000 60.071083 0
2.107388 59.997208 0
4.215029 59.923328 0
6.312008 59.701698 0
8.409241 59.480069 0
10.485910 59.112209 0
12.562579 58.744604 0
14.608784 58.231785 -1
16.654988 57.719220 -3
18.660321 57.064230 -4
20.665906 56.409240 -6
22.621223 55.615383 -8
24.576288 54.821272 -11
26.471693 53.892106 -14
28.366844 52.962426 -17
30.193198 51.902261 -21
32.019294 50.841839 -25
33.767707 49.655749 -28
35.515866 48.469407 -32
37.177457 47.163240 -36
38.839299 45.856564 -40
40.406448 44.436150 -43
41.973342 43.015486 -46
43.438183 41.487940 -48
44.903021 39.959889 -50
46.258695 38.332065 -51
47.614116 36.703986 -51
-47.004824 33.664383 36
-45.812136 35.296013 38
-44.507998 36.863164 39
-43.203860 38.429805 39
-41.794365 39.900481 38
-40.385124 41.370652 36
-38.877380 42.738003 34
-37.369383 44.104850 32
-35.770754 45.362527 29
-34.171872 46.619446 27
-32.489719 47.761359 24
-30.807820 48.902768 21
-29.050522 49.923330 18
-27.293475 50.943642 15
-25.469916 51.838031 12
-23.646357 52.732416 10
-21.765169 53.496572 8
-19.883980 54.260728 6
-17.954302 54.890833 4
-16.024626 55.521198 3
-14.055851 56.014468 2
-12.087332 56.507745 1
-10.089109 56.861895 0
-8.091140 57.215790 0
-6.073115 57.429040 0
-4.055344 57.642042 0
-2.027672 57.713381 0
0.000000 57.784460 0
2.027672 57.713381 0
4.055344 57.642042 0
6.073115 57.429040 0
8.091140 57.215790 0
10.089109 56.861895 0
12.087332 56.507745 -1
14.055851 56.014468 -2
16.024626 55.521198 -3
17.954302 54.890833 -4
19.883980 54.260728 -6
21.765169 53.496572 -8
23.646357 52.732416 -10
25.469916 51.838031 -12
27.293475 50.943642 -15
29.050522 49.923330 -18
30.807820 48.902768 -21
32.489719 47.761359 -24
34.171872 46.619446 -27
35.770754 45.362527 -29
37.369383 44.104850 -32
38.877380 42.738003 -34
40.385124 41.370652 -36
41.794365 39.900481 -38
43.203860 38.429805 -39
44.507998 36.863164 -39
45.812136 35.296013 -38
47.004824 33.664383 -36
-45.128205 32.300837 22
-43.983244 33.890834 25
-42.731151 35.396040 27
-41.478801 36.900483 27
-40.125668 38.312770 27
-38.772531 39.725058 27
-37.324955 41.037826 26
-35.877379 42.350598 24
-34.342473 43.558010 23
-32.807566 44.765170 21
-31.192436 45.861640 19
-29.577559 46.957604 16
-27.890581 47.937548 14
-26.203860 48.917237 12
-24.452907 49.776087 10
-22.702208 50.634679 8
-20.896166 51.368622 6
-19.089871 52.102058 5
-17.237369 52.707283 3
-15.384870 53.312261 2
-13.494796 53.785729 1
-11.604722 54.259457 1
-9.686215 54.599643 0
-7.767962 54.939326 0
-5.830668 55.143948 0
-3.893374 55.348564 0
-1.946687 55.416860 0
0.000000 55.485404 0
1.946687 55.416860 0
3.893374 55.348564 0
5.830668 55.143948 0
7.767962 54.939326 0
9.686215 54.599643 0
11.604722 54.259457 -1
13.494796 53.785729 -1
15.384870 53.312261 -2
17.237369 52.707283 -3
19.089871 52.102058 -5
20.896166 51.368622 -6
22.702208 50.634679 -8
24.452907 49.776087 -10
26.203860 48.917237 -12
27.890581 47.937548 -14
29.577559 46.957604 -16
31.192436 45.861640 -19
32.807566 44.765170 -21
34.342473 43.558010 -23
35.877379 42.350598 -24
37.324955 41.037826 -26
38.772531 39.725058 -27
40.125668 38.312770 -27
41.478801 36.900483 -27
42.731151 35.396040 -27
43.983244 33.890834 -25
45.128205 32.300837 -22
-44.348820 29.412289 6
-43.251334 30.937294 10
-42.154099 32.461793 13
-40.954051 33.905053 15
-39.753999 35.347295 17
-38.456967 36.701448 17
-37.160193 38.055344 18
-35.772784 39.313784 18
-34.385376 40.572481 17
-32.914191 41.729880 16
-31.443007 42.887280 15
-29.895404 43.938309 13
-28.347550 44.989083 12
-26.730898 45.928408 10
-25.113988 46.867733 9
-23.436152 47.691040 7
-21.758060 48.514343 6
-20.027164 49.217569 5
-18.296014 49.920792 4
-16.520436 50.501142 3
-14.745113 51.080984 2
-12.933486 51.534906 1
-11.122112 51.989083 0
-9.283574 52.315053 0
-7.445037 52.640772 0
-5.588220 52.837014 0
-3.731658 53.033003 0
-1.865702 53.098503 0
0.000000 53.164252 0
1.865702 53.098503 0
3.731658 53.033003 0
5.588220 52.837014 0
7.445037 52.640772 0
9.283574 52.315053 0
11.122112 51.989083 0
12.933486 51.534906 -1
14.745113 51.080984 -2
16.520436 50.501142 -3
18.296014 49.920792 -4
20.027164 49.217569 -5
21.758060 48.514343 -6
23.436152 47.691040 -7
25.113988 46.867733 -9
26.730898 45.928408 -10
28.347550 44.989083 -12
29.895404 43.938309 -13
31.443007 42.887280 -15
32.914191 41.729880 -16
34.385376 40.572481 -17
35.772784 39.313784 -18
37.160193 38.055344 -18
38.456967 36.701448 -17
39.753999 35.347295 -17
40.954051 33.905053 -15
42.154099 32.461793 -13
43.251334 30.937294 -10
44.348820 29.412289 -6
-43.298554 26.677836 -11
-42.396293 28.121603 -6
-41.347297 29.580602 -1
-40.298298 31.038588 1
-39.151054 32.418633 4
-38.003807 33.798171 6
-36.764154 35.092915 8
-35.524246 36.387409 9
-34.198021 37.591012 9
-32.871794 38.794364 10
-31.465348 39.900989 9
-30.058899 41.007617 9
-28.579335 42.012440 8
-27.099771 43.017011 7
-25.553948 43.915206 7
-24.008378 44.813152 6
-22.404418 45.600154 5
-20.800203 46.387156 4
-19.145469 47.059661 3
-17.490734 47.731913 2
-15.793348 48.286621 1
-14.095963 48.841076 1
-12.364052 49.275196 0
-10.632394 49.709318 0
-8.874841 50.020562 0
-7.117289 50.332063 0
-5.342219 50.519674 0
-3.567403 50.707286 0
-1.783702 50.769737 0
0.000000 50.832446 0
1.783702 50.769737 0
3.567403 50.707286 0
5.342219 50.519674 0
7.117289 50.332063 0
8.874841 50.020562 0
10.632394 49.709318 0
12.364052 49.275196 0
14.095963 48.841076 -1
15.793348 48.286621 -1
17.490734 47.731913 -2
19.145469 47.059661 -3
20.800203 46.387156 -4
22.404418 45.600154 -5
24.008378 44.813152 -6
25.553948 43.915206 -7
27.099771 43.017011 -7
28.579335 42.012440 -8
30.058899 41.007617 -9
31.465348 39.900989 -9
32.871794 38.794364 -10
34.198021 37.591012 -9
35.524246 36.387409 -9
36.764154 35.092915 -8
38.003807 33.798171 -6
39.151054 32.418633 -4
40.298298 31.038588 -1
41.347297 29.580602 1
42.396293 28.121603 6
43.298554 26.677836 11
-41.346281 25.361005 -23
-40.444020 26.804772 -17
-39.443261 28.197260 -13
-38.442498 29.588728 -8
-37.348312 30.905814 -5
-36.253873 32.222391 -2
-35.071083 33.457985 0
-33.888550 34.693322 0
-32.623255 35.842091 2
-31.357957 36.990354 2
-30.016247 38.046459 3
-28.674791 39.102564 3
-27.263265 40.061437 3
-25.851739 41.019802 3
-24.377252 41.876873 2
-22.902768 42.733689 2
-21.372683 43.484640 2
-19.842346 44.235845 1
-18.263772 44.877379 1
-16.685199 45.519167 0
-15.066007 46.048235 0
-13.446813 46.577305 0
-11.794872 46.991622 0
-10.142930 47.405688 0
-8.466108 47.702971 0
-6.789541 47.999999 0
-5.096217 48.178980 0
-3.403148 48.357958 0
-1.701447 48.417620 0
0.000000 48.477533 0
1.701447 48.417620 0
3.403148 48.357958 0
5.096217 48.178980 0
6.789541 47.999999 0
8.466108 47.702971 0
10.142930 47.405688 0
11.794872 46.991622 0
13.446813 46.577305 0
15.066007 46.048235 0
16.685199 45.519167 0
18.263772 44.877379 -1
19.842346 44.235845 -1
21.372683 43.484640 -2
22.902768 42.733689 -2
24.377252 41.876873 -2
25.851739 41.019802 -3
27.263265 40.061437 -3
28.674791 39.102564 -3
30.016247 38.046459 -3
31.357957 36.990354 -2
32.623255 35.842091 -2
33.888550 34.693322 0
35.071083 33.457985 0
36.253873 32.222391 2
37.348312 30.905814 5
38.442498 29.588728 8
39.443261 28.197260 13
40.444020 26.804772 17
41.346281 25.361005 23
-40.180756 22.718965 -40
-39.322672 24.109420 -34
-38.464585 25.499112 -28
-37.512821 26.824066 -23
-36.561056 28.148261 -18
-35.520437 29.401371 -15
-34.479564 30.653718 -11
-33.354658 31.829399 -9
-32.230009 33.004317 -7
-31.026657 34.096978 -5
-29.823305 35.189388 -4
-28.547347 36.193956 -2
-27.271388 37.198273 -2
-25.928917 38.110435 -1
-24.586444 39.022086 -1
-23.184310 39.837267 -1
-21.781924 40.652197 -1
-20.326732 41.366338 -1
-18.871288 42.080733 -1
-17.369891 42.690784 -1
-15.868749 43.301092 -1
-14.328763 43.804264 -1
-12.788779 44.307439 -1
-11.217568 44.701448 -1
-9.646357 45.095203 -1
-8.051790 45.378016 -1
-6.457223 45.660572 0
-4.846915 45.830922 0
-3.236354 46.001015 0
-1.618177 46.057882 0
0.000000 46.114749 0
1.618177 46.057882 0
3.236354 46.001015 0
4.846915 45.830922 0
6.457223 45.660572 0
8.051790 45.378016 1
9.646357 45.095203 1
11.217568 44.701448 1
12.788779 44.307439 1
14.328763 43.804264 1
15.868749 43.301092 1
17.369891 42.690784 1
18.871288 42.080733 1
20.326732 41.366338 1
21.781924 40.652197 1
23.184310 39.837267 1
24.586444 39.022086 1
25.928917 38.110435 1
27.271388 37.198273 2
28.547347 36.193956 2
29.823305 35.189388 3
31.026657 34.096978 5
32.230009 33.004317 7
33.354658 31.829399 9
34.479564 30.653718 11
35.520437 29.401371 15
36.561056 28.148261 18
37.512821 26.824066 23
38.464585 25.499112 28
39.322672 24.109420 34
40.180756 22.718965 40
-38.834223 20.182788 -57
-38.113227 21.525260 -50
-37.299314 22.845138 -43
-36.485403 24.164003 -37
-35.582635 25.421426 -32
-34.679869 26.678090 -27
-33.692562 27.867481 -23
-32.705255 29.056106 -20
-31.638233 30.171616 -17
-30.571464 31.286875 -14
-29.430058 32.323686 -12
-28.288653 33.360496 -10
-27.078192 34.313531 -9
-25.867987 35.266566 -7
-24.594568 36.132013 -6
-23.321401 36.997206 -5
-21.991114 37.770755 -5
-20.661082 38.543793 -4
-19.280529 39.221628 -4
-17.900229 39.899467 -3
-16.476009 40.478547 -3
-15.052044 41.057375 -3
-13.591266 41.534906 -3
-12.130490 42.012440 -2
-10.640264 42.386138 -2
-9.150038 42.759839 -2
-7.637471 43.028180 -1
-6.124905 43.296270 -1
-4.597360 43.457986 -1
-3.069815 43.619194 0
-1.534907 43.673014 0
0.000000 43.727089 0
1.534907 43.673014 0
3.069815 43.619194 0
4.597360 43.457986 1
6.124905 43.296270 1
7.637471 43.028180 1
9.150038 42.759839 2
10.640264 42.386138 2
12.130490 42.012440 2
13.591266 41.534906 3
15.052044 41.057375 3
16.476009 40.478547 3
17.900229 39.899467 3
19.280529 39.221628 4
20.661082 38.543793 4
21.991114 37.770755 5
23.321401 36.997206 5
24.594568 36.132013 6
25.867987 35.266566 7
27.078192 34.313531 9
28.288653 33.360496 10
29.430058 32.323686 12
30.571464 31.286875 14
31.638233 30.171616 17
32.705255 29.056106 20
33.692562 27.867481 23
34.679869 26.678090 27
35.582635 25.421426 32
36.485403 24.164003 37
37.299314 22.845138 43
38.113227 21.525260 50
38.834223 20.182788 57
-36.700178 19.048237 -65
-36.018787 20.349075 -58
-35.249555 21.597613 -52
-34.480326 22.844630 -46
-33.627061 24.033767 -40
-32.774054 25.221629 -36
-31.841076 26.346027 -31
-30.908098 27.469663 -27
-29.899721 28.524246 -24
-28.891344 29.578319 -21
-27.812644 30.558008 -19
-26.733944 31.537955 -16
-25.590251 32.438690 -14
-24.446560 33.339426 -13
-23.243209 34.157399 -11
-22.039858 34.974868 -10
-20.782686 35.705762 -9
-19.525768 36.436659 -8
-18.221122 37.077176 -7
-16.916477 37.717694 -6
-15.570704 38.264788 -6
-14.224930 38.811882 -5
-12.844377 39.263264 -4
-11.464077 39.714394 -4
-10.055598 40.067530 -3
-8.647118 40.420666 -3
-7.217822 40.674284 -2
-5.788271 40.927647 -2
-4.344758 41.080224 -1
-2.901244 41.232801 -1
-1.450622 41.283829 0
0.000000 41.334604 0
1.450622 41.283829 0
2.901244 41.232801 1
4.344758 41.080224 1
5.788271 40.927647 2
7.217822 40.674284 2
8.647118 40.420666 3
10.055598 40.067530 3
11.464077 39.714394 4
12.844377 39.263264 4
14.224930 38.811882 5
15.570704 38.264788 6
16.916477 37.717694 6
18.221122 37.077176 7
19.525768 36.436659 8
20.782686 35.705762 9
22.039858 34.974868 10
23.243209 34.157399 11
24.446560 33.339426 13
25.590251 32.438690 14
26.733944 31.537955 16
27.812644 30.558008 19
28.891344 29.578319 21
29.899721 28.524246 24
30.908098 27.469663 27
31.841076 26.346027 31
32.774054 25.221629 36
33.627061 24.033767 40
34.480326 22.844630 46
35.249555 21.597613 52
36.018787 20.349075 58
36.700178 19.048237 65
-35.207920 16.686215 -80
-34.566135 17.913429 -72
-33.924347 19.139884 -65
-33.199797 20.316832 -59
-32.475246 21.492259 -53
-31.671745 22.613099 -48
-30.868241 23.732926 -43
-29.989592 24.792589 -38
-29.110689 25.851486 -34
-28.160955 26.845140 -31
-27.211475 27.838539 -28
-26.195480 28.761870 -25
-25.179487 29.685201 -22
-24.102311 30.534145 -20
-23.024880 31.382839 -18
-21.891597 32.153847 -16
-20.758314 32.924093 -14
-19.574258 33.612592 -13
-18.390201 34.301346 -12
-17.161462 34.904799 -10
-15.932725 35.508252 -9
-14.665397 36.023863 -8
-13.397816 36.539478 -7
-12.097486 36.964459 -6
-10.797410 37.389694 -6
-9.470932 37.722265 -5
-8.144453 38.055090 -4
-6.798172 38.293984 -3
-5.451638 38.532624 -2
-4.092155 38.676567 -2
-2.732419 38.820259 -1
-1.366337 38.868241 0
0.000000 38.916223 0
1.366337 38.868241 0
2.732419 38.820259 1
4.092155 38.676567 2
5.451638 38.532624 2
6.798172 38.293984 3
8.144453 38.055090 4
9.470932 37.722265 5
10.797410 37.389694 6
12.097486 36.964459 6
13.397816 36.539478 7
14.665397 36.023863 8
15.932725 35.508252 9
17.161462 34.904799 10
18.390201 34.301346 12
19.574258 33.612592 13
20.758314 32.924093 14
21.891597 32.153847 16
23.024880 31.382839 18
24.102311 30.534145 20
25.179487 29.685201 22
26.195480 28.761870 25
27.211475 27.838539 28
28.160955 26.845140 31
29.110689 25.851486 34
29.989592 24.792589 38
30.868241 23.732926 43
31.671745 22.613099 48
32.475246 21.492259 53
33.199797 20.316832 59
33.924347 19.139884 65
34.566135 17.913429 72
35.207920 16.686215 80
-33.008122 15.650926 -85
-32.406448 16.802996 -78
-31.804774 17.953797 -71
-31.125413 19.057630 -65
-30.446307 20.160447 -59
-29.693069 21.211475 -54
-28.939580 22.261742 -49
-28.115765 23.255396 -45
-27.291953 24.248287 -40
-26.401624 25.180248 -37
-25.511298 26.111450 -33
-24.558771 26.977152 -30
-23.606245 27.842853 -27
-22.596344 28.638743 -25
-21.586443 29.434375 -22
-20.523737 30.156639 -20
-19.461285 30.878902 -18
-18.351358 31.524753 -17
-17.241432 32.170092 -15
-16.089363 32.735719 -13
-14.937294 33.301345 -12
-13.748921 33.784718 -11
-12.560549 34.267833 -10
-11.341711 34.666667 -8
-10.122874 35.064990 -7
-8.879157 35.376999 -6
-7.635441 35.688754 -5
-6.373445 35.912668 -4
-5.111196 36.136584 -3
-3.836507 36.271388 -2
-2.561818 36.406195 -1
-1.280782 36.451128 0
0.000000 36.496318 0
1.280782 36.451128 0
2.561818 36.406195 1
3.836507 36.271388 2
5.111196 36.136584 3
6.373445 35.912668 4
7.635441 35.688754 5
8.879157 35.376999 6
10.122874 35.064990 7
11.341711 34.666667 8
12.560549 34.267833 10
13.748921 33.784718 11
14.937294 33.301345 12
16.089363 32.735719 13
17.241432 32.170092 15
18.351358 31.524753 17
19.461285 30.878902 18
20.523737 30.156639 20
21.586443 29.434375 22
22.596344 28.638743 25
23.606245 27.842853 27
24.558771 26.977152 30
25.511298 26.111450 33
26.401624 25.180248 37
27.291953 24.248287 40
28.115765 23.255396 45
28.939580 22.261742 49
29.693069 21.211475 54
30.446307 20.160447 59
31.125413 19.057630 65
31.804774 17.953797 71
32.406448 16.802996 78
33.008122 15.650926 85
-31.294998 13.502411 -96
-30.808328 14.577811 -89
-30.246764 15.654735 -82
-29.685201 16.730135 -76
-29.051281 17.761615 -70
-28.417364 18.792078 -64
-27.714142 19.773801 -59
-27.011170 20.755015 -54
-26.242195 21.683168 -50
-25.473217 22.610561 -46
-24.642042 23.481088 -42
-23.811119 24.350852 -38
-22.922062 25.159686 -35
-22.033258 25.968012 -32
-21.090378 26.711349 -29
-20.147753 27.454431 -27
-19.156131 28.128967 -24
-18.164255 28.803505 -22
-17.128205 29.406447 -20
-16.092409 30.009138 -18
-15.017010 30.537192 -16
-13.941863 31.065500 -15
-12.832699 31.516881 -13
-11.723534 31.968011 -12
-10.585936 32.340442 -10
-9.448083 32.712365 -9
-8.287383 33.003809 -8
-7.126682 33.294998 -6
-5.948718 33.503934 -5
-4.770500 33.712870 -4
-3.580858 33.838792 -3
-2.390962 33.964712 -2
-1.195481 34.006601 -1
0.000000 34.048742 0
1.195481 34.006601 1
2.390962 33.964712 2
3.580858 33.838792 3
4.770500 33.712870 4
5.948718 33.503934 5
7.126682 33.294998 6
8.287383 33.003809 8
9.448083 32.712365 9
10.585936 32.340442 10
11.723534 31.968011 12
12.832699 31.516881 13
13.941863 31.065500 15
15.017010 30.537192 16
16.092409 30.009138 18
17.128205 29.406447 20
18.164255 28.803505 22
19.156131 28.128967 24
20.147753 27.454431 27
21.090378 26.711349 29
22.033258 25.968012 32
22.922062 25.159686 35
23.811119 24.350852 38
24.642042 23.481088 42
25.473217 22.610561 46
26.242195 21.683168 50
27.011170 20.755015 54
27.714142 19.773801 59
28.417364 18.792078 64
29.051281 17.761615 70
29.685201 16.730135 76
30.246764 15.654735 82
30.808328 14.577811 89
31.294998 13.502411 96
-29.512567 11.468138 -104
-29.060928 12.507744 -98
-28.609039 13.545063 -91
-28.087586 14.546331 -85
-27.565878 15.545569 -79
-26.977406 16.503934 -73
-26.388676 17.461286 -68
-25.735719 18.373445 -63
-25.082762 19.284590 -58
-24.368622 20.146740 -54
-23.654735 21.007870 -50
-22.882965 21.815945 -46
-22.111196 22.623763 -43
-21.285860 23.374714 -39
-20.460269 24.125414 -36
-19.584920 24.815689 -33
-18.709570 25.505459 -30
-17.788525 26.131761 -28
-16.867478 26.758060 -25
-15.905560 27.317848 -23
-14.943387 27.877379 -21
-13.945163 28.367861 -19
-12.946687 28.858339 -17
-11.916730 29.277481 -15
-10.886773 29.696369 -14
-9.830160 30.041888 -12
-8.773546 30.387407 -11
-7.695862 30.658035 -9
-6.617923 30.928155 -8
-5.523991 31.122367 -6
-4.430058 31.316325 -5
-3.325209 31.433105 -4
-2.220360 31.550140 -2
-1.110180 31.588983 -1
0.000000 31.628077 0
1.110180 31.588983 1
2.220360 31.550140 2
3.325209 31.433105 4
4.430058 31.316325 5
5.523991 31.122367 6
6.617923 30.928155 8
7.695862 30.658035 9
8.773546 30.387407 11
9.830160 30.041888 12
10.886773 29.696369 14
11.916730 29.277481 15
12.946687 28.858339 17
13.945163 28.367861 19
14.943387 27.877379 21
15.905560 27.317848 23
16.867478 26.758060 25
17.788525 26.131761 28
18.709570 25.505459 30
19.584920 24.815689 33
20.460269 24.125414 36
21.285860 23.374714 39
22.111196 22.623763 43
22.882965 21.815945 46
23.654735 21.007870 50
24.368622 20.146740 54
25.082762 19.284590 58
25.735719 18.373445 63
26.388676 17.461286 68
26.977406 16.503934 73
27.565878 15.545569 79
28.087586 14.546331 85
28.609039 13.545063 91
29.060928 12.507744 98
29.512567 11.468138 104
-27.243717 10.551408 -104
-26.409495 12.472709 -92
-25.446813 14.322164 -81
-24.359989 16.092918 -71
-23.154354 17.778117 -61
-21.835999 19.370653 -53
-20.411272 20.863673 -46
-18.887280 22.250824 -39
-17.271135 23.525769 -34
-15.570704 24.682915 -28
-13.794618 25.716933 -24
-11.951257 26.623002 -20
-10.049758 27.397056 -16
-8.099264 28.035036 -12
-6.109165 28.534653 -9
-4.089363 28.893374 -6
-2.049759 29.108910 -3
0.000000 29.181009 0
2.049759 29.108910 3
4.089363 28.893374 6
6.109165 28.534653 9
8.099264 28.035036 12
10.049758 27.397056 16
11.951257 26.623002 20
13.794618 25.716933 24
15.570704 24.682915 28
17.271135 23.525769 34
18.887280 22.250824 39
20.411272 20.863673 46
21.835999 19.370653 53
23.154354 17.778117 61
24.359989 16.092918 71
25.446813 14.322164 81
26.409495 12.472709 92
27.243717 10.551408 104
-24.923839 9.669204 -102
-24.160701 11.429044 -91
-23.223153 13.095963 -81
-22.285606 14.741814 -72
-21.130997 16.249049 -63
-19.976644 17.739528 -55
-18.627824 19.063469 -48
-17.279005 20.373699 -42
-15.761868 21.491497 -36
-14.244986 22.597613 -31
-12.589236 23.489973 -26
-10.933486 24.371668 -21
-9.171617 25.022341 -17
-7.409494 25.663112 -13
-5.575273 26.060168 -10
-3.741051 26.447830 -6
-1.870526 26.583905 -3
0.000000 26.710841 0
1.870526 26.583905 3
3.741051 26.447830 6
5.575273 26.060168 10
7.409494 25.663112 13
9.171617 25.022341 17
10.933486 24.371668 21
12.589236 23.489973 26
14.244986 22.597613 31
15.761868 21.491497 36
17.279005 20.373699 42
18.627824 19.063469 48
19.976644 17.739528 55
21.130997 16.249049 63
22.285606 14.741814 72
23.223153 13.095963 81
24.160701 11.429044 91
24.923839 9.669204 102
-22.603960 8.731659 -99
-21.911906 10.332063 -90
-21.061437 11.840314 -80
-20.211221 13.342474 -72
-19.164255 14.705509 -64
-18.117289 16.065246 -57
-16.893882 17.261997 -50
-15.670729 18.456715 -43
-14.294745 19.466617 -38
-12.919015 20.475756 -32
-11.417365 21.280782 -27
-9.915968 22.085808 -23
-8.317848 22.671999 -18
-6.719726 23.257679 -14
-5.056359 23.613862 -11
-3.392993 23.970045 -7
-1.696370 24.089363 -3
0.000000 24.208684 0
1.696370 24.089363 3
3.392993 23.970045 7
5.056359 23.613862 11
6.719726 23.257679 14
8.317848 22.671999 18
9.915968 22.085808 23
11.417365 21.280782 27
12.919015 20.475756 32
14.294745 19.466617 38
15.670729 18.456715 43
16.893882 17.261997 50
18.117289 16.065246 57
19.164255 14.705509 64
20.211221 13.342474 72
21.061437 11.840314 80
21.911906 10.332063 90
22.603960 8.731659 99
-20.265296 7.846409 -95
-19.644834 9.282305 -86
-18.882458 10.634425 -78
-18.120081 11.980706 -70
-17.181519 13.202082 -63
-16.242701 14.420412 -56
-15.145976 15.492511 -50
-14.049252 16.563088 -44
-12.815689 17.468141 -39
-11.582382 18.372177 -33
-10.236101 19.093678 -28
-8.890073 19.814928 -24
-7.457222 20.340190 -19
-6.024625 20.865194 -15
-4.533130 21.184058 -11
-3.041889 21.503174 -7
-1.520944 21.610307 -3
0.000000 21.717189 0
1.520944 21.610307 3
3.041889 21.503174 7
4.533130 21.184058 11
6.024625 20.865194 15
7.457222 20.340190 19
8.890073 19.814928 24
10.236101 19.093678 28
11.582382 18.372177 33
12.815689 17.468141 39
14.049252 16.563088 44
15.145976 15.492511 50
16.242701 14.420412 56
17.181519 13.202082 63
18.120081 11.980706 70
18.882458 10.634425 78
19.644834 9.282305 86
20.265296 7.846409 95
-17.926631 6.901496 -89
-17.377761 8.176442 -81
-16.703224 9.376239 -74
-16.028941 10.570194 -68
-15.198527 11.652957 -61
-14.368367 12.732673 -55
-13.398071 13.682409 -49
-12.428028 14.630872 -44
-11.336887 15.432343 -38
-10.245747 16.233055 -33
-9.054837 16.872048 -29
-7.863925 17.510535 -24
-6.596598 17.975630 -20
-5.329271 18.440467 -15
-4.010155 18.723026 -11
-2.690784 19.005331 -7
-1.345519 19.100279 -3
0.000000 19.194721 0
1.345519 19.100279 3
2.690784 19.005331 7
4.010155 18.723026 11
5.329271 18.440467 15
6.596598 17.975630 20
7.863925 17.510535 24
9.054837 16.872048 29
10.245747 16.233055 33
11.336887 15.432343 38
12.428028 14.630872 44
13.398071 13.682409 49
14.368367 12.732673 55
15.198527 11.652957 61
16.028941 10.570194 68
16.703224 9.376239 74
17.377761 8.176442 81
17.926631 6.901496 89
-15.621224 6.033257 -81
-15.142675 7.143945 -75
-14.555217 8.188627 -69
-13.967504 9.228230 -64
-13.243970 10.170601 -58
-12.520436 11.110688 -53
-11.675045 11.937800 -47
-10.829652 12.763391 -42
-9.878903 13.461284 -37
-8.928154 14.158418 -33
-7.890327 14.714902 -28
-6.852754 15.270881 -24
-5.748413 15.676059 -19
-4.643818 16.080732 -15
-3.494288 16.326732 -11
-2.344758 16.572735 -7
-1.172379 16.655244 -3
0.000000 16.737752 0
1.172379 16.655244 3
2.344758 16.572735 7
3.494288 16.326732 11
4.643818 16.080732 15
5.748413 15.676059 19
6.852754 15.270881 24
7.890327 14.714902 28
8.928154 14.158418 33
9.878903 13.461284 37
10.829652 12.763391 42
11.675045 11.937800 47
12.520436 11.110688 53
13.243970 10.170601 58
13.967504 9.228230 64
14.555217 8.188627 69
15.142675 7.143945 75
15.621224 6.033257 81
-12.907845 6.054074 -68
-11.906068 7.838029 -58
-10.672506 9.447067 -49
-9.231277 10.858846 -40
-7.610307 12.049758 -31
-5.841330 12.999493 -23
-3.958619 13.690531 -15
-1.998731 14.110436 -7
0.000000 14.251332 0
1.998731 14.110436 7
3.958619 13.690531 15
5.841330 12.999493 23
7.610307 12.049758 31
9.231277 10.858846 40
10.672506 9.447067 49
11.906068 7.838029 58
12.907845 6.054074 68
-10.597868 5.000761 -59
-9.680122 6.401879 -51
-8.762630 7.778370 -43
-7.505459 8.850977 -36
-6.248286 9.911145 -28
-4.749175 10.588221 -21
-3.250064 11.256410 -14
-1.625032 11.490225 -7
0.000000 11.715917 0
1.625032 11.490225 7
3.250064 11.256410 14
4.749175 10.588221 21
6.248286 9.911145 28
7.505459 8.850977 36
8.762630 7.778370 43
9.680122 6.401879 51
10.597868 5.000761 59
-8.287637 3.874079 -48
-7.569941 4.971819 -42
-6.852501 6.058390 -36
-5.869256 6.896420 -30
-4.886266 7.731404 -24
-3.713887 8.258950 -18
-2.541508 8.785733 -12
-1.270881 8.965727 -6
0.000000 9.145721 0
1.270881 8.965727 6
2.541508 8.785733 12
3.713887 8.258950 18
4.886266 7.731404 24
5.869256 6.896420 30
6.852501 6.058390 36
7.569941 4.971819 42
8.287637 3.874079 48
-5.638995 3.304647 -32
-4.921554 4.368623 -28
-4.215537 4.968519 -24
-3.509520 5.566641 -19
-2.667428 5.944656 -14
-1.825336 6.322417 -9
-0.912668 6.451383 -4
0.000000 6.580351 0
0.912668 6.451383 4
1.825336 6.322417 9
2.667428 5.944656 14
3.509520 5.566641 19
4.215537 4.968519 24
4.921554 4.368623 28
5.638995 3.304647 32
-2.990607 2.630111 -18
-2.132521 3.363289 -13
-1.109165 3.824575 -6
0.000000 3.981974 0
1.109165 3.824575 6
2.132521 3.363289 13
2.990607 2.630111 18
