# Active surface commands at 35.303778
# Zero points are Off, FEM corrections are Off
-12.741051 103.255394 0
-10.929931 103.478548 0
-9.111958 103.637726 0
-7.293983 103.797412 0
-5.471693 103.893116 0
-3.649150 103.988833 0
-1.824575 104.021075 0
0.000000 104.052809 0
1.824575 104.021075 0
3.649150 103.988833 0
5.471693 103.893116 0
7.293983 103.797412 0
9.111958 103.637726 0
10.929931 103.478548 0
12.741051 103.255394 0
-23.048235 99.466362 0
-21.336126 99.861387 0
-19.578065 100.204114 0
-17.820005 100.546840 0
-16.051028 100.827872 0
-14.282051 101.109163 0
-12.504442 101.327749 0
-10.726834 101.546838 0
-8.942625 101.703220 0
-7.158416 101.859863 0
-5.369891 101.953794 0
-3.581366 102.047726 0
-1.790810 102.079205 0
0.000000 102.110431 0
1.790810 102.079205 0
3.581366 102.047726 0
5.369891 101.953794 0
7.158416 101.859863 0
8.942625 101.703220 0
10.726834 101.546838 0
12.504442 101.327749 0
14.282051 101.109163 0
16.051028 100.827872 0
17.820005 100.546840 0
19.578065 100.204114 0
21.336126 99.861387 0
23.048235 99.466362 0
-29.431075 95.752474 0
-27.750698 96.268088 0
-26.053567 96.724041 0
-24.356436 97.180501 0
-22.644327 97.566385 0
-20.932217 97.961664 0
-19.207413 98.297790 0
-17.482610 98.634170 0
-15.747145 98.909623 0
-14.011678 99.185578 0
-12.267835 99.400352 0
-10.523737 99.615127 0
-8.773292 99.768466 0
-7.023103 99.922314 0
-5.268342 100.014472 0
-3.513582 100.106625 0
-1.756791 100.137596 0
0.000000 100.168314 0
1.756791 100.137596 0
3.513582 100.106625 0
5.268342 100.014472 0
7.023103 99.922314 0
8.773292 99.768466 0
10.523737 99.615127 0
12.267835 99.400352 0
14.011678 99.185578 0
15.747145 98.909623 0
17.482610 98.634170 0
19.207413 98.297790 0
20.932217 97.961664 0
22.644327 97.566385 0
24.356436 97.180501 0
26.053567 96.724041 0
27.750698 96.268088 0
29.431075 95.752474 0
-33.758314 92.233310 0
-32.129727 92.795887 0
-30.500890 93.358464 0
-28.853517 93.863672 0
-27.206144 94.368874 0
-25.542269 94.816198 0
-23.878396 95.263517 0
-22.200051 95.651942 0
-20.521453 96.040875 0
-18.830413 96.370399 0
-17.139629 96.700178 0
-15.438182 96.970295 0
-13.736736 97.240672 0
-12.026910 97.451380 0
-10.317339 97.661841 0
-8.601167 97.812391 0
-6.885250 97.963189 0
-5.165016 98.053569 0
-3.444783 98.143942 0
-1.722264 98.174158 0
0.000000 98.204367 0
1.722264 98.174158 0
3.444783 98.143942 0
5.165016 98.053569 0
6.885250 97.963189 0
8.601167 97.812391 0
10.317339 97.661841 0
12.026910 97.451380 0
13.736736 97.240672 0
15.438182 96.970295 0
17.139629 96.700178 0
18.830413 96.370399 0
20.521453 96.040875 0
22.200051 95.651942 0
23.878396 95.263517 0
25.542269 94.816198 0
27.206144 94.368874 0
28.853517 93.863672 0
30.500890 93.358464 0
32.129727 92.795887 0
33.758314 92.233310 0
-37.788525 88.513329 0
-36.234578 89.175168 0
-34.658542 89.781925 0
-33.082762 90.376744 0
-31.486418 90.928152 0
-29.890328 91.479560 0
-28.275959 91.974610 0
-26.661588 92.469659 0
-25.030972 92.908096 0
-23.400355 93.346279 0
-21.755522 93.727340 0
-20.110687 94.108401 0
-18.453669 94.431325 0
-16.796395 94.754503 0
-15.129221 95.019296 0
-13.461793 95.284336 0
-11.786240 95.490731 0
-10.110688 95.696877 0
-8.429043 95.844632 0
-6.747398 95.992127 0
-5.061437 96.080728 0
-3.375730 96.169329 0
-1.687992 96.199036 0
0.000000 96.228737 0
1.687992 96.199036 0
3.375730 96.169329 0
5.061437 96.080728 0
6.747398 95.992127 0
8.429043 95.844632 0
10.110688 95.696877 0
11.786240 95.490731 0
13.461793 95.284336 0
15.129221 95.019296 0
16.796395 94.754503 0
18.453669 94.431325 0
20.110687 94.108401 0
21.755522 93.727340 0
23.400355 93.346279 0
25.030972 92.908096 0
26.661588 92.469659 0
28.275959 91.974610 0
29.890328 91.479560 0
31.486418 90.928152 0
33.082762 90.376744 0
34.658542 89.781925 0
36.234578 89.175168 0
37.788525 88.513329 0
-39.992131 85.333588 0
-38.525769 86.017008 0
-37.004061 86.665143 0
-35.482357 87.313278 0
-33.939070 87.907589 0
-32.395784 88.501900 0
-30.832953 89.041885 0
-29.269864 89.581871 0
-27.689008 90.067022 0
-26.108150 90.551913 0
-24.511297 90.980959 0
-22.914699 91.410254 0
-21.303884 91.783444 0
-19.693322 92.156386 0
-18.070576 92.472709 0
-16.447830 92.789286 0
-14.815182 93.048742 0
-13.182280 93.308198 0
-11.541508 93.510279 0
-9.900736 93.712366 0
-8.254126 93.856817 0
-6.607261 94.001522 0
-4.956588 94.088345 0
-3.305662 94.175173 0
-1.652704 94.203857 0
0.000000 94.233050 0
1.652704 94.203857 0
3.305662 94.175173 0
4.956588 94.088345 0
6.607261 94.001522 0
8.254126 93.856817 0
9.900736 93.712366 0
11.541508 93.510279 0
13.182280 93.308198 0
14.815182 93.048742 0
16.447830 92.789286 0
18.070576 92.472709 0
19.693322 92.156386 0
21.303884 91.783444 0
22.914699 91.410254 0
24.511297 90.980959 0
26.108150 90.551913 0
27.689008 90.067022 0
29.269864 89.581871 0
30.832953 89.041885 0
32.395784 88.501900 0
33.939070 87.907589 0
35.482357 87.313278 0
37.004061 86.665143 0
38.525769 86.017008 0
39.992131 85.333588 0
-43.525259 81.348821 0
-42.083525 82.085805 0
-40.641787 82.823303 0
-39.175425 83.498858 0
-37.709063 84.182532 0
-36.219597 84.816957 0
-34.730135 85.451382 0
-33.219599 86.033253 0
-31.709064 86.614877 0
-30.179234 87.143439 0
-28.649403 87.671995 0
-27.102058 88.146988 0
-25.554709 88.621479 0
-23.991623 89.041631 0
-22.428788 89.461790 0
-20.852247 89.827114 0
-19.275705 90.192179 0
-17.687485 90.501901 0
-16.099010 90.811629 0
-14.500889 91.065755 0
-12.902767 91.319626 0
-11.297029 91.517387 0
-9.691039 91.715154 0
-8.078954 91.856816 0
-6.467124 91.998224 0
-4.851485 92.083268 0
-3.235593 92.168317 0
-1.617669 92.196493 0
0.000000 92.224930 0
1.617669 92.196493 0
3.235593 92.168317 0
4.851485 92.083268 0
6.467124 91.998224 0
8.078954 91.856816 0
9.691039 91.715154 0
11.297029 91.517387 0
12.902767 91.319626 0
14.500889 91.065755 0
16.099010 90.811629 0
17.687485 90.501901 0
19.275705 90.192179 0
20.852247 89.827114 0
22.428788 89.461790 0
23.991623 89.041631 0
25.554709 88.621479 0
27.102058 88.146988 0
28.649403 87.671995 0
30.179234 87.143439 0
31.709064 86.614877 0
33.219599 86.033253 0
34.730135 85.451382 0
36.219597 84.816957 0
37.709063 84.182532 0
39.175425 83.498858 0
40.641787 82.823303 0
42.083525 82.085805 0
43.525259 81.348821 0
-45.334856 78.006345 0
-43.951002 78.776593 0
-42.566894 79.546588 0
-41.156894 80.267326 0
-39.747144 80.988573 0
-38.313024 81.659560 0
-36.878650 82.331049 0
-35.422189 82.951255 0
-33.965474 83.571716 0
-32.488194 84.140900 0
-31.010917 84.710078 0
-29.514851 85.226957 0
-28.018533 85.744096 0
-26.505205 86.208174 0
-24.992130 86.672506 0
-23.463569 87.083523 0
-21.935009 87.494540 0
-20.393246 87.851739 0
-18.851231 88.208683 0
-17.298045 88.511805 0
-15.744605 88.814672 0
-14.181772 89.063213 0
-12.618685 89.311500 0
-11.048236 89.505201 0
-9.477533 89.698400 0
-7.901244 89.836759 0
-6.324702 89.975371 0
-4.744605 90.058388 0
-3.164255 90.141404 0
-1.582127 90.169079 0
0.000000 90.197001 0
1.582127 90.169079 0
3.164255 90.141404 0
4.744605 90.058388 0
6.324702 89.975371 0
7.901244 89.836759 0
9.477533 89.698400 0
11.048236 89.505201 0
12.618685 89.311500 0
14.181772 89.063213 0
15.744605 88.814672 0
17.298045 88.511805 0
18.851231 88.208683 0
20.393246 87.851739 0
21.935009 87.494540 0
23.463569 87.083523 0
24.992130 86.672506 0
26.505205 86.208174 0
28.018533 85.744096 0
29.514851 85.226957 0
31.010917 84.710078 0
32.488194 84.140900 0
33.965474 83.571716 0
35.422189 82.951255 0
36.878650 82.331049 0
38.313024 81.659560 0
39.747144 80.988573 0
41.156894 80.267326 0
42.566894 79.546588 0
43.951002 78.776593 0
45.334856 78.006345 0
-46.965981 74.651943 0
-45.640265 75.489211 0
-44.314294 76.238640 0
-42.961412 76.991367 0
-41.608529 77.744100 0
-40.230517 78.448847 0
-38.852247 79.153843 0
-37.450369 79.809849 0
-36.048488 80.466110 0
-34.624778 81.072606 0
-33.200813 81.679357 0
-31.756792 82.235593 0
-30.312770 82.791823 0
-28.850217 83.297286 0
-27.387663 83.802742 0
-25.908606 84.256407 0
-24.429297 84.710332 0
-22.935262 85.111959 0
-21.441229 85.513833 0
-19.933994 85.863161 0
-18.427013 86.211980 0
-16.908607 86.508252 0
-15.390200 86.804518 0
-13.862401 87.047475 0
-12.334602 87.290172 0
-10.799442 87.479311 0
-9.264281 87.668444 0
-7.723280 87.803753 0
-6.182534 87.939069 0
-4.637725 88.020307 0
-3.093171 88.101550 0
-1.546585 88.128456 0
0.000000 88.155622 0
1.546585 88.128456 0
3.093171 88.101550 0
4.637725 88.020307 0
6.182534 87.939069 0
7.723280 87.803753 0
9.264281 87.668444 0
10.799442 87.479311 0
12.334602 87.290172 0
13.862401 87.047475 0
15.390200 86.804518 0
16.908607 86.508252 0
18.427013 86.211980 0
19.933994 85.863161 0
21.441229 85.513833 0
22.935262 85.111959 0
24.429297 84.710332 0
25.908606 84.256407 0
27.387663 83.802742 0
28.850217 83.297286 0
30.312770 82.791823 0
31.756792 82.235593 0
33.200813 81.679357 0
34.624778 81.072606 0
36.048488 80.466110 0
37.450369 79.809849 0
38.852247 79.153843 0
40.230517 78.448847 0
41.608529 77.744100 0
42.961412 76.991367 0
44.314294 76.238640 0
45.640265 75.489211 0
46.965981 74.651943 0
-47.107389 72.095458 0
-45.870779 72.898959 0
-45.226199 73.294493 0
-44.575780 73.680122 0
-43.280781 74.461285 0
-41.959635 75.196496 0
-41.301599 75.569178 0
-40.638233 75.931707 0
-39.292205 76.620210 0
-37.946178 77.308960 0
-37.264025 77.634680 0
-36.577051 77.949478 0
-35.207920 78.590503 0
-33.817214 79.183042 0
-33.124143 79.484638 0
-32.426505 79.775580 0
-31.016247 80.318863 0
-29.605739 80.862400 0
-28.893628 81.114746 0
-28.177457 81.356179 0
-26.748921 81.849710 0
-25.304392 82.292968 0
-24.583650 82.520182 0
-23.859609 82.736227 0
-22.400355 83.128711 0
-20.941102 83.521196 0
-20.206397 83.697381 0
-19.469155 83.862150 0
-17.997207 84.203097 0
-16.514344 84.492509 0
-15.773801 84.642805 0
-15.031227 84.781672 0
-13.539223 85.019038 0
-12.046966 85.256156 0
-11.298045 85.354147 0
-10.547601 85.440721 0
-9.048236 85.625795 0
-7.543285 85.757807 0
-6.791318 85.829654 0
-6.038335 85.890073 0
-4.529576 85.969284 0
-3.021071 86.048742 0
-2.265804 86.067529 0
-1.510536 86.075146 0
0.000000 86.101295 0
1.510536 86.075146 0
2.265804 86.067529 0
3.021071 86.048742 0
4.529576 85.969284 0
6.038335 85.890073 0
6.791318 85.829654 0
7.543285 85.757807 0
9.048236 85.625795 0
10.547601 85.440721 0
11.298045 85.354147 0
12.046966 85.256156 0
13.539223 85.019038 0
15.031227 84.781672 0
15.773801 84.642805 0
16.514344 84.492509 0
17.997207 84.203097 0
19.469155 83.862150 0
20.206397 83.697381 0
20.941102 83.521196 0
22.400355 83.128711 0
23.859609 82.736227 0
24.583650 82.520182 0
25.304392 82.292968 0
26.748921 81.849710 0
28.177457 81.356179 0
28.893628 81.114746 0
29.605739 80.862400 0
31.016247 80.318863 0
32.426505 79.775580 0
33.124143 79.484638 0
33.817214 79.183042 0
35.207920 78.590503 0
36.577051 77.949478 0
37.264025 77.634680 0
37.946178 77.308960 0
39.292205 76.620210 0
40.638233 75.931707 0
41.301599 75.569178 0
41.959635 75.196496 0
43.280781 74.461285 0
44.575780 73.680122 0
45.226199 73.294493 0
45.870779 72.898959 0
47.107389 72.095458 0
-49.664637 67.850213 0
-47.856056 69.128712 0
-46.012187 70.342728 0
-44.146231 71.532112 0
-42.247271 72.671237 0
-40.315563 73.752726 0
-38.353897 74.778879 0
-36.374207 75.768978 0
-34.367098 76.702210 0
-32.333079 77.575017 0
-30.275452 78.389439 0
-28.203603 79.166289 0
-26.110180 79.883978 0
-23.996699 80.538459 0
-21.865449 81.132522 0
-19.724041 81.687482 0
-17.567402 82.181515 0
-15.397309 82.610562 0
-13.215791 82.977659 0
-11.028180 83.304897 0
-8.832191 83.569943 0
-6.629094 83.769229 0
-4.421427 83.905561 0
-2.211729 84.001525 0
0.000000 84.034523 0
2.211729 84.001525 0
4.421427 83.905561 0
6.629094 83.769229 0
8.832191 83.569943 0
11.028180 83.304897 0
13.215791 82.977659 0
15.397309 82.610562 0
17.567402 82.181515 0
19.724041 81.687482 0
21.865449 81.132522 0
23.996699 80.538459 0
26.110180 79.883978 0
28.203603 79.166289 0
30.275452 78.389439 0
32.333079 77.575017 0
34.367098 76.702210 0
36.374207 75.768978 0
38.353897 74.778879 0
40.315563 73.752726 0
42.247271 72.671237 0
44.146231 71.532112 0
46.012187 70.342728 0
47.856056 69.128712 0
49.664637 67.850213 0
-49.543539 65.365829 0
-48.424472 66.143181 0
-46.661081 67.389946 0
-44.863164 68.586440 0
-43.043920 69.749173 0
-41.192433 70.860115 0
-39.308708 71.914953 0
-37.396294 72.915458 0
-35.465854 73.880932 0
-33.509014 74.791064 0
-31.525769 75.642042 0
-29.519676 76.436407 0
-27.499364 77.193702 0
-25.458238 77.893627 0
-23.397309 78.531858 0
-21.319625 79.110940 0
-19.231532 79.652196 0
-17.128713 80.134044 0
-15.012693 80.552423 0
-12.885758 80.910639 0
-10.752983 81.229751 0
-8.611576 81.487943 0
-6.463570 81.682152 0
-4.310993 81.815180 0
-2.156385 81.908603 0
0.000000 81.941100 0
2.156385 81.908603 0
4.310993 81.815180 0
6.463570 81.682152 0
8.611576 81.487943 0
10.752983 81.229751 0
12.885758 80.910639 0
15.012693 80.552423 0
17.128713 80.134044 0
19.231532 79.652196 0
21.319625 79.110940 0
23.397309 78.531858 0
25.458238 77.893627 0
27.499364 77.193702 0
29.519676 76.436407 0
31.525769 75.642042 0
33.509014 74.791064 0
35.465854 73.880932 0
37.396294 72.915458 0
39.308708 71.914953 0
41.192433 70.860115 0
43.043920 69.749173 0
44.863164 68.586440 0
46.661081 67.389946 0
48.424472 66.143181 0
49.543539 65.365829 0
-50.511044 61.871792 0
-48.865955 63.241688 0
-47.184310 64.435894 0
-45.466109 65.651435 0
-43.714141 66.816957 0
-41.941608 67.950243 0
-40.137345 69.032748 0
-38.302106 70.060674 0
-36.438438 71.035798 0
-34.557501 71.976387 0
-32.650672 72.863673 0
-30.718456 73.692816 0
-28.763646 74.466870 0
-26.795125 75.205130 0
-24.806296 75.887026 0
-22.798173 76.508757 0
-20.773547 77.073367 0
-18.739020 77.600659 0
-16.690022 78.070067 0
-14.628333 78.477786 0
-12.555725 78.826859 0
-10.477532 79.137852 0
-8.390962 79.389691 0
-6.298045 79.578830 0
-4.200559 79.708301 0
-2.101295 79.799443 0
0.000000 79.831177 0
2.101295 79.799443 0
4.200559 79.708301 0
6.298045 79.578830 0
8.390962 79.389691 0
10.477532 79.137852 0
12.555725 78.826859 0
14.628333 78.477786 0
16.690022 78.070067 0
18.739020 77.600659 0
20.773547 77.073367 0
22.798173 76.508757 0
24.806296 75.887026 0
26.795125 75.205130 0
28.763646 74.466870 0
30.718456 73.692816 0
32.650672 72.863673 0
34.557501 71.976387 0
36.438438 71.035798 0
38.302106 70.060674 0
40.137345 69.032748 0
41.941608 67.950243 0
43.714141 66.816957 0
45.466109 65.651435 0
47.184310 64.435894 0
48.865955 63.241688 0
50.511044 61.871792 0
-51.221884 58.386649 0
-49.161462 60.205382 0
-47.560295 61.484390 0
-45.923837 62.716931 0
-44.251334 63.899975 0
-42.546332 65.034526 0
-40.821019 66.137850 0
-39.064992 67.191417 0
-37.278752 68.191929 0
-35.464838 69.141152 0
-33.634425 70.057122 0
-31.778370 70.920286 0
-29.897691 71.727598 0
-27.995176 72.481087 0
-26.079208 73.199799 0
-24.143438 73.863162 0
-22.189135 74.468649 0
-20.218583 75.018278 0
-18.238132 75.531606 0
-16.244224 75.988574 0
-14.237370 76.385379 0
-12.220360 76.724802 0
-10.197512 77.027669 0
-8.166794 77.272659 0
-6.129728 77.456715 0
-4.088347 77.582889 0
-2.045189 77.671744 0
0.000000 77.702461 0
2.045189 77.671744 0
4.088347 77.582889 0
6.129728 77.456715 0
8.166794 77.272659 0
10.197512 77.027669 0
12.220360 76.724802 0
14.237370 76.385379 0
16.244224 75.988574 0
18.238132 75.531606 0
20.218583 75.018278 0
22.189135 74.468649 0
24.143438 73.863162 0
26.079208 73.199799 0
27.995176 72.481087 0
29.897691 71.727598 0
31.778370 70.920286 0
33.634425 70.057122 0
35.464838 69.141152 0
37.278752 68.191929 0
39.064992 67.191417 0
40.821019 66.137850 0
42.546332 65.034526 0
44.251334 63.899975 0
45.923837 62.716931 0
47.560295 61.484390 0
49.161462 60.205382 0
51.221884 58.386649 0
-50.844123 55.968014 0
-49.346281 57.283826 0
-47.811883 58.538972 0
-46.254887 59.782942 0
-44.663113 60.981723 0
-43.036557 62.132518 0
-41.378269 63.235849 0
-39.700433 64.309213 0
-37.992638 65.333841 0
-36.255394 66.307187 0
-34.491495 67.230514 0
-32.711094 68.121352 0
-30.906068 68.960901 0
-29.076922 69.746384 0
-27.226706 70.479054 0
-25.363290 71.177963 0
-23.480832 71.823556 0
-21.580096 72.412289 0
-19.663366 72.946938 0
-17.737497 73.446307 0
-15.798172 73.890583 0
-13.846661 74.276720 0
-11.884996 74.607007 0
-9.917746 74.901495 0
-7.942625 75.139629 0
-5.961412 75.318864 0
-3.976136 75.441480 0
-1.989083 75.527800 0
0.000000 75.557755 0
1.989083 75.527800 0
3.976136 75.441480 0
5.961412 75.318864 0
7.942625 75.139629 0
9.917746 74.901495 0
11.884996 74.607007 0
13.846661 74.276720 0
15.798172 73.890583 0
17.737497 73.446307 0
19.663366 72.946938 0
21.580096 72.412289 0
23.480832 71.823556 0
25.363290 71.177963 0
27.226706 70.479054 0
29.076922 69.746384 0
30.906068 68.960901 0
32.711094 68.121352 0
34.491495 67.230514 0
36.255394 66.307187 0
37.992638 65.333841 0
39.700433 64.309213 0
41.378269 63.235849 0
43.036557 62.132518 0
44.663113 60.981723 0
46.254887 59.782942 0
47.811883 58.538972 0
49.346281 57.283826 0
50.844123 55.968014 0
-51.183549 52.517642 0
-49.385378 54.348058 0
-47.930439 55.626050 0
-46.440214 56.862149 0
-44.927645 58.070320 0
-43.381824 59.235340 0
-41.801979 60.353137 0
-40.191165 61.425236 0
-38.561311 62.467634 0
-36.902767 63.463571 0
-35.215283 64.408735 0
-33.501904 65.305659 0
-31.772532 66.171109 0
-30.019293 66.986801 0
-28.242701 67.749680 0
-26.445543 68.461537 0
-24.635695 69.140389 0
-22.807058 69.767451 0
-20.960904 70.339424 0
-19.099264 70.858590 0
-17.228739 71.343742 0
-15.345011 71.775323 0
-13.449353 72.150546 0
-11.544047 72.471437 0
-9.633156 72.757297 0
-7.714649 72.988830 0
-5.790556 73.162983 0
-3.862148 73.282053 0
-1.931962 73.365826 0
0.000000 73.395025 0
1.931962 73.365826 0
3.862148 73.282053 0
5.790556 73.162983 0
7.714649 72.988830 0
9.633156 72.757297 0
11.544047 72.471437 0
13.449353 72.150546 0
15.345011 71.775323 0
17.228739 71.343742 0
19.099264 70.858590 0
20.960904 70.339424 0
22.807058 69.767451 0
24.635695 69.140389 0
26.445543 68.461537 0
28.242701 67.749680 0
30.019293 66.986801 0
31.772532 66.171109 0
33.501904 65.305659 0
35.215283 64.408735 0
36.902767 63.463571 0
38.561311 62.467634 0
40.191165 61.425236 0
41.801979 60.353137 0
43.381824 59.235340 0
44.927645 58.070320 0
46.440214 56.862149 0
47.930439 55.626050 0
49.385378 54.348058 0
51.183549 52.517642 0
-50.639250 50.142676 0
-49.301345 51.358721 0
-47.926884 52.727848 0
-46.514851 53.968522 0
-45.068545 55.168319 0
-43.600661 56.340950 0
-42.100278 57.471695 0
-40.567148 58.556487 0
-39.004062 59.597107 0
-37.422441 60.609035 0
-35.812644 61.575526 0
-34.175172 62.493021 0
-32.512314 63.363541 0
-30.833969 64.203604 0
-29.132776 64.995174 0
-27.408479 65.735722 0
-25.664381 66.426505 0
-23.907844 67.085555 0
-22.133537 67.694084 0
-20.341711 68.249304 0
-18.535161 68.753235 0
-16.719727 69.223914 0
-14.891851 69.643056 0
-13.052044 70.007110 0
-11.203097 70.318611 0
-9.348565 70.596091 0
-7.486926 70.820764 0
-5.619447 70.989846 0
-3.747906 71.105359 0
-1.874841 71.186851 0
0.000000 71.215027 0
1.874841 71.186851 0
3.747906 71.105359 0
5.619447 70.989846 0
7.486926 70.820764 0
9.348565 70.596091 0
11.203097 70.318611 0
13.052044 70.007110 0
14.891851 69.643056 0
16.719727 69.223914 0
18.535161 68.753235 0
20.341711 68.249304 0
22.133537 67.694084 0
23.907844 67.085555 0
25.664381 66.426505 0
27.408479 65.735722 0
29.132776 64.995174 0
30.833969 64.203604 0
32.512314 63.363541 0
34.175172 62.493021 0
35.812644 61.575526 0
37.422441 60.609035 0
39.004062 59.597107 0
40.567148 58.556487 0
42.100278 57.471695 0
43.600661 56.340950 0
45.068545 55.168319 0
46.514851 53.968522 0
47.926884 52.727848 0
49.301345 51.358721 0
50.639250 50.142676 0
-50.729118 46.764663 0
-49.072861 48.576290 0
-47.776340 49.856816 0
-46.444274 51.100024 0
-45.076163 52.302614 0
-43.674536 53.465347 0
-42.252096 54.601930 0
-40.798173 55.697891 0
-39.312516 56.749432 0
-37.797664 57.758063 0
-36.265041 58.738765 0
-34.705002 59.675555 0
-33.118051 60.564862 0
-31.506729 61.408730 0
-29.880426 62.222644 0
-28.231532 62.989843 0
-26.560802 63.707538 0
-24.870526 64.377255 0
-23.168316 65.015739 0
-21.448845 65.605737 0
-19.712617 66.143689 0
-17.961920 66.632137 0
-16.202589 67.088350 0
-14.431074 67.494544 0
-12.648388 67.847169 0
-10.856563 68.149020 0
-9.059406 68.417872 0
-7.255395 68.635696 0
-5.445545 68.799442 0
-3.632140 68.911651 0
-1.816959 68.990354 0
0.000000 69.017774 0
1.816959 68.990354 0
3.632140 68.911651 0
5.445545 68.799442 0
7.255395 68.635696 0
9.059406 68.417872 0
10.856563 68.149020 0
12.648388 67.847169 0
14.431074 67.494544 0
16.202589 67.088350 0
17.961920 66.632137 0
19.712617 66.143689 0
21.448845 65.605737 0
23.168316 65.015739 0
24.870526 64.377255 0
26.560802 63.707538 0
28.231532 62.989843 0
29.880426 62.222644 0
31.506729 61.408730 0
33.118051 60.564862 0
34.705002 59.675555 0
36.265041 58.738765 0
37.797664 57.758063 0
39.312516 56.749432 0
40.798173 55.697891 0
42.252096 54.601930 0
43.674536 53.465347 0
45.076163 52.302614 0
46.444274 51.100024 0
47.776340 49.856816 0
49.072861 48.576290 0
50.729118 46.764663 0
-49.935262 44.467630 0
-48.739019 45.657526 0
-48.335871 46.175425 0
-47.506474 47.009900 0
-46.677329 47.844376 0
-46.251586 48.250062 0
-44.961921 49.453668 0
-43.637217 50.617922 0
-43.191926 51.001522 0
-42.280529 51.743842 0
-41.369130 52.485908 0
-40.903527 52.844378 0
-39.496065 53.905562 0
-38.057628 54.923837 0
-37.574764 55.258184 0
-36.591266 55.900480 0
-35.607768 56.542522 0
-35.107388 56.849964 0
-33.597360 57.756792 0
-32.060929 58.617922 0
-31.546077 58.899722 0
-30.501141 59.434879 0
-29.456208 59.969788 0
-28.926632 60.223152 0
-27.330542 60.965980 0
-25.713126 61.660829 0
-25.171617 61.887027 0
-24.076669 62.309218 0
-22.981975 62.731404 0
-22.429042 62.927392 0
-20.764154 63.498603 0
-19.083270 64.019548 0
-18.521452 64.187359 0
-17.388677 64.492514 0
-16.255903 64.797159 0
-15.685453 64.934248 0
-13.970551 65.327494 0
-12.244732 65.668950 0
-11.668190 65.776846 0
-10.510028 65.961157 0
-9.351612 66.145468 0
-8.770246 66.221629 0
-7.023864 66.432598 0
-5.271897 66.591013 0
-4.687230 66.637982 0
-3.516121 66.699671 0
-2.345011 66.761106 0
-1.758822 66.775833 0
0.000000 66.802236 0
1.758822 66.775833 0
2.345011 66.761106 0
3.516121 66.699671 0
4.687230 66.637982 0
5.271897 66.591013 0
7.023864 66.432598 0
8.770246 66.221629 0
9.351612 66.145468 0
10.510028 65.961157 0
11.668190 65.776846 0
12.244732 65.668950 0
13.970551 65.327494 0
15.685453 64.934248 0
16.255903 64.797159 0
17.388677 64.492514 0
18.521452 64.187359 0
19.083270 64.019548 0
20.764154 63.498603 0
22.429042 62.927392 0
22.981975 62.731404 0
24.076669 62.309218 0
25.171617 61.887027 0
25.713126 61.660829 0
27.330542 60.965980 0
28.926632 60.223152 0
29.456208 59.969788 0
30.501141 59.434879 0
31.546077 58.899722 0
32.060929 58.617922 0
33.597360 57.756792 0
35.107388 56.849964 0
35.607768 56.542522 0
36.591266 55.900480 0
37.574764 55.258184 0
38.057628 54.923837 0
39.496065 53.905562 0
40.903527 52.844378 0
41.369130 52.485908 0
42.280529 51.743842 0
43.191926 51.001522 0
43.637217 50.617922 0
44.961921 49.453668 0
46.251586 48.250062 0
46.677329 47.844376 0
47.506474 47.009900 0
48.335871 46.175425 0
48.739019 45.657526 0
49.935262 44.467630 0
-49.675551 41.290681 0
-48.268851 42.967250 0
-46.694086 44.614369 0
-45.119574 46.250319 0
-43.434883 47.781924 0
-41.750446 49.302870 0
-39.964203 50.712111 0
-38.177963 52.110431 0
-36.298554 53.390710 0
-34.419397 54.659813 0
-32.456206 55.804770 0
-30.493273 56.938565 0
-28.455699 57.942876 0
-26.418380 58.936024 0
-24.316578 59.794874 0
-22.215029 60.642802 0
-20.059152 61.351863 0
-17.903276 62.050264 0
-15.703732 62.606501 0
-13.504189 63.152325 0
-11.271896 63.552935 0
-9.039604 63.943386 0
-6.785224 64.186343 0
-4.530845 64.419141 0
-2.265296 64.503936 0
0.000000 64.578065 0
2.265296 64.503936 0
4.530845 64.419141 0
6.785224 64.186343 0
9.039604 63.943386 0
11.271896 63.552935 0
13.504189 63.152325 0
15.703732 62.606501 0
17.903276 62.050264 0
20.059152 61.351863 0
22.215029 60.642802 0
24.316578 59.794874 0
26.418380 58.936024 0
28.455699 57.942876 0
30.493273 56.938565 0
32.456206 55.804770 0
34.419397 54.659813 0
36.298554 53.390710 0
38.177963 52.110431 0
39.964203 50.712111 0
41.750446 49.302870 0
43.434883 47.781924 0
45.119574 46.250319 0
46.694086 44.614369 0
48.268851 42.967250 0
49.675551 41.290681 0
-48.009138 39.790047 0
-46.602438 41.466616 0
-45.082001 43.052042 0
-43.561818 44.636964 0
-41.935262 46.111194 0
-40.308962 47.584920 0
-38.584411 48.940849 0
-36.859864 50.296269 0
-35.045442 51.527292 0
-33.231022 52.758058 0
-31.335620 53.858339 0
-29.440468 54.958621 0
-27.473472 55.923078 0
-25.506220 56.887536 0
-23.477025 57.711602 0
-21.448084 58.535668 0
-19.366590 59.215029 0
-17.285097 59.894643 0
-15.161715 60.426757 0
-13.038081 60.958871 0
-10.882712 61.340695 0
-8.727596 61.722518 0
-6.550901 61.952273 0
-4.374460 62.182282 0
-2.187103 62.258698 0
0.000000 62.335616 0
2.187103 62.258698 0
4.374460 62.182282 0
6.550901 61.952273 0
8.727596 61.722518 0
10.882712 61.340695 0
13.038081 60.958871 0
15.161715 60.426757 0
17.285097 59.894643 0
19.366590 59.215029 0
21.448084 58.535668 0
23.477025 57.711602 0
25.506220 56.887536 0
27.473472 55.923078 0
29.440468 54.958621 0
31.335620 53.858339 0
33.231022 52.758058 0
35.045442 51.527292 0
36.859864 50.296269 0
38.584411 48.940849 0
40.308962 47.584920 0
41.935262 46.111194 0
43.561818 44.636964 0
45.082001 43.052042 0
46.602438 41.466616 0
48.009138 39.790047 0
-47.614116 36.703986 0
-46.258695 38.332065 0
-44.903021 39.959889 0
-43.438183 41.487940 0
-41.973342 43.015486 0
-40.406448 44.436150 0
-38.839299 45.856564 0
-37.177457 47.163240 0
-35.515866 48.469407 0
-33.767707 49.655749 0
-32.019294 50.841839 0
-30.193198 51.902261 0
-28.366844 52.962426 0
-26.471693 53.892106 0
-24.576288 54.821272 0
-22.621223 55.615383 0
-20.665906 56.409240 0
-18.660321 57.064230 0
-16.654988 57.719220 0
-14.608784 58.231785 0
-12.562579 58.744604 0
-10.485910 59.112209 0
-8.409241 59.480069 0
-6.312008 59.701698 0
-4.215029 59.923328 0
-2.107388 59.997208 0
0.000000 60.071083 0
2.107388 59.997208 0
4.215029 59.923328 0
6.312008 59.701698 0
8.409241 59.480069 0
10.485910 59.112209 0
12.562579 58.744604 0
14.608784 58.231785 0
16.654988 57.719220 0
18.660321 57.064230 0
20.665906 56.409240 0
22.621223 55.615383 0
24.576288 54.821272 0
26.471693 53.892106 0
28.366844 52.962426 0
30.193198 51.902261 0
32.019294 50.841839 0
33.767707 49.655749 0
35.515866 48.469407 0
37.177457 47.163240 0
38.839299 45.856564 0
40.406448 44.436150 0
41.973342 43.015486 0
43.438183 41.487940 0
44.903021 39.959889 0
46.258695 38.332065 0
47.614116 36.703986 0
-47.004824 33.664383 0
-45.812136 35.296013 0
-44.507998 36.863164 0
-43.203860 38.429805 0
-41.794365 39.900481 0
-40.385124 41.370652 0
-38.877380 42.738003 0
-37.369383 44.104850 0
-35.770754 45.362527 0
-34.171872 46.619446 0
-32.489719 47.761359 0
-30.807820 48.902768 0
-29.050522 49.923330 0
-27.293475 50.943642 0
-25.469916 51.838031 0
-23.646357 52.732416 0
-21.765169 53.496572 0
-19.883980 54.260728 0
-17.954302 54.890833 0
-16.024626 55.521198 0
-14.055851 56.014468 0
-12.087332 56.507745 0
-10.089109 56.861895 0
-8.091140 57.215790 0
-6.073115 57.429040 0
-4.055344 57.642042 0
-2.027672 57.713381 0
0.000000 57.784460 0
2.027672 57.713381 0
4.055344 57.642042 0
6.073115 57.429040 0
8.091140 57.215790 0
10.089109 56.861895 0
12.087332 56.507745 0
14.055851 56.014468 0
16.024626 55.521198 0
17.954302 54.890833 0
19.883980 54.260728 0
21.765169 53.496572 0
23.646357 52.732416 0
25.469916 51.838031 0
27.293475 50.943642 0
29.050522 49.923330 0
30.807820 48.902768 0
32.489719 47.761359 0
34.171872 46.619446 0
35.770754 45.362527 0
37.369383 44.104850 0
38.877380 42.738003 0
40.385124 41.370652 0
41.794365 39.900481 0
43.203860 38.429805 0
44.507998 36.863164 0
45.812136 35.296013 0
47.004824 33.664383 0
-45.128205 32.300837 0
-43.983244 33.890834 0
-42.731151 35.396040 0
-41.478801 36.900483 0
-40.125668 38.312770 0
-38.772531 39.725058 0
-37.324955 41.037826 0
-35.877379 42.350598 0
-34.342473 43.558010 0
-32.807566 44.765170 0
-31.192436 45.861640 0
-29.577559 46.957604 0
-27.890581 47.937548 0
-26.203860 48.917237 0
-24.452907 49.776087 0
-22.702208 50.634679 0
-20.896166 51.368622 0
-19.089871 52.102058 0
-17.237369 52.707283 0
-15.384870 53.312261 0
-13.494796 53.785729 0
-11.604722 54.259457 0
-9.686215 54.599643 0
-7.767962 54.939326 0
-5.830668 55.143948 0
-3.893374 55.348564 0
-1.946687 55.416860 0
0.000000 55.485404 0
1.946687 55.416860 0
3.893374 55.348564 0
5.830668 55.143948 0
7.767962 54.939326 0
9.686215 54.599643 0
11.604722 54.259457 0
13.494796 53.785729 0
15.384870 53.312261 0
17.237369 52.707283 0
19.089871 52.102058 0
20.896166 51.368622 0
22.702208 50.634679 0
24.452907 49.776087 0
26.203860 48.917237 0
27.890581 47.937548 0
29.577559 46.957604 0
31.192436 45.861640 0
32.807566 44.765170 0
34.342473 43.558010 0
35.877379 42.350598 0
37.324955 41.037826 0
38.772531 39.725058 0
40.125668 38.312770 0
41.478801 36.900483 0
42.731151 35.396040 0
43.983244 33.890834 0
45.128205 32.300837 0
-44.348820 29.412289 0
-43.251334 30.937294 0
-42.154099 32.461793 0
-40.954051 33.905053 0
-39.753999 35.347295 0
-38.456967 36.701448 0
-37.160193 38.055344 0
-35.772784 39.313784 0
-34.385376 40.572481 0
-32.914191 41.729880 0
-31.443007 42.887280 0
-29.895404 43.938309 0
-28.347550 44.989083 0
-26.730898 45.928408 0
-25.113988 46.867733 0
-23.436152 47.691040 0
-21.758060 48.514343 0
-20.027164 49.217569 0
-18.296014 49.920792 0
-16.520436 50.501142 0
-14.745113 51.080984 0
-12.933486 51.534906 0
-11.122112 51.989083 0
-9.283574 52.315053 0
-7.445037 52.640772 0
-5.588220 52.837014 0
-3.731658 53.033003 0
-1.865702 53.098503 0
0.000000 53.164252 0
1.865702 53.098503 0
3.731658 53.033003 0
5.588220 52.837014 0
7.445037 52.640772 0
9.283574 52.315053 0
11.122112 51.989083 0
12.933486 51.534906 0
14.745113 51.080984 0
16.520436 50.501142 0
18.296014 49.920792 0
20.027164 49.217569 0
21.758060 48.514343 0
23.436152 47.691040 0
25.113988 46.867733 0
26.730898 45.928408 0
28.347550 44.989083 0
29.895404 43.938309 0
31.443007 42.887280 0
32.914191 41.729880 0
34.385376 40.572481 0
35.772784 39.313784 0
37.160193 38.055344 0
38.456967 36.701448 0
39.753999 35.347295 0
40.954051 33.905053 0
42.154099 32.461793 0
43.251334 30.937294 0
44.348820 29.412289 0
-43.298554 26.677836 0
-42.396293 28.121603 0
-41.347297 29.580602 0
-40.298298 31.038588 0
-39.151054 32.418633 0
-38.003807 33.798171 0
-36.764154 35.092915 0
-35.524246 36.387409 0
-34.198021 37.591012 0
-32.871794 38.794364 0
-31.465348 39.900989 0
-30.058899 41.007617 0
-28.579335 42.012440 0
-27.099771 43.017011 0
-25.553948 43.915206 0
-24.008378 44.813152 0
-22.404418 45.600154 0
-20.800203 46.387156 0
-19.145469 47.059661 0
-17.490734 47.731913 0
-15.793348 48.286621 0
-14.095963 48.841076 0
-12.364052 49.275196 0
-10.632394 49.709318 0
-8.874841 50.020562 0
-7.117289 50.332063 0
-5.342219 50.519674 0
-3.567403 50.707286 0
-1.783702 50.769737 0
0.000000 50.832446 0
1.783702 50.769737 0
3.567403 50.707286 0
5.342219 50.519674 0
7.117289 50.332063 0
8.874841 50.020562 0
10.632394 49.709318 0
12.364052 49.275196 0
14.095963 48.841076 0
15.793348 48.286621 0
17.490734 47.731913 0
19.145469 47.059661 0
20.800203 46.387156 0
22.404418 45.600154 0
24.008378 44.813152 0
25.553948 43.915206 0
27.099771 43.017011 0
28.579335 42.012440 0
30.058899 41.007617 0
31.465348 39.900989 0
32.871794 38.794364 0
34.198021 37.591012 0
35.524246 36.387409 0
36.764154 35.092915 0
38.003807 33.798171 0
39.151054 32.418633 0
40.298298 31.038588 0
41.347297 29.580602 0
42.396293 28.121603 0
43.298554 26.677836 0
-41.346281 25.361005 0
-40.444020 26.804772 0
-39.443261 28.197260 0
-38.442498 29.588728 0
-37.348312 30.905814 0
-36.253873 32.222391 0
-35.071083 33.457985 0
-33.888550 34.693322 0
-32.623255 35.842091 0
-31.357957 36.990354 0
-30.016247 38.046459 0
-28.674791 39.102564 0
-27.263265 40.061437 0
-25.851739 41.019802 0
-24.377252 41.876873 0
-22.902768 42.733689 0
-21.372683 43.484640 0
-19.842346 44.235845 0
-18.263772 44.877379 0
-16.685199 45.519167 0
-15.066007 46.048235 0
-13.446813 46.577305 0
-11.794872 46.991622 0
-10.142930 47.405688 0
-8.466108 47.702971 0
-6.789541 47.999999 0
-5.096217 48.178980 0
-3.403148 48.357958 0
-1.701447 48.417620 0
0.000000 48.477533 0
1.701447 48.417620 0
3.403148 48.357958 0
5.096217 48.178980 0
6.789541 47.999999 0
8.466108 47.702971 0
10.142930 47.405688 0
11.794872 46.991622 0
13.446813 46.577305 0
15.066007 46.048235 0
16.685199 45.519167 0
18.263772 44.877379 0
19.842346 44.235845 0
21.372683 43.484640 0
22.902768 42.733689 0
24.377252 41.876873 0
25.851739 41.019802 0
27.263265 40.061437 0
28.674791 39.102564 0
30.016247 38.046459 0
31.357957 36.990354 0
32.623255 35.842091 0
33.888550 34.693322 0
35.071083 33.457985 0
36.253873 32.222391 0
37.348312 30.905814 0
38.442498 29.588728 0
39.443261 28.197260 0
40.444020 26.804772 0
41.346281 25.361005 0
-40.180756 22.718965 0
-39.322672 24.109420 0
-38.464585 25.499112 0
-37.512821 26.824066 0
-36.561056 28.148261 0
-35.520437 29.401371 0
-34.479564 30.653718 0
-33.354658 31.829399 0
-32.230009 33.004317 0
-31.026657 34.096978 0
-29.823305 35.189388 0
-28.547347 36.193956 0
-27.271388 37.198273 0
-25.928917 38.110435 0
-24.586444 39.022086 0
-23.184310 39.837267 0
-21.781924 40.652197 0
-20.326732 41.366338 0
-18.871288 42.080733 0
-17.369891 42.690784 0
-15.868749 43.301092 0
-14.328763 43.804264 0
-12.788779 44.307439 0
-11.217568 44.701448 0
-9.646357 45.095203 0
-8.051790 45.378016 0
-6.457223 45.660572 0
-4.846915 45.830922 0
-3.236354 46.001015 0
-1.618177 46.057882 0
0.000000 46.114749 0
1.618177 46.057882 0
3.236354 46.001015 0
4.846915 45.830922 0
6.457223 45.660572 0
8.051790 45.378016 0
9.646357 45.095203 0
11.217568 44.701448 0
12.788779 44.307439 0
14.328763 43.804264 0
15.868749 43.301092 0
17.369891 42.690784 0
18.871288 42.080733 0
20.326732 41.366338 0
21.781924 40.652197 0
23.184310 39.837267 0
24.586444 39.022086 0
25.928917 38.110435 0
27.271388 37.198273 0
28.547347 36.193956 0
29.823305 35.189388 0
31.026657 34.096978 0
32.230009 33.004317 0
33.354658 31.829399 0
34.479564 30.653718 0
35.520437 29.401371 0
36.561056 28.148261 0
37.512821 26.824066 0
38.464585 25.499112 0
39.322672 24.109420 0
40.180756 22.718965 0
-38.834223 20.182788 0
-38.113227 21.525260 0
-37.299314 22.845138 0
-36.485403 24.164003 0
-35.582635 25.421426 0
-34.679869 26.678090 0
-33.692562 27.867481 0
-32.705255 29.056106 0
-31.638233 30.171616 0
-30.571464 31.286875 0
-29.430058 32.323686 0
-28.288653 33.360496 0
-27.078192 34.313531 0
-25.867987 35.266566 0
-24.594568 36.132013 0
-23.321401 36.997206 0
-21.991114 37.770755 0
-20.661082 38.543793 0
-19.280529 39.221628 0
-17.900229 39.899467 0
-16.476009 40.478547 0
-15.052044 41.057375 0
-13.591266 41.534906 0
-12.130490 42.012440 0
-10.640264 42.386138 0
-9.150038 42.759839 0
-7.637471 43.028180 0
-6.124905 43.296270 0
-4.597360 43.457986 0
-3.069815 43.619194 0
-1.534907 43.673014 0
0.000000 43.727089 0
1.534907 43.673014 0
3.069815 43.619194 0
4.597360 43.457986 0
6.124905 43.296270 0
7.637471 43.028180 0
9.150038 42.759839 0
10.640264 42.386138 0
12.130490 42.012440 0
13.591266 41.534906 0
15.052044 41.057375 0
16.476009 40.478547 0
17.900229 39.899467 0
19.280529 39.221628 0
20.661082 38.543793 0
21.991114 37.770755 0
23.321401 36.997206 0
24.594568 36.132013 0
25.867987 35.266566 0
27.078192 34.313531 0
28.288653 33.360496 0
29.430058 32.323686 0
30.571464 31.286875 0
31.638233 30.171616 0
32.705255 29.056106 0
33.692562 27.867481 0
34.679869 26.678090 0
35.582635 25.421426 0
36.485403 24.164003 0
37.299314 22.845138 0
38.113227 21.525260 0
38.834223 20.182788 0
-36.700178 19.048237 0
-36.018787 20.349075 0
-35.249555 21.597613 0
-34.480326 22.844630 0
-33.627061 24.033767 0
-32.774054 25.221629 0
-31.841076 26.346027 0
-30.908098 27.469663 0
-29.899721 28.524246 0
-28.891344 29.578319 0
-27.812644 30.558008 0
-26.733944 31.537955 0
-25.590251 32.438690 0
-24.446560 33.339426 0
-23.243209 34.157399 0
-22.039858 34.974868 0
-20.782686 35.705762 0
-19.525768 36.436659 0
-18.221122 37.077176 0
-16.916477 37.717694 0
-15.570704 38.264788 0
-14.224930 38.811882 0
-12.844377 39.263264 0
-11.464077 39.714394 0
-10.055598 40.067530 0
-8.647118 40.420666 0
-7.217822 40.674284 0
-5.788271 40.927647 0
-4.344758 41.080224 0
-2.901244 41.232801 0
-1.450622 41.283829 0
0.000000 41.334604 0
1.450622 41.283829 0
2.901244 41.232801 0
4.344758 41.080224 0
5.788271 40.927647 0
7.217822 40.674284 0
8.647118 40.420666 0
10.055598 40.067530 0
11.464077 39.714394 0
12.844377 39.263264 0
14.224930 38.811882 0
15.570704 38.264788 0
16.916477 37.717694 0
18.221122 37.077176 0
19.525768 36.436659 0
20.782686 35.705762 0
22.039858 34.974868 0
23.243209 34.157399 0
24.446560 33.339426 0
25.590251 32.438690 0
26.733944 31.537955 0
27.812644 30.558008 0
28.891344 29.578319 0
29.899721 28.524246 0
30.908098 27.469663 0
31.841076 26.346027 0
32.774054 25.221629 0
33.627061 24.033767 0
34.480326 22.844630 0
35.249555 21.597613 0
36.018787 20.349075 0
36.700178 19.048237 0
-35.207920 16.686215 0
-34.566135 17.913429 0
-33.924347 19.139884 0
-33.199797 20.316832 0
-32.475246 21.492259 0
-31.671745 22.613099 0
-30.868241 23.732926 0
-29.989592 24.792589 0
-29.110689 25.851486 0
-28.160955 26.845140 0
-27.211475 27.838539 0
-26.195480 28.761870 0
-25.179487 29.685201 0
-24.102311 30.534145 0
-23.024880 31.382839 0
-21.891597 32.153847 0
-20.758314 32.924093 0
-19.574258 33.612592 0
-18.390201 34.301346 0
-17.161462 34.904799 0
-15.932725 35.508252 0
-14.665397 36.023863 0
-13.397816 36.539478 0
-12.097486 36.964459 0
-10.797410 37.389694 0
-9.470932 37.722265 0
-8.144453 38.055090 0
-6.798172 38.293984 0
-5.451638 38.532624 0
-4.092155 38.676567 0
-2.732419 38.820259 0
-1.366337 38.868241 0
0.000000 38.916223 0
1.366337 38.868241 0
2.732419 38.820259 0
4.092155 38.676567 0
5.451638 38.532624 0
6.798172 38.293984 0
8.144453 38.055090 0
9.470932 37.722265 0
10.797410 37.389694 0
12.097486 36.964459 0
13.397816 36.539478 0
14.665397 36.023863 0
15.932725 35.508252 0
17.161462 34.904799 0
18.390201 34.301346 0
19.574258 33.612592 0
20.758314 32.924093 0
21.891597 32.153847 0
23.024880 31.382839 0
24.102311 30.534145 0
25.179487 29.685201 0
26.195480 28.761870 0
27.211475 27.838539 0
28.160955 26.845140 0
29.110689 25.851486 0
29.989592 24.792589 0
30.868241 23.732926 0
31.671745 22.613099 0
32.475246 21.492259 0
33.199797 20.316832 0
33.924347 19.139884 0
34.566135 17.913429 0
35.207920 16.686215 0
-33.008122 15.650926 0
-32.406448 16.802996 0
-31.804774 17.953797 0
-31.125413 19.057630 0
-30.446307 20.160447 0
-29.693069 21.211475 0
-28.939580 22.261742 0
-28.115765 23.255396 0
-27.291953 24.248287 0
-26.401624 25.180248 0
-25.511298 26.111450 0
-24.558771 26.977152 0
-23.606245 27.842853 0
-22.596344 28.638743 0
-21.586443 29.434375 0
-20.523737 30.156639 0
-19.461285 30.878902 0
-18.351358 31.524753 0
-17.241432 32.170092 0
-16.089363 32.735719 0
-14.937294 33.301345 0
-13.748921 33.784718 0
-12.560549 34.267833 0
-11.341711 34.666667 0
-10.122874 35.064990 0
-8.879157 35.376999 0
-7.635441 35.688754 0
-6.373445 35.912668 0
-5.111196 36.136584 0
-3.836507 36.271388 0
-2.561818 36.406195 0
-1.280782 36.451128 0
0.000000 36.496318 0
1.280782 36.451128 0
2.561818 36.406195 0
3.836507 36.271388 0
5.111196 36.136584 0
6.373445 35.912668 0
7.635441 35.688754 0
8.879157 35.376999 0
10.122874 35.064990 0
11.341711 34.666667 0
12.560549 34.267833 0
13.748921 33.784718 0
14.937294 33.301345 0
16.089363 32.735719 0
17.241432 32.170092 0
18.351358 31.524753 0
19.461285 30.878902 0
20.523737 30.156639 0
21.586443 29.434375 0
22.596344 28.638743 0
23.606245 27.842853 0
24.558771 26.977152 0
25.511298 26.111450 0
26.401624 25.180248 0
27.291953 24.248287 0
28.115765 23.255396 0
28.939580 22.261742 0
29.693069 21.211475 0
30.446307 20.160447 0
31.125413 19.057630 0
31.804774 17.953797 0
32.406448 16.802996 0
33.008122 15.650926 0
-31.294998 13.502411 0
-30.808328 14.577811 0
-30.246764 15.654735 0
-29.685201 16.730135 0
-29.051281 17.761615 0
-28.417364 18.792078 0
-27.714142 19.773801 0
-27.011170 20.755015 0
-26.242195 21.683168 0
-25.473217 22.610561 0
-24.642042 23.481088 0
-23.811119 24.350852 0
-22.922062 25.159686 0
-22.033258 25.968012 0
-21.090378 26.711349 0
-20.147753 27.454431 0
-19.156131 28.128967 0
-18.164255 28.803505 0
-17.128205 29.406447 0
-16.092409 30.009138 0
-15.017010 30.537192 0
-13.941863 31.065500 0
-12.832699 31.516881 0
-11.723534 31.968011 0
-10.585936 32.340442 0
-9.448083 32.712365 0
-8.287383 33.003809 0
-7.126682 33.294998 0
-5.948718 33.503934 0
-4.770500 33.712870 0
-3.580858 33.838792 0
-2.390962 33.964712 0
-1.195481 34.006601 0
0.000000 34.048742 0
1.195481 34.006601 0
2.390962 33.964712 0
3.580858 33.838792 0
4.770500 33.712870 0
5.948718 33.503934 0
7.126682 33.294998 0
8.287383 33.003809 0
9.448083 32.712365 0
10.585936 32.340442 0
11.723534 31.968011 0
12.832699 31.516881 0
13.941863 31.065500 0
15.017010 30.537192 0
16.092409 30.009138 0
17.128205 29.406447 0
18.164255 28.803505 0
19.156131 28.128967 0
20.147753 27.454431 0
21.090378 26.711349 0
22.033258 25.968012 0
22.922062 25.159686 0
23.811119 24.350852 0
24.642042 23.481088 0
25.473217 22.610561 0
26.242195 21.683168 0
27.011170 20.755015 0
27.714142 19.773801 0
28.417364 18.792078 0
29.051281 17.761615 0
29.685201 16.730135 0
30.246764 15.654735 0
30.808328 14.577811 0
31.294998 13.502411 0
-29.512567 11.468138 0
-29.060928 12.507744 0
-28.609039 13.545063 0
-28.087586 14.546331 0
-27.565878 15.545569 0
-26.977406 16.503934 0
-26.388676 17.461286 0
-25.735719 18.373445 0
-25.082762 19.284590 0
-24.368622 20.146740 0
-23.654735 21.007870 0
-22.882965 21.815945 0
-22.111196 22.623763 0
-21.285860 23.374714 0
-20.460269 24.125414 0
-19.584920 24.815689 0
-18.709570 25.505459 0
-17.788525 26.131761 0
-16.867478 26.758060 0
-15.905560 27.317848 0
-14.943387 27.877379 0
-13.945163 28.367861 0
-12.946687 28.858339 0
-11.916730 29.277481 0
-10.886773 29.696369 0
-9.830160 30.041888 0
-8.773546 30.387407 0
-7.695862 30.658035 0
-6.617923 30.928155 0
-5.523991 31.122367 0
-4.430058 31.316325 0
-3.325209 31.433105 0
-2.220360 31.550140 0
-1.110180 31.588983 0
0.000000 31.628077 0
1.110180 31.588983 0
2.220360 31.550140 0
3.325209 31.433105 0
4.430058 31.316325 0
5.523991 31.122367 0
6.617923 30.928155 0
7.695862 30.658035 0
8.773546 30.387407 0
9.830160 30.041888 0
10.886773 29.696369 0
11.916730 29.277481 0
12.946687 28.858339 0
13.945163 28.367861 0
14.943387 27.877379 0
15.905560 27.317848 0
16.867478 26.758060 0
17.788525 26.131761 0
18.709570 25.505459 0
19.584920 24.815689 0
20.460269 24.125414 0
21.285860 23.374714 0
22.111196 22.623763 0
22.882965 21.815945 0
23.654735 21.007870 0
24.368622 20.146740 0
25.082762 19.284590 0
25.735719 18.373445 0
26.388676 17.461286 0
26.977406 16.503934 0
27.565878 15.545569 0
28.087586 14.546331 0
28.609039 13.545063 0
29.060928 12.507744 0
29.512567 11.468138 0
-27.243717 10.551408 0
-26.409495 12.472709 0
-25.446813 14.322164 0
-24.359989 16.092918 0
-23.154354 17.778117 0
-21.835999 19.370653 0
-20.411272 20.863673 0
-18.887280 22.250824 0
-17.271135 23.525769 0
-15.570704 24.682915 0
-13.794618 25.716933 0
-11.951257 26.623002 0
-10.049758 27.397056 0
-8.099264 28.035036 0
-6.109165 28.534653 0
-4.089363 28.893374 0
-2.049759 29.108910 0
0.000000 29.181009 0
2.049759 29.108910 0
4.089363 28.893374 0
6.109165 28.534653 0
8.099264 28.035036 0
10.049758 27.397056 0
11.951257 26.623002 0
13.794618 25.716933 0
15.570704 24.682915 0
17.271135 23.525769 0
18.887280 22.250824 0
20.411272 20.863673 0
21.835999 19.370653 0
23.154354 17.778117 0
24.359989 16.092918 0
25.446813 14.322164 0
26.409495 12.472709 0
27.243717 10.551408 0
-24.923839 9.669204 0
-24.160701 11.429044 0
-23.223153 13.095963 0
-22.285606 14.741814 0
-21.130997 16.249049 0
-19.976644 17.739528 0
-18.627824 19.063469 0
-17.279005 20.373699 0
-15.761868 21.491497 0
-14.244986 22.597613 0
-12.589236 23.489973 0
-10.933486 24.371668 0
-9.171617 25.022341 0
-7.409494 25.663112 0
-5.575273 26.060168 0
-3.741051 26.447830 0
-1.870526 26.583905 0
0.000000 26.710841 0
1.870526 26.583905 0
3.741051 26.447830 0
5.575273 26.060168 0
7.409494 25.663112 0
9.171617 25.022341 0
10.933486 24.371668 0
12.589236 23.489973 0
14.244986 22.597613 0
15.761868 21.491497 0
17.279005 20.373699 0
18.627824 19.063469 0
19.976644 17.739528 0
21.130997 16.249049 0
22.285606 14.741814 0
23.223153 13.095963 0
24.160701 11.429044 0
24.923839 9.669204 0
-22.603960 8.731659 0
-21.911906 10.332063 0
-21.061437 11.840314 0
-20.211221 13.342474 0
-19.164255 14.705509 0
-18.117289 16.065246 0
-16.893882 17.261997 0
-15.670729 18.456715 0
-14.294745 19.466617 0
-12.919015 20.475756 0
-11.417365 21.280782 0
-9.915968 22.085808 0
-8.317848 22.671999 0
-6.719726 23.257679 0
-5.056359 23.613862 0
-3.392993 23.970045 0
-1.696370 24.089363 0
0.000000 24.208684 0
1.696370 24.089363 0
3.392993 23.970045 0
5.056359 23.613862 0
6.719726 23.257679 0
8.317848 22.671999 0
9.915968 22.085808 0
11.417365 21.280782 0
12.919015 20.475756 0
14.294745 19.466617 0
15.670729 18.456715 0
16.893882 17.261997 0
18.117289 16.065246 0
19.164255 14.705509 0
20.211221 13.342474 0
21.061437 11.840314 0
21.911906 10.332063 0
22.603960 8.731659 0
-20.265296 7.846409 0
-19.644834 9.282305 0
-18.882458 10.634425 0
-18.120081 11.980706 0
-17.181519 13.202082 0
-16.242701 14.420412 0
-15.145976 15.492511 0
-14.049252 16.563088 0
-12.815689 17.468141 0
-11.582382 18.372177 0
-10.236101 19.093678 0
-8.890073 19.814928 0
-7.457222 20.340190 0
-6.024625 20.865194 0
-4.533130 21.184058 0
-3.041889 21.503174 0
-1.520944 21.610307 0
0.000000 21.717189 0
1.520944 21.610307 0
3.041889 21.503174 0
4.533130 21.184058 0
6.024625 20.865194 0
7.457222 20.340190 0
8.890073 19.814928 0
10.236101 19.093678 0
11.582382 18.372177 0
12.815689 17.468141 0
14.049252 16.563088 0
15.145976 15.492511 0
16.242701 14.420412 0
17.181519 13.202082 0
18.120081 11.980706 0
18.882458 10.634425 0
19.644834 9.282305 0
20.265296 7.846409 0
-17.926631 6.901496 0
-17.377761 8.176442 0
-16.703224 9.376239 0
-16.028941 10.570194 0
-15.198527 11.652957 0
-14.368367 12.732673 0
-13.398071 13.682409 0
-12.428028 14.630872 0
-11.336887 15.432343 0
-10.245747 16.233055 0
-9.054837 16.872048 0
-7.863925 17.510535 0
-6.596598 17.975630 0
-5.329271 18.440467 0
-4.010155 18.723026 0
-2.690784 19.005331 0
-1.345519 19.100279 0
0.000000 19.194721 0
1.345519 19.100279 0
2.690784 19.005331 0
4.010155 18.723026 0
5.329271 18.440467 0
6.596598 17.975630 0
7.863925 17.510535 0
9.054837 16.872048 0
10.245747 16.233055 0
11.336887 15.432343 0
12.428028 14.630872 0
13.398071 13.682409 0
14.368367 12.732673 0
15.198527 11.652957 0
16.028941 10.570194 0
16.703224 9.376239 0
17.377761 8.176442 0
17.926631 6.901496 0
-15.621224 6.033257 0
-15.142675 7.143945 0
-14.555217 8.188627 0
-13.967504 9.228230 0
-13.243970 10.170601 0
-12.520436 11.110688 0
-11.675045 11.937800 0
-10.829652 12.763391 0
-9.878903 13.461284 0
-8.928154 14.158418 0
-7.890327 14.714902 0
-6.852754 15.270881 0
-5.748413 15.676059 0
-4.643818 16.080732 0
-3.494288 16.326732 0
-2.344758 16.572735 0
-1.172379 16.655244 0
0.000000 16.737752 0
1.172379 16.655244 0
2.344758 16.572735 0
3.494288 16.326732 0
4.643818 16.080732 0
5.748413 15.676059 0
6.852754 15.270881 0
7.890327 14.714902 0
8.928154 14.158418 0
9.878903 13.461284 0
10.829652 12.763391 0
11.675045 11.937800 0
12.520436 11.110688 0
13.243970 10.170601 0
13.967504 9.228230 0
14.555217 8.188627 0
15.142675 7.143945 0
15.621224 6.033257 0
-12.907845 6.054074 0
-11.906068 7.838029 0
-10.672506 9.447067 0
-9.231277 10.858846 0
-7.610307 12.049758 0
-5.841330 12.999493 0
-3.958619 13.690531 0
-1.998731 14.110436 0
0.000000 14.251332 0
1.998731 14.110436 0
3.958619 13.690531 0
5.841330 12.999493 0
7.610307 12.049758 0
9.231277 10.858846 0
10.672506 9.447067 0
11.906068 7.838029 0
12.907845 6.054074 0
-10.597868 5.000761 0
-9.680122 6.401879 0
-8.762630 7.778370 0
-7.505459 8.850977 0
-6.248286 9.911145 0
-4.749175 10.588221 0
-3.250064 11.256410 0
-1.625032 11.490225 0
0.000000 11.715917 0
1.625032 11.490225 0
3.250064 11.256410 0
4.749175 10.588221 0
6.248286 9.911145 0
7.505459 8.850977 0
8.762630 7.778370 0
9.680122 6.401879 0
10.597868 5.000761 0
-8.287637 3.874079 0
-7.569941 4.971819 0
-6.852501 6.058390 0
-5.869256 6.896420 0
-4.886266 7.731404 0
-3.713887 8.258950 0
-2.541508 8.785733 0
-1.270881 8.965727 0
0.000000 9.145721 0
1.270881 8.965727 0
2.541508 8.785733 0
3.713887 8.258950 0
4.886266 7.731404 0
5.869256 6.896420 0
6.852501 6.058390 0
7.569941 4.971819 0
8.287637 3.874079 0
-5.638995 3.304647 0
-4.921554 4.368623 0
-4.215537 4.968519 0
-3.509520 5.566641 0
-2.667428 5.944656 0
-1.825336 6.322417 0
-0.912668 6.451383 0
0.000000 6.580351 0
0.912668 6.451383 0
1.825336 6.322417 0
2.667428 5.944656 0
3.509520 5.566641 0
4.215537 4.968519 0
4.921554 4.368623 0
5.638995 3.304647 0
-2.990607 2.630111 0
-2.132521 3.363289 0
-1.109165 3.824575 0
0.000000 3.981974 0
1.109165 3.824575 0
2.132521 3.363289 0
2.990607 2.630111 0
