# Active surface commands at 20.642367
# Zero points are Off, FEM corrections are Off
-12.741051 103.255394 -13
-10.929931 103.478548 -13
-9.111958 103.637726 -13
-7.293983 103.797412 -13
-5.471693 103.893116 -13
-3.649150 103.988833 -13
-1.824575 104.021075 -13
0.000000 104.052809 -13
1.824575 104.021075 -13
3.649150 103.988833 -13
5.471693 103.893116 -13
7.293983 103.797412 -13
9.111958 103.637726 -13
10.929931 103.478548 -13
12.741051 103.255394 -13
-23.048235 99.466362 -13
-21.336126 99.861387 -13
-19.578065 100.204114 -13
-17.820005 100.546840 -13
-16.051028 100.827872 -13
-14.282051 101.109163 -13
-12.504442 101.327749 -13
-10.726834 101.546838 -13
-8.942625 101.703220 -13
-7.158416 101.859863 -13
-5.369891 101.953794 -13
-3.581366 102.047726 -13
-1.790810 102.079205 -13
0.000000 102.110431 -13
1.790810 102.079205 -13
3.581366 102.047726 -13
5.369891 101.953794 -13
7.158416 101.859863 -13
8.942625 101.703220 -13
10.726834 101.546838 -13
12.504442 101.327749 -13
14.282051 101.109163 -13
16.051028 100.827872 -13
17.820005 100.546840 -13
19.578065 100.204114 -13
21.336126 99.861387 -13
23.048235 99.466362 -13
-29.431075 95.752474 -13
-27.750698 96.268088 -13
-26.053567 96.724041 -13
-24.356436 97.180501 -13
-22.644327 97.566385 -13
-20.932217 97.961664 -13
-19.207413 98.297790 -13
-17.482610 98.634170 -13
-15.747145 98.909623 -13
-14.011678 99.185578 -13
-12.267835 99.400352 -13
-10.523737 99.615127 -13
-8.773292 99.768466 -13
-7.023103 99.922314 -13
-5.268342 100.014472 -13
-3.513582 100.106625 -13
-1.756791 100.137596 -13
0.000000 100.168314 -13
1.756791 100.137596 -13
3.513582 100.106625 -13
5.268342 100.014472 -13
7.023103 99.922314 -13
8.773292 99.768466 -13
10.523737 99.615127 -13
12.267835 99.400352 -13
14.011678 99.185578 -13
15.747145 98.909623 -13
17.482610 98.634170 -13
19.207413 98.297790 -13
20.932217 97.961664 -13
22.644327 97.566385 -13
24.356436 97.180501 -13
26.053567 96.724041 -13
27.750698 96.268088 -13
29.431075 95.752474 -13
-33.758314 92.233310 -12
-32.129727 92.795887 -12
-30.500890 93.358464 -12
-28.853517 93.863672 -12
-27.206144 94.368874 -12
-25.542269 94.816198 -12
-23.878396 95.263517 -12
-22.200051 95.651942 -12
-20.521453 96.040875 -12
-18.830413 96.370399 -12
-17.139629 96.700178 -12
-15.438182 96.970295 -12
-13.736736 97.240672 -12
-12.026910 97.451380 -12
-10.317339 97.661841 -12
-8.601167 97.812391 -12
-6.885250 97.963189 -12
-5.165016 98.053569 -12
-3.444783 98.143942 -12
-1.722264 98.174158 -12
0.000000 98.204367 -12
1.722264 98.174158 -12
3.444783 98.143942 -12
5.165016 98.053569 -12
6.885250 97.963189 -12
8.601167 97.812391 -12
10.317339 97.661841 -12
12.026910 97.451380 -12
13.736736 97.240672 -12
15.438182 96.970295 -12
17.139629 96.700178 -12
18.830413 96.370399 -12
20.521453 96.040875 -12
22.200051 95.651942 -12
23.878396 95.263517 -12
25.542269 94.816198 -12
27.206144 94.368874 -12
28.853517 93.863672 -12
30.500890 93.358464 -12
32.129727 92.795887 -12
33.758314 92.233310 -12
-37.788525 88.513329 -12
-36.234578 89.175168 -12
-34.658542 89.781925 -12
-33.082762 90.376744 -12
-31.486418 90.928152 -12
-29.890328 91.479560 -12
-28.275959 91.974610 -12
-26.661588 92.469659 -12
-25.030972 92.908096 -12
-23.400355 93.346279 -12
-21.755522 93.727340 -12
-20.110687 94.108401 -12
-18.453669 94.431325 -12
-16.796395 94.754503 -12
-15.129221 95.019296 -12
-13.461793 95.284336 -12
-11.786240 95.490731 -12
-10.110688 95.696877 -12
-8.429043 95.844632 -12
-6.747398 95.992127 -12
-5.061437 96.080728 -12
-3.375730 96.169329 -12
-1.687992 96.199036 -12
0.000000 96.228737 -12
1.687992 96.199036 -12
3.375730 96.169329 -12
5.061437 96.080728 -12
6.747398 95.992127 -12
8.429043 95.844632 -12
10.110688 95.696877 -12
11.786240 95.490731 -12
13.461793 95.284336 -12
15.129221 95.019296 -12
16.796395 94.754503 -12
18.453669 94.431325 -12
20.110687 94.108401 -12
21.755522 93.727340 -12
23.400355 93.346279 -12
25.030972 92.908096 -12
26.661588 92.469659 -12
28.275959 91.974610 -12
29.890328 91.479560 -12
31.486418 90.928152 -12
33.082762 90.376744 -12
34.658542 89.781925 -12
36.234578 89.175168 -12
37.788525 88.513329 -12
-39.992131 85.333588 -12
-38.525769 86.017008 -12
-37.004061 86.665143 -12
-35.482357 87.313278 -12
-33.939070 87.907589 -12
-32.395784 88.501900 -12
-30.832953 89.041885 -12
-29.269864 89.581871 -12
-27.689008 90.067022 -12
-26.108150 90.551913 -12
-24.511297 90.980959 -12
-22.914699 91.410254 -12
-21.303884 91.783444 -12
-19.693322 92.156386 -12
-18.070576 92.472709 -12
-16.447830 92.789286 -12
-14.815182 93.048742 -12
-13.182280 93.308198 -12
-11.541508 93.510279 -12
-9.900736 93.712366 -12
-8.254126 93.856817 -12
-6.607261 94.001522 -12
-4.956588 94.088345 -12
-3.305662 94.175173 -12
-1.652704 94.203857 -12
0.000000 94.233050 -12
1.652704 94.203857 -12
3.305662 94.175173 -12
4.956588 94.088345 -12
6.607261 94.001522 -12
8.254126 93.856817 -12
9.900736 93.712366 -12
11.541508 93.510279 -12
13.182280 93.308198 -12
14.815182 93.048742 -12
16.447830 92.789286 -12
18.070576 92.472709 -12
19.693322 92.156386 -12
21.303884 91.783444 -12
22.914699 91.410254 -12
24.511297 90.980959 -12
26.108150 90.551913 -12
27.689008 90.067022 -12
29.269864 89.581871 -12
30.832953 89.041885 -12
32.395784 88.501900 -12
33.939070 87.907589 -12
35.482357 87.313278 -12
37.004061 86.665143 -12
38.525769 86.017008 -12
39.992131 85.333588 -12
-43.525259 81.348821 -12
-42.083525 82.085805 -12
-40.641787 82.823303 -12
-39.175425 83.498858 -12
-37.709063 84.182532 -12
-36.219597 84.816957 -12
-34.730135 85.451382 -12
-33.219599 86.033253 -12
-31.709064 86.614877 -12
-30.179234 87.143439 -12
-28.649403 87.671995 -12
-27.102058 88.146988 -12
-25.554709 88.621479 -12
-23.991623 89.041631 -12
-22.428788 89.461790 -12
-20.852247 89.827114 -12
-19.275705 90.192179 -12
-17.687485 90.501901 -12
-16.099010 90.811629 -12
-14.500889 91.065755 -12
-12.902767 91.319626 -12
-11.297029 91.517387 -12
-9.691039 91.715154 -12
-8.078954 91.856816 -12
-6.467124 91.998224 -12
-4.851485 92.083268 -12
-3.235593 92.168317 -12
-1.617669 92.196493 -12
0.000000 92.224930 -12
1.617669 92.196493 -12
3.235593 92.168317 -12
4.851485 92.083268 -12
6.467124 91.998224 -12
8.078954 91.856816 -12
9.691039 91.715154 -12
11.297029 91.517387 -12
12.902767 91.319626 -12
14.500889 91.065755 -12
16.099010 90.811629 -12
17.687485 90.501901 -12
19.275705 90.192179 -12
20.852247 89.827114 -12
22.428788 89.461790 -12
23.991623 89.041631 -12
25.554709 88.621479 -12
27.102058 88.146988 -12
28.649403 87.671995 -12
30.179234 87.143439 -12
31.709064 86.614877 -12
33.219599 86.033253 -12
34.730135 85.451382 -12
36.219597 84.816957 -12
37.709063 84.182532 -12
39.175425 83.498858 -12
40.641787 82.823303 -12
42.083525 82.085805 -12
43.525259 81.348821 -12
-45.334856 78.006345 -12
-43.951002 78.776593 -12
-42.566894 79.546588 -12
-41.156894 80.267326 -12
-39.747144 80.988573 -12
-38.313024 81.659560 -12
-36.878650 82.331049 -12
-35.422189 82.951255 -12
-33.965474 83.571716 -12
-32.488194 84.140900 -12
-31.010917 84.710078 -12
-29.514851 85.226957 -12
-28.018533 85.744096 -12
-26.505205 86.208174 -12
-24.992130 86.672506 -12
-23.463569 87.083523 -12
-21.935009 87.494540 -12
-20.393246 87.851739 -12
-18.851231 88.208683 -12
-17.298045 88.511805 -12
-15.744605 88.814672 -12
-14.181772 89.063213 -12
-12.618685 89.311500 -12
-11.048236 89.505201 -12
-9.477533 89.698400 -12
-7.901244 89.836759 -12
-6.324702 89.975371 -12
-4.744605 90.058388 -12
-3.164255 90.141404 -12
-1.582127 90.169079 -12
0.000000 90.197001 -12
1.582127 90.169079 -12
3.164255 90.141404 -12
4.744605 90.058388 -12
6.324702 89.975371 -12
7.901244 89.836759 -12
9.477533 89.698400 -12
11.048236 89.505201 -12
12.618685 89.311500 -12
14.181772 89.063213 -12
15.744605 88.814672 -12
17.298045 88.511805 -12
18.851231 88.208683 -12
20.393246 87.851739 -12
21.935009 87.494540 -12
23.463569 87.083523 -12
24.992130 86.672506 -12
26.505205 86.208174 -12
28.018533 85.744096 -12
29.514851 85.226957 -12
31.010917 84.710078 -12
32.488194 84.140900 -12
33.965474 83.571716 -12
35.422189 82.951255 -12
36.878650 82.331049 -12
38.313024 81.659560 -12
39.747144 80.988573 -12
41.156894 80.267326 -12
42.566894 79.546588 -12
43.951002 78.776593 -12
45.334856 78.006345 -12
-46.965981 74.651943 -12
-45.640265 75.489211 -12
-44.314294 76.238640 -12
-42.961412 76.991367 -12
-41.608529 77.744100 -12
-40.230517 78.448847 -12
-38.852247 79.153843 -12
-37.450369 79.809849 -12
-36.048488 80.466110 -12
-34.624778 81.072606 -12
-33.200813 81.679357 -12
-31.756792 82.235593 -12
-30.312770 82.791823 -12
-28.850217 83.297286 -12
-27.387663 83.802742 -12
-25.908606 84.256407 -12
-24.429297 84.710332 -12
-22.935262 85.111959 -12
-21.441229 85.513833 -12
-19.933994 85.863161 -12
-18.427013 86.211980 -12
-16.908607 86.508252 -12
-15.390200 86.804518 -12
-13.862401 87.047475 -12
-12.334602 87.290172 -12
-10.799442 87.479311 -12
-9.264281 87.668444 -12
-7.723280 87.803753 -12
-6.182534 87.939069 -12
-4.637725 88.020307 -12
-3.093171 88.101550 -12
-1.546585 88.128456 -12
0.000000 88.155622 -12
1.546585 88.128456 -12
3.093171 88.101550 -12
4.637725 88.020307 -12
6.182534 87.939069 -12
7.723280 87.803753 -12
9.264281 87.668444 -12
10.799442 87.479311 -12
12.334602 87.290172 -12
13.862401 87.047475 -12
15.390200 86.804518 -12
16.908607 86.508252 -12
18.427013 86.211980 -12
19.933994 85.863161 -12
21.441229 85.513833 -12
22.935262 85.111959 -12
24.429297 84.710332 -12
25.908606 84.256407 -12
27.387663 83.802742 -12
28.850217 83.297286 -12
30.312770 82.791823 -12
31.756792 82.235593 -12
33.200813 81.679357 -12
34.624778 81.072606 -12
36.048488 80.466110 -12
37.450369 79.809849 -12
38.852247 79.153843 -12
40.230517 78.448847 -12
41.608529 77.744100 -12
42.961412 76.991367 -12
44.314294 76.238640 -12
45.640265 75.489211 -12
46.965981 74.651943 -12
-47.107389 72.095458 -12
-45.870779 72.898959 -12
-45.226199 73.294493 -12
-44.575780 73.680122 -12
-43.280781 74.461285 -12
-41.959635 75.196496 -12
-41.301599 75.569178 -12
-40.638233 75.931707 -12
-39.292205 76.620210 -12
-37.946178 77.308960 -12
-37.264025 77.634680 -12
-36.577051 77.949478 -12
-35.207920 78.590503 -12
-33.817214 79.183042 -12
-33.124143 79.484638 -12
-32.426505 79.775580 -12
-31.016247 80.318863 -12
-29.605739 80.862400 -12
-28.893628 81.114746 -12
-28.177457 81.356179 -12
-26.748921 81.849710 -12
-25.304392 82.292968 -12
-24.583650 82.520182 -12
-23.859609 82.736227 -12
-22.400355 83.128711 -12
-20.941102 83.521196 -12
-20.206397 83.697381 -12
-19.469155 83.862150 -12
-17.997207 84.203097 -12
-16.514344 84.492509 -12
-15.773801 84.642805 -12
-15.031227 84.781672 -12
-13.539223 85.019038 -12
-12.046966 85.256156 -12
-11.298045 85.354147 -12
-10.547601 85.440721 -12
-9.048236 85.625795 -12
-7.543285 85.757807 -12
-6.791318 85.829654 -12
-6.038335 85.890073 -12
-4.529576 85.969284 -12
-3.021071 86.048742 -12
-2.265804 86.067529 -12
-1.510536 86.075146 -12
0.000000 86.101295 -12
1.510536 86.075146 -12
2.265804 86.067529 -12
3.021071 86.048742 -12
4.529576 85.969284 -12
6.038335 85.890073 -12
6.791318 85.829654 -12
7.543285 85.757807 -12
9.048236 85.625795 -12
10.547601 85.440721 -12
11.298045 85.354147 -12
12.046966 85.256156 -12
13.539223 85.019038 -12
15.031227 84.781672 -12
15.773801 84.642805 -12
16.514344 84.492509 -12
17.997207 84.203097 -12
19.469155 83.862150 -12
20.206397 83.697381 -12
20.941102 83.521196 -12
22.400355 83.128711 -12
23.859609 82.736227 -12
24.583650 82.520182 -12
25.304392 82.292968 -12
26.748921 81.849710 -12
28.177457 81.356179 -12
28.893628 81.114746 -12
29.605739 80.862400 -12
31.016247 80.318863 -12
32.426505 79.775580 -12
33.124143 79.484638 -12
33.817214 79.183042 -12
35.207920 78.590503 -12
36.577051 77.949478 -12
37.264025 77.634680 -12
37.946178 77.308960 -12
39.292205 76.620210 -12
40.638233 75.931707 -12
41.301599 75.569178 -12
41.959635 75.196496 -12
43.280781 74.461285 -12
44.575780 73.680122 -12
45.226199 73.294493 -12
45.870779 72.898959 -12
47.107389 72.095458 -12
-49.664637 67.850213 -12
-47.856056 69.128712 -12
-46.012187 70.342728 -12
-44.146231 71.532112 -12
-42.247271 72.671237 -12
-40.315563 73.752726 -12
-38.353897 74.778879 -12
-36.374207 75.768978 -12
-34.367098 76.702210 -12
-32.333079 77.575017 -12
-30.275452 78.389439 -12
-28.203603 79.166289 -12
-26.110180 79.883978 -12
-23.996699 80.538459 -12
-21.865449 81.132522 -12
-19.724041 81.687482 -12
-17.567402 82.181515 -12
-15.397309 82.610562 -12
-13.215791 82.977659 -12
-11.028180 83.304897 -12
-8.832191 83.569943 -12
-6.629094 83.769229 -12
-4.421427 83.905561 -12
-2.211729 84.001525 -12
0.000000 84.034523 -12
2.211729 84.001525 -12
4.421427 83.905561 -12
6.629094 83.769229 -12
8.832191 83.569943 -12
11.028180 83.304897 -12
13.215791 82.977659 -12
15.397309 82.610562 -12
17.567402 82.181515 -12
19.724041 81.687482 -12
21.865449 81.132522 -12
23.996699 80.538459 -12
26.110180 79.883978 -12
28.203603 79.166289 -12
30.275452 78.389439 -12
32.333079 77.575017 -12
34.367098 76.702210 -12
36.374207 75.768978 -12
38.353897 74.778879 -12
40.315563 73.752726 -12
42.247271 72.671237 -12
44.146231 71.532112 -12
46.012187 70.342728 -12
47.856056 69.128712 -12
49.664637 67.850213 -12
-49.543539 65.365829 -12
-48.424472 66.143181 -12
-46.661081 67.389946 -12
-44.863164 68.586440 -12
-43.043920 69.749173 -12
-41.192433 70.860115 -12
-39.308708 71.914953 -12
-37.396294 72.915458 -12
-35.465854 73.880932 -12
-33.509014 74.791064 -12
-31.525769 75.642042 -12
-29.519676 76.436407 -12
-27.499364 77.193702 -12
-25.458238 77.893627 -12
-23.397309 78.531858 -12
-21.319625 79.110940 -12
-19.231532 79.652196 -12
-17.128713 80.134044 -12
-15.012693 80.552423 -12
-12.885758 80.910639 -12
-10.752983 81.229751 -12
-8.611576 81.487943 -12
-6.463570 81.682152 -12
-4.310993 81.815180 -12
-2.156385 81.908603 -12
0.000000 81.941100 -12
2.156385 81.908603 -12
4.310993 81.815180 -12
6.463570 81.682152 -12
8.611576 81.487943 -12
10.752983 81.229751 -12
12.885758 80.910639 -12
15.012693 80.552423 -12
17.128713 80.134044 -12
19.231532 79.652196 -12
21.319625 79.110940 -12
23.397309 78.531858 -12
25.458238 77.893627 -12
27.499364 77.193702 -12
29.519676 76.436407 -12
31.525769 75.642042 -12
33.509014 74.791064 -12
35.465854 73.880932 -12
37.396294 72.915458 -12
39.308708 71.914953 -12
41.192433 70.860115 -12
43.043920 69.749173 -12
44.863164 68.586440 -12
46.661081 67.389946 -12
48.424472 66.143181 -12
49.543539 65.365829 -12
-50.511044 61.871792 -12
-48.865955 63.241688 -12
-47.184310 64.435894 -12
-45.466109 65.651435 -12
-43.714141 66.816957 -12
-41.941608 67.950243 -12
-40.137345 69.032748 -12
-38.302106 70.060674 -12
-36.438438 71.035798 -12
-34.557501 71.976387 -12
-32.650672 72.863673 -12
-30.718456 73.692816 -12
-28.763646 74.466870 -12
-26.795125 75.205130 -12
-24.806296 75.887026 -12
-22.798173 76.508757 -12
-20.773547 77.073367 -12
-18.739020 77.600659 -12
-16.690022 78.070067 -12
-14.628333 78.477786 -12
-12.555725 78.826859 -12
-10.477532 79.137852 -12
-8.390962 79.389691 -12
-6.298045 79.578830 -12
-4.200559 79.708301 -12
-2.101295 79.799443 -12
0.000000 79.831177 -12
2.101295 79.799443 -12
4.200559 79.708301 -12
6.298045 79.578830 -12
8.390962 79.389691 -12
10.477532 79.137852 -12
12.555725 78.826859 -12
14.628333 78.477786 -12
16.690022 78.070067 -12
18.739020 77.600659 -12
20.773547 77.073367 -12
22.798173 76.508757 -12
24.806296 75.887026 -12
26.795125 75.205130 -12
28.763646 74.466870 -12
30.718456 73.692816 -12
32.650672 72.863673 -12
34.557501 71.976387 -12
36.438438 71.035798 -12
38.302106 70.060674 -12
40.137345 69.032748 -12
41.941608 67.950243 -12
43.714141 66.816957 -12
45.466109 65.651435 -12
47.184310 64.435894 -12
48.865955 63.241688 -12
50.511044 61.871792 -12
-51.221884 58.386649 -11
-49.161462 60.205382 -11
-47.560295 61.484390 -11
-45.923837 62.716931 -11
-44.251334 63.899975 -11
-42.546332 65.034526 -11
-40.821019 66.137850 -11
-39.064992 67.191417 -11
-37.278752 68.191929 -11
-35.464838 69.141152 -11
-33.634425 70.057122 -11
-31.778370 70.920286 -11
-29.897691 71.727598 -11
-27.995176 72.481087 -11
-26.079208 73.199799 -11
-24.143438 73.863162 -11
-22.189135 74.468649 -11
-20.218583 75.018278 -11
-18.238132 75.531606 -11
-16.244224 75.988574 -11
-14.237370 76.385379 -11
-12.220360 76.724802 -11
-10.197512 77.027669 -11
-8.166794 77.272659 -11
-6.129728 77.456715 -11
-4.088347 77.582889 -11
-2.045189 77.671744 -11
0.000000 77.702461 -11
2.045189 77.671744 -11
4.088347 77.582889 -11
6.129728 77.456715 -11
8.166794 77.272659 -11
10.197512 77.027669 -11
12.220360 76.724802 -11
14.237370 76.385379 -11
16.244224 75.988574 -11
18.238132 75.531606 -11
20.218583 75.018278 -11
22.189135 74.468649 -11
24.143438 73.863162 -11
26.079208 73.199799 -11
27.995176 72.481087 -11
29.897691 71.727598 -11
31.778370 70.920286 -11
33.634425 70.057122 -11
35.464838 69.141152 -11
37.278752 68.191929 -11
39.064992 67.191417 -11
40.821019 66.137850 -11
42.546332 65.034526 -11
44.251334 63.899975 -11
45.923837 62.716931 -11
47.560295 61.484390 -11
49.161462 60.205382 -11
51.221884 58.386649 -11
-50.844123 55.968014 -11
-49.346281 57.283826 -11
-47.811883 58.538972 -11
-46.254887 59.782942 -11
-44.663113 60.981723 -11
-43.036557 62.132518 -11
-41.378269 63.235849 -11
-39.700433 64.309213 -11
-37.992638 65.333841 -11
-36.255394 66.307187 -11
-34.491495 67.230514 -11
-32.711094 68.121352 -11
-30.906068 68.960901 -11
-29.076922 69.746384 -11
-27.226706 70.479054 -11
-25.363290 71.177963 -11
-23.480832 71.823556 -11
-21.580096 72.412289 -11
-19.663366 72.946938 -11
-17.737497 73.446307 -11
-15.798172 73.890583 -11
-13.846661 74.276720 -11
-11.884996 74.607007 -11
-9.917746 74.901495 -11
-7.942625 75.139629 -11
-5.961412 75.318864 -11
-3.976136 75.441480 -11
-1.989083 75.527800 -11
0.000000 75.557755 -11
1.989083 75.527800 -11
3.976136 75.441480 -11
5.961412 75.318864 -11
7.942625 75.139629 -11
9.917746 74.901495 -11
11.884996 74.607007 -11
13.846661 74.276720 -11
15.798172 73.890583 -11
17.737497 73.446307 -11
19.663366 72.946938 -11
21.580096 72.412289 -11
23.480832 71.823556 -11
25.363290 71.177963 -11
27.226706 70.479054 -11
29.076922 69.746384 -11
30.906068 68.960901 -11
32.711094 68.121352 -11
34.491495 67.230514 -11
36.255394 66.307187 -11
37.992638 65.333841 -11
39.700433 64.309213 -11
41.378269 63.235849 -11
43.036557 62.132518 -11
44.663113 60.981723 -11
46.254887 59.782942 -11
47.811883 58.538972 -11
49.346281 57.283826 -11
50.844123 55.968014 -11
-51.183549 52.517642 -11
-49.385378 54.348058 -11
-47.930439 55.626050 -11
-46.440214 56.862149 -11
-44.927645 58.070320 -11
-43.381824 59.235340 -11
-41.801979 60.353137 -11
-40.191165 61.425236 -11
-38.561311 62.467634 -11
-36.902767 63.463571 -11
-35.215283 64.408735 -11
-33.501904 65.305659 -11
-31.772532 66.171109 -11
-30.019293 66.986801 -11
-28.242701 67.749680 -11
-26.445543 68.461537 -11
-24.635695 69.140389 -11
-22.807058 69.767451 -11
-20.960904 70.339424 -11
-19.099264 70.858590 -11
-17.228739 71.343742 -11
-15.345011 71.775323 -11
-13.449353 72.150546 -11
-11.544047 72.471437 -11
-9.633156 72.757297 -11
-7.714649 72.988830 -11
-5.790556 73.162983 -11
-3.862148 73.282053 -11
-1.931962 73.365826 -11
0.000000 73.395025 -11
1.931962 73.365826 -11
3.862148 73.282053 -11
5.790556 73.162983 -11
7.714649 72.988830 -11
9.633156 72.757297 -11
11.544047 72.471437 -11
13.449353 72.150546 -11
15.345011 71.775323 -11
17.228739 71.343742 -11
19.099264 70.858590 -11
20.960904 70.339424 -11
22.807058 69.767451 -11
24.635695 69.140389 -11
26.445543 68.461537 -11
28.242701 67.749680 -11
30.019293 66.986801 -11
31.772532 66.171109 -11
33.501904 65.305659 -11
35.215283 64.408735 -11
36.902767 63.463571 -11
38.561311 62.467634 -11
40.191165 61.425236 -11
41.801979 60.353137 -11
43.381824 59.235340 -11
44.927645 58.070320 -11
46.440214 56.862149 -11
47.930439 55.626050 -11
49.385378 54.348058 -11
51.183549 52.517642 -11
-50.639250 50.142676 -11
-49.301345 51.358721 -11
-47.926884 52.727848 -11
-46.514851 53.968522 -11
-45.068545 55.168319 -11
-43.600661 56.340950 -11
-42.100278 57.471695 -11
-40.567148 58.556487 -11
-39.004062 59.597107 -11
-37.422441 60.609035 -11
-35.812644 61.575526 -11
-34.175172 62.493021 -11
-32.512314 63.363541 -11
-30.833969 64.203604 -11
-29.132776 64.995174 -11
-27.408479 65.735722 -11
-25.664381 66.426505 -11
-23.907844 67.085555 -11
-22.133537 67.694084 -11
-20.341711 68.249304 -11
-18.535161 68.753235 -11
-16.719727 69.223914 -11
-14.891851 69.643056 -11
-13.052044 70.007110 -11
-11.203097 70.318611 -11
-9.348565 70.596091 -11
-7.486926 70.820764 -11
-5.619447 70.989846 -11
-3.747906 71.105359 -11
-1.874841 71.186851 -11
0.000000 71.215027 -11
1.874841 71.186851 -11
3.747906 71.105359 -11
5.619447 70.989846 -11
7.486926 70.820764 -11
9.348565 70.596091 -11
11.203097 70.318611 -11
13.052044 70.007110 -11
14.891851 69.643056 -11
16.719727 69.223914 -11
18.535161 68.753235 -11
20.341711 68.249304 -11
22.133537 67.694084 -11
23.907844 67.085555 -11
25.664381 66.426505 -11
27.408479 65.735722 -11
29.132776 64.995174 -11
30.833969 64.203604 -11
32.512314 63.363541 -11
34.175172 62.493021 -11
35.812644 61.575526 -11
37.422441 60.609035 -11
39.004062 59.597107 -11
40.567148 58.556487 -11
42.100278 57.471695 -11
43.600661 56.340950 -11
45.068545 55.168319 -11
46.514851 53.968522 -11
47.926884 52.727848 -11
49.301345 51.358721 -11
50.639250 50.142676 -11
-50.729118 46.764663 -11
-49.072861 48.576290 -11
-47.776340 49.856816 -11
-46.444274 51.100024 -11
-45.076163 52.302614 -11
-43.674536 53.465347 -11
-42.252096 54.601930 -11
-40.798173 55.697891 -11
-39.312516 56.749432 -11
-37.797664 57.758063 -11
-36.265041 58.738765 -11
-34.705002 59.675555 -11
-33.118051 60.564862 -11
-31.506729 61.408730 -11
-29.880426 62.222644 -11
-28.231532 62.989843 -11
-26.560802 63.707538 -11
-24.870526 64.377255 -11
-23.168316 65.015739 -11
-21.448845 65.605737 -11
-19.712617 66.143689 -11
-17.961920 66.632137 -11
-16.202589 67.088350 -11
-14.431074 67.494544 -11
-12.648388 67.847169 -11
-10.856563 68.149020 -11
-9.059406 68.417872 -11
-7.255395 68.635696 -11
-5.445545 68.799442 -11
-3.632140 68.911651 -11
-1.816959 68.990354 -11
0.000000 69.017774 -11
1.816959 68.990354 -11
3.632140 68.911651 -11
5.445545 68.799442 -11
7.255395 68.635696 -11
9.059406 68.417872 -11
10.856563 68.149020 -11
12.648388 67.847169 -11
14.431074 67.494544 -11
16.202589 67.088350 -11
17.961920 66.632137 -11
19.712617 66.143689 -11
21.448845 65.605737 -11
23.168316 65.015739 -11
24.870526 64.377255 -11
26.560802 63.707538 -11
28.231532 62.989843 -11
29.880426 62.222644 -11
31.506729 61.408730 -11
33.118051 60.564862 -11
34.705002 59.675555 -11
36.265041 58.738765 -11
37.797664 57.758063 -11
39.312516 56.749432 -11
40.798173 55.697891 -11
42.252096 54.601930 -11
43.674536 53.465347 -11
45.076163 52.302614 -11
46.444274 51.100024 -11
47.776340 49.856816 -11
49.072861 48.576290 -11
50.729118 46.764663 -11
-49.935262 44.467630 -11
-48.739019 45.657526 -11
-48.335871 46.175425 -11
-47.506474 47.009900 -11
-46.677329 47.844376 -11
-46.251586 48.250062 -11
-44.961921 49.453668 -11
-43.637217 50.617922 -11
-43.191926 51.001522 -11
-42.280529 51.743842 -11
-41.369130 52.485908 -11
-40.903527 52.844378 -11
-39.496065 53.905562 -11
-38.057628 54.923837 -11
-37.574764 55.258184 -11
-36.591266 55.900480 -11
-35.607768 56.542522 -11
-35.107388 56.849964 -11
-33.597360 57.756792 -11
-32.060929 58.617922 -11
-31.546077 58.899722 -11
-30.501141 59.434879 -11
-29.456208 59.969788 -11
-28.926632 60.223152 -11
-27.330542 60.965980 -11
-25.713126 61.660829 -11
-25.171617 61.887027 -11
-24.076669 62.309218 -11
-22.981975 62.731404 -11
-22.429042 62.927392 -11
-20.764154 63.498603 -11
-19.083270 64.019548 -11
-18.521452 64.187359 -11
-17.388677 64.492514 -11
-16.255903 64.797159 -11
-15.685453 64.934248 -11
-13.970551 65.327494 -11
-12.244732 65.668950 -11
-11.668190 65.776846 -11
-10.510028 65.961157 -11
-9.351612 66.145468 -11
-8.770246 66.221629 -11
-7.023864 66.432598 -11
-5.271897 66.591013 -11
-4.687230 66.637982 -11
-3.516121 66.699671 -11
-2.345011 66.761106 -11
-1.758822 66.775833 -11
0.000000 66.802236 -11
1.758822 66.775833 -11
2.345011 66.761106 -11
3.516121 66.699671 -11
4.687230 66.637982 -11
5.271897 66.591013 -11
7.023864 66.432598 -11
8.770246 66.221629 -11
9.351612 66.145468 -11
10.510028 65.961157 -11
11.668190 65.776846 -11
12.244732 65.668950 -11
13.970551 65.327494 -11
15.685453 64.934248 -11
16.255903 64.797159 -11
17.388677 64.492514 -11
18.521452 64.187359 -11
19.083270 64.019548 -11
20.764154 63.498603 -11
22.429042 62.927392 -11
22.981975 62.731404 -11
24.076669 62.309218 -11
25.171617 61.887027 -11
25.713126 61.660829 -11
27.330542 60.965980 -11
28.926632 60.223152 -11
29.456208 59.969788 -11
30.501141 59.434879 -11
31.546077 58.899722 -11
32.060929 58.617922 -11
33.597360 57.756792 -11
35.107388 56.849964 -11
35.607768 56.542522 -11
36.591266 55.900480 -11
37.574764 55.258184 -11
38.057628 54.923837 -11
39.496065 53.905562 -11
40.903527 52.844378 -11
41.369130 52.485908 -11
42.280529 51.743842 -11
43.191926 51.001522 -11
43.637217 50.617922 -11
44.961921 49.453668 -11
46.251586 48.250062 -11
46.677329 47.844376 -11
47.506474 47.009900 -11
48.335871 46.175425 -11
48.739019 45.657526 -11
49.935262 44.467630 -11
-49.675551 41.290681 -11
-48.268851 42.967250 -11
-46.694086 44.614369 -11
-45.119574 46.250319 -11
-43.434883 47.781924 -11
-41.750446 49.302870 -11
-39.964203 50.712111 -11
-38.177963 52.110431 -11
-36.298554 53.390710 -11
-34.419397 54.659813 -11
-32.456206 55.804770 -11
-30.493273 56.938565 -11
-28.455699 57.942876 -11
-26.418380 58.936024 -11
-24.316578 59.794874 -11
-22.215029 60.642802 -11
-20.059152 61.351863 -11
-17.903276 62.050264 -11
-15.703732 62.606501 -11
-13.504189 63.152325 -11
-11.271896 63.552935 -11
-9.039604 63.943386 -11
-6.785224 64.186343 -11
-4.530845 64.419141 -11
-2.265296 64.503936 -11
0.000000 64.578065 -11
2.265296 64.503936 -11
4.530845 64.419141 -11
6.785224 64.186343 -11
9.039604 63.943386 -11
11.271896 63.552935 -11
13.504189 63.152325 -11
15.703732 62.606501 -11
17.903276 62.050264 -11
20.059152 61.351863 -11
22.215029 60.642802 -11
24.316578 59.794874 -11
26.418380 58.936024 -11
28.455699 57.942876 -11
30.493273 56.938565 -11
32.456206 55.804770 -11
34.419397 54.659813 -11
36.298554 53.390710 -11
38.177963 52.110431 -11
39.964203 50.712111 -11
41.750446 49.302870 -11
43.434883 47.781924 -11
45.119574 46.250319 -11
46.694086 44.614369 -11
48.268851 42.967250 -11
49.675551 41.290681 -11
-48.009138 39.790047 -11
-46.602438 41.466616 -11
-45.082001 43.052042 -11
-43.561818 44.636964 -11
-41.935262 46.111194 -11
-40.308962 47.584920 -11
-38.584411 48.940849 -11
-36.859864 50.296269 -11
-35.045442 51.527292 -11
-33.231022 52.758058 -11
-31.335620 53.858339 -11
-29.440468 54.958621 -11
-27.473472 55.923078 -11
-25.506220 56.887536 -11
-23.477025 57.711602 -11
-21.448084 58.535668 -11
-19.366590 59.215029 -11
-17.285097 59.894643 -11
-15.161715 60.426757 -11
-13.038081 60.958871 -11
-10.882712 61.340695 -11
-8.727596 61.722518 -11
-6.550901 61.952273 -11
-4.374460 62.182282 -11
-2.187103 62.258698 -11
0.000000 62.335616 -11
2.187103 62.258698 -11
4.374460 62.182282 -11
6.550901 61.952273 -11
8.727596 61.722518 -11
10.882712 61.340695 -11
13.038081 60.958871 -11
15.161715 60.426757 -11
17.285097 59.894643 -11
19.366590 59.215029 -11
21.448084 58.535668 -11
23.477025 57.711602 -11
25.506220 56.887536 -11
27.473472 55.923078 -11
29.440468 54.958621 -11
31.335620 53.858339 -11
33.231022 52.758058 -11
35.045442 51.527292 -11
36.859864 50.296269 -11
38.584411 48.940849 -11
40.308962 47.584920 -11
41.935262 46.111194 -11
43.561818 44.636964 -11
45.082001 43.052042 -11
46.602438 41.466616 -11
48.009138 39.790047 -11
-47.614116 36.703986 -11
-46.258695 38.332065 -11
-44.903021 39.959889 -11
-43.438183 41.487940 -11
-41.973342 43.015486 -11
-40.406448 44.436150 -11
-38.839299 45.856564 -11
-37.177457 47.163240 -11
-35.515866 48.469407 -11
-33.767707 49.655749 -11
-32.019294 50.841839 -11
-30.193198 51.902261 -11
-28.366844 52.962426 -11
-26.471693 53.892106 -11
-24.576288 54.821272 -11
-22.621223 55.615383 -11
-20.665906 56.409240 -11
-18.660321 57.064230 -11
-16.654988 57.719220 -11
-14.608784 58.231785 -11
-12.562579 58.744604 -11
-10.485910 59.112209 -11
-8.409241 59.480069 -11
-6.312008 59.701698 -11
-4.215029 59.923328 -11
-2.107388 59.997208 -11
0.000000 60.071083 -11
2.107388 59.997208 -11
4.215029 59.923328 -11
6.312008 59.701698 -11
8.409241 59.480069 -11
10.485910 59.112209 -11
12.562579 58.744604 -11
14.608784 58.231785 -11
16.654988 57.719220 -11
18.660321 57.064230 -11
20.665906 56.409240 -11
22.621223 55.615383 -11
24.576288 54.821272 -11
26.471693 53.892106 -11
28.366844 52.962426 -11
30.193198 51.902261 -11
32.019294 50.841839 -11
33.767707 49.655749 -11
35.515866 48.469407 -11
37.177457 47.163240 -11
38.839299 45.856564 -11
40.406448 44.436150 -11
41.973342 43.015486 -11
43.438183 41.487940 -11
44.903021 39.959889 -11
46.258695 38.332065 -11
47.614116 36.703986 -11
-47.004824 33.664383 -11
-45.812136 35.296013 -11
-44.507998 36.863164 -11
-43.203860 38.429805 -11
-41.794365 39.900481 -11
-40.385124 41.370652 -11
-38.877380 42.738003 -11
-37.369383 44.104850 -11
-35.770754 45.362527 -11
-34.171872 46.619446 -11
-32.489719 47.761359 -11
-30.807820 48.902768 -11
-29.050522 49.923330 -11
-27.293475 50.943642 -11
-25.469916 51.838031 -11
-23.646357 52.732416 -11
-21.765169 53.496572 -11
-19.883980 54.260728 -11
-17.954302 54.890833 -11
-16.024626 55.521198 -11
-14.055851 56.014468 -11
-12.087332 56.507745 -11
-10.089109 56.861895 -11
-8.091140 57.215790 -11
-6.073115 57.429040 -11
-4.055344 57.642042 -11
-2.027672 57.713381 -11
0.000000 57.784460 -11
2.027672 57.713381 -11
4.055344 57.642042 -11
6.073115 57.429040 -11
8.091140 57.215790 -11
10.089109 56.861895 -11
12.087332 56.507745 -11
14.055851 56.014468 -11
16.024626 55.521198 -11
17.954302 54.890833 -11
19.883980 54.260728 -11
21.765169 53.496572 -11
23.646357 52.732416 -11
25.469916 51.838031 -11
27.293475 50.943642 -11
29.050522 49.923330 -11
30.807820 48.902768 -11
32.489719 47.761359 -11
34.171872 46.619446 -11
35.770754 45.362527 -11
37.369383 44.104850 -11
38.877380 42.738003 -11
40.385124 41.370652 -11
41.794365 39.900481 -11
43.203860 38.429805 -11
44.507998 36.863164 -11
45.812136 35.296013 -11
47.004824 33.664383 -11
-45.128205 32.300837 -11
-43.983244 33.890834 -11
-42.731151 35.396040 -11
-41.478801 36.900483 -11
-40.125668 38.312770 -11
-38.772531 39.725058 -11
-37.324955 41.037826 -11
-35.877379 42.350598 -11
-34.342473 43.558010 -11
-32.807566 44.765170 -11
-31.192436 45.861640 -11
-29.577559 46.957604 -11
-27.890581 47.937548 -11
-26.203860 48.917237 -11
-24.452907 49.776087 -11
-22.702208 50.634679 -11
-20.896166 51.368622 -11
-19.089871 52.102058 -11
-17.237369 52.707283 -11
-15.384870 53.312261 -11
-13.494796 53.785729 -11
-11.604722 54.259457 -11
-9.686215 54.599643 -11
-7.767962 54.939326 -11
-5.830668 55.143948 -11
-3.893374 55.348564 -11
-1.946687 55.416860 -11
0.000000 55.485404 -11
1.946687 55.416860 -11
3.893374 55.348564 -11
5.830668 55.143948 -11
7.767962 54.939326 -11
9.686215 54.599643 -11
11.604722 54.259457 -11
13.494796 53.785729 -11
15.384870 53.312261 -11
17.237369 52.707283 -11
19.089871 52.102058 -11
20.896166 51.368622 -11
22.702208 50.634679 -11
24.452907 49.776087 -11
26.203860 48.917237 -11
27.890581 47.937548 -11
29.577559 46.957604 -11
31.192436 45.861640 -11
32.807566 44.765170 -11
34.342473 43.558010 -11
35.877379 42.350598 -11
37.324955 41.037826 -11
38.772531 39.725058 -11
40.125668 38.312770 -11
41.478801 36.900483 -11
42.731151 35.396040 -11
43.983244 33.890834 -11
45.128205 32.300837 -11
-44.348820 29.412289 -10
-43.251334 30.937294 -10
-42.154099 32.461793 -10
-40.954051 33.905053 -10
-39.753999 35.347295 -10
-38.456967 36.701448 -10
-37.160193 38.055344 -10
-35.772784 39.313784 -10
-34.385376 40.572481 -10
-32.914191 41.729880 -10
-31.443007 42.887280 -10
-29.895404 43.938309 -10
-28.347550 44.989083 -10
-26.730898 45.928408 -10
-25.113988 46.867733 -10
-23.436152 47.691040 -10
-21.758060 48.514343 -10
-20.027164 49.217569 -10
-18.296014 49.920792 -10
-16.520436 50.501142 -10
-14.745113 51.080984 -10
-12.933486 51.534906 -10
-11.122112 51.989083 -10
-9.283574 52.315053 -10
-7.445037 52.640772 -10
-5.588220 52.837014 -10
-3.731658 53.033003 -10
-1.865702 53.098503 -10
0.000000 53.164252 -10
1.865702 53.098503 -10
3.731658 53.033003 -10
5.588220 52.837014 -10
7.445037 52.640772 -10
9.283574 52.315053 -10
11.122112 51.989083 -10
12.933486 51.534906 -10
14.745113 51.080984 -10
16.520436 50.501142 -10
18.296014 49.920792 -10
20.027164 49.217569 -10
21.758060 48.514343 -10
23.436152 47.691040 -10
25.113988 46.867733 -10
26.730898 45.928408 -10
28.347550 44.989083 -10
29.895404 43.938309 -10
31.443007 42.887280 -10
32.914191 41.729880 -10
34.385376 40.572481 -10
35.772784 39.313784 -10
37.160193 38.055344 -10
38.456967 36.701448 -10
39.753999 35.347295 -10
40.954051 33.905053 -10
42.154099 32.461793 -10
43.251334 30.937294 -10
44.348820 29.412289 -10
-43.298554 26.677836 -10
-42.396293 28.121603 -10
-41.347297 29.580602 -10
-40.298298 31.038588 -10
-39.151054 32.418633 -10
-38.003807 33.798171 -10
-36.764154 35.092915 -10
-35.524246 36.387409 -10
-34.198021 37.591012 -10
-32.871794 38.794364 -10
-31.465348 39.900989 -10
-30.058899 41.007617 -10
-28.579335 42.012440 -10
-27.099771 43.017011 -10
-25.553948 43.915206 -10
-24.008378 44.813152 -10
-22.404418 45.600154 -10
-20.800203 46.387156 -10
-19.145469 47.059661 -10
-17.490734 47.731913 -10
-15.793348 48.286621 -10
-14.095963 48.841076 -10
-12.364052 49.275196 -10
-10.632394 49.709318 -10
-8.874841 50.020562 -10
-7.117289 50.332063 -10
-5.342219 50.519674 -10
-3.567403 50.707286 -10
-1.783702 50.769737 -10
0.000000 50.832446 -10
1.783702 50.769737 -10
3.567403 50.707286 -10
5.342219 50.519674 -10
7.117289 50.332063 -10
8.874841 50.020562 -10
10.632394 49.709318 -10
12.364052 49.275196 -10
14.095963 48.841076 -10
15.793348 48.286621 -10
17.490734 47.731913 -10
19.145469 47.059661 -10
20.800203 46.387156 -10
22.404418 45.600154 -10
24.008378 44.813152 -10
25.553948 43.915206 -10
27.099771 43.017011 -10
28.579335 42.012440 -10
30.058899 41.007617 -10
31.465348 39.900989 -10
32.871794 38.794364 -10
34.198021 37.591012 -10
35.524246 36.387409 -10
36.764154 35.092915 -10
38.003807 33.798171 -10
39.151054 32.418633 -10
40.298298 31.038588 -10
41.347297 29.580602 -10
42.396293 28.121603 -10
43.298554 26.677836 -10
-41.346281 25.361005 -10
-40.444020 26.804772 -10
-39.443261 28.197260 -10
-38.442498 29.588728 -10
-37.348312 30.905814 -10
-36.253873 32.222391 -10
-35.071083 33.457985 -10
-33.888550 34.693322 -10
-32.623255 35.842091 -10
-31.357957 36.990354 -10
-30.016247 38.046459 -10
-28.674791 39.102564 -10
-27.263265 40.061437 -10
-25.851739 41.019802 -10
-24.377252 41.876873 -10
-22.902768 42.733689 -10
-21.372683 43.484640 -10
-19.842346 44.235845 -10
-18.263772 44.877379 -10
-16.685199 45.519167 -10
-15.066007 46.048235 -10
-13.446813 46.577305 -10
-11.794872 46.991622 -10
-10.142930 47.405688 -10
-8.466108 47.702971 -10
-6.789541 47.999999 -10
-5.096217 48.178980 -10
-3.403148 48.357958 -10
-1.701447 48.417620 -10
0.000000 48.477533 -10
1.701447 48.417620 -10
3.403148 48.357958 -10
5.096217 48.178980 -10
6.789541 47.999999 -10
8.466108 47.702971 -10
10.142930 47.405688 -10
11.794872 46.991622 -10
13.446813 46.577305 -10
15.066007 46.048235 -10
16.685199 45.519167 -10
18.263772 44.877379 -10
19.842346 44.235845 -10
21.372683 43.484640 -10
22.902768 42.733689 -10
24.377252 41.876873 -10
25.851739 41.019802 -10
27.263265 40.061437 -10
28.674791 39.102564 -10
30.016247 38.046459 -10
31.357957 36.990354 -10
32.623255 35.842091 -10
33.888550 34.693322 -10
35.071083 33.457985 -10
36.253873 32.222391 -10
37.348312 30.905814 -10
38.442498 29.588728 -10
39.443261 28.197260 -10
40.444020 26.804772 -10
41.346281 25.361005 -10
-40.180756 22.718965 -10
-39.322672 24.109420 -10
-38.464585 25.499112 -10
-37.512821 26.824066 -10
-36.561056 28.148261 -10
-35.520437 29.401371 -10
-34.479564 30.653718 -10
-33.354658 31.829399 -10
-32.230009 33.004317 -10
-31.026657 34.096978 -10
-29.823305 35.189388 -10
-28.547347 36.193956 -10
-27.271388 37.198273 -10
-25.928917 38.110435 -10
-24.586444 39.022086 -10
-23.184310 39.837267 -10
-21.781924 40.652197 -10
-20.326732 41.366338 -10
-18.871288 42.080733 -10
-17.369891 42.690784 -10
-15.868749 43.301092 -10
-14.328763 43.804264 -10
-12.788779 44.307439 -10
-11.217568 44.701448 -10
-9.646357 45.095203 -10
-8.051790 45.378016 -10
-6.457223 45.660572 -10
-4.846915 45.830922 -10
-3.236354 46.001015 -10
-1.618177 46.057882 -10
0.000000 46.114749 -10
1.618177 46.057882 -10
3.236354 46.001015 -10
4.846915 45.830922 -10
6.457223 45.660572 -10
8.051790 45.378016 -10
9.646357 45.095203 -10
11.217568 44.701448 -10
12.788779 44.307439 -10
14.328763 43.804264 -10
15.868749 43.301092 -10
17.369891 42.690784 -10
18.871288 42.080733 -10
20.326732 41.366338 -10
21.781924 40.652197 -10
23.184310 39.837267 -10
24.586444 39.022086 -10
25.928917 38.110435 -10
27.271388 37.198273 -10
28.547347 36.193956 -10
29.823305 35.189388 -10
31.026657 34.096978 -10
32.230009 33.004317 -10
33.354658 31.829399 -10
34.479564 30.653718 -10
35.520437 29.401371 -10
36.561056 28.148261 -10
37.512821 26.824066 -10
38.464585 25.499112 -10
39.322672 24.109420 -10
40.180756 22.718965 -10
-38.834223 20.182788 -10
-38.113227 21.525260 -10
-37.299314 22.845138 -10
-36.485403 24.164003 -10
-35.582635 25.421426 -10
-34.679869 26.678090 -10
-33.692562 27.867481 -10
-32.705255 29.056106 -10
-31.638233 30.171616 -10
-30.571464 31.286875 -10
-29.430058 32.323686 -10
-28.288653 33.360496 -10
-27.078192 34.313531 -10
-25.867987 35.266566 -10
-24.594568 36.132013 -10
-23.321401 36.997206 -10
-21.991114 37.770755 -10
-20.661082 38.543793 -10
-19.280529 39.221628 -10
-17.900229 39.899467 -10
-16.476009 40.478547 -10
-15.052044 41.057375 -10
-13.591266 41.534906 -10
-12.130490 42.012440 -10
-10.640264 42.386138 -10
-9.150038 42.759839 -10
-7.637471 43.028180 -10
-6.124905 43.296270 -10
-4.597360 43.457986 -10
-3.069815 43.619194 -10
-1.534907 43.673014 -10
0.000000 43.727089 -10
1.534907 43.673014 -10
3.069815 43.619194 -10
4.597360 43.457986 -10
6.124905 43.296270 -10
7.637471 43.028180 -10
9.150038 42.759839 -10
10.640264 42.386138 -10
12.130490 42.012440 -10
13.591266 41.534906 -10
15.052044 41.057375 -10
16.476009 40.478547 -10
17.900229 39.899467 -10
19.280529 39.221628 -10
20.661082 38.543793 -10
21.991114 37.770755 -10
23.321401 36.997206 -10
24.594568 36.132013 -10
25.867987 35.266566 -10
27.078192 34.313531 -10
28.288653 33.360496 -10
29.430058 32.323686 -10
30.571464 31.286875 -10
31.638233 30.171616 -10
32.705255 29.056106 -10
33.692562 27.867481 -10
34.679869 26.678090 -10
35.582635 25.421426 -10
36.485403 24.164003 -10
37.299314 22.845138 -10
38.113227 21.525260 -10
38.834223 20.182788 -10
-36.700178 19.048237 -10
-36.018787 20.349075 -10
-35.249555 21.597613 -10
-34.480326 22.844630 -10
-33.627061 24.033767 -10
-32.774054 25.221629 -10
-31.841076 26.346027 -10
-30.908098 27.469663 -10
-29.899721 28.524246 -10
-28.891344 29.578319 -10
-27.812644 30.558008 -10
-26.733944 31.537955 -10
-25.590251 32.438690 -10
-24.446560 33.339426 -10
-23.243209 34.157399 -10
-22.039858 34.974868 -10
-20.782686 35.705762 -10
-19.525768 36.436659 -10
-18.221122 37.077176 -10
-16.916477 37.717694 -10
-15.570704 38.264788 -10
-14.224930 38.811882 -10
-12.844377 39.263264 -10
-11.464077 39.714394 -10
-10.055598 40.067530 -10
-8.647118 40.420666 -10
-7.217822 40.674284 -10
-5.788271 40.927647 -10
-4.344758 41.080224 -10
-2.901244 41.232801 -10
-1.450622 41.283829 -10
0.000000 41.334604 -10
1.450622 41.283829 -10
2.901244 41.232801 -10
4.344758 41.080224 -10
5.788271 40.927647 -10
7.217822 40.674284 -10
8.647118 40.420666 -10
10.055598 40.067530 -10
11.464077 39.714394 -10
12.844377 39.263264 -10
14.224930 38.811882 -10
15.570704 38.264788 -10
16.916477 37.717694 -10
18.221122 37.077176 -10
19.525768 36.436659 -10
20.782686 35.705762 -10
22.039858 34.974868 -10
23.243209 34.157399 -10
24.446560 33.339426 -10
25.590251 32.438690 -10
26.733944 31.537955 -10
27.812644 30.558008 -10
28.891344 29.578319 -10
29.899721 28.524246 -10
30.908098 27.469663 -10
31.841076 26.346027 -10
32.774054 25.221629 -10
33.627061 24.033767 -10
34.480326 22.844630 -10
35.249555 21.597613 -10
36.018787 20.349075 -10
36.700178 19.048237 -10
-35.207920 16.686215 -10
-34.566135 17.913429 -10
-33.924347 19.139884 -10
-33.199797 20.316832 -10
-32.475246 21.492259 -10
-31.671745 22.613099 -10
-30.868241 23.732926 -10
-29.989592 24.792589 -10
-29.110689 25.851486 -10
-28.160955 26.845140 -10
-27.211475 27.838539 -10
-26.195480 28.761870 -10
-25.179487 29.685201 -10
-24.102311 30.534145 -10
-23.024880 31.382839 -10
-21.891597 32.153847 -10
-20.758314 32.924093 -10
-19.574258 33.612592 -10
-18.390201 34.301346 -10
-17.161462 34.904799 -10
-15.932725 35.508252 -10
-14.665397 36.023863 -10
-13.397816 36.539478 -10
-12.097486 36.964459 -10
-10.797410 37.389694 -10
-9.470932 37.722265 -10
-8.144453 38.055090 -10
-6.798172 38.293984 -10
-5.451638 38.532624 -10
-4.092155 38.676567 -10
-2.732419 38.820259 -10
-1.366337 38.868241 -10
0.000000 38.916223 -10
1.366337 38.868241 -10
2.732419 38.820259 -10
4.092155 38.676567 -10
5.451638 38.532624 -10
6.798172 38.293984 -10
8.144453 38.055090 -10
9.470932 37.722265 -10
10.797410 37.389694 -10
12.097486 36.964459 -10
13.397816 36.539478 -10
14.665397 36.023863 -10
15.932725 35.508252 -10
17.161462 34.904799 -10
18.390201 34.301346 -10
19.574258 33.612592 -10
20.758314 32.924093 -10
21.891597 32.153847 -10
23.024880 31.382839 -10
24.102311 30.534145 -10
25.179487 29.685201 -10
26.195480 28.761870 -10
27.211475 27.838539 -10
28.160955 26.845140 -10
29.110689 25.851486 -10
29.989592 24.792589 -10
30.868241 23.732926 -10
31.671745 22.613099 -10
32.475246 21.492259 -10
33.199797 20.316832 -10
33.924347 19.139884 -10
34.566135 17.913429 -10
35.207920 16.686215 -10
-33.008122 15.650926 -10
-32.406448 16.802996 -10
-31.804774 17.953797 -10
-31.125413 19.057630 -10
-30.446307 20.160447 -10
-29.693069 21.211475 -10
-28.939580 22.261742 -10
-28.115765 23.255396 -10
-27.291953 24.248287 -10
-26.401624 25.180248 -10
-25.511298 26.111450 -10
-24.558771 26.977152 -10
-23.606245 27.842853 -10
-22.596344 28.638743 -10
-21.586443 29.434375 -10
-20.523737 30.156639 -10
-19.461285 30.878902 -10
-18.351358 31.524753 -10
-17.241432 32.170092 -10
-16.089363 32.735719 -10
-14.937294 33.301345 -10
-13.748921 33.784718 -10
-12.560549 34.267833 -10
-11.341711 34.666667 -10
-10.122874 35.064990 -10
-8.879157 35.376999 -10
-7.635441 35.688754 -10
-6.373445 35.912668 -10
-5.111196 36.136584 -10
-3.836507 36.271388 -10
-2.561818 36.406195 -10
-1.280782 36.451128 -10
0.000000 36.496318 -10
1.280782 36.451128 -10
2.561818 36.406195 -10
3.836507 36.271388 -10
5.111196 36.136584 -10
6.373445 35.912668 -10
7.635441 35.688754 -10
8.879157 35.376999 -10
10.122874 35.064990 -10
11.341711 34.666667 -10
12.560549 34.267833 -10
13.748921 33.784718 -10
14.937294 33.301345 -10
16.089363 32.735719 -10
17.241432 32.170092 -10
18.351358 31.524753 -10
19.461285 30.878902 -10
20.523737 30.156639 -10
21.586443 29.434375 -10
22.596344 28.638743 -10
23.606245 27.842853 -10
24.558771 26.977152 -10
25.511298 26.111450 -10
26.401624 25.180248 -10
27.291953 24.248287 -10
28.115765 23.255396 -10
28.939580 22.261742 -10
29.693069 21.211475 -10
30.446307 20.160447 -10
31.125413 19.057630 -10
31.804774 17.953797 -10
32.406448 16.802996 -10
33.008122 15.650926 -10
-31.294998 13.502411 -10
-30.808328 14.577811 -10
-30.246764 15.654735 -10
-29.685201 16.730135 -10
-29.051281 17.761615 -10
-28.417364 18.792078 -10
-27.714142 19.773801 -10
-27.011170 20.755015 -10
-26.242195 21.683168 -10
-25.473217 22.610561 -10
-24.642042 23.481088 -10
-23.811119 24.350852 -10
-22.922062 25.159686 -10
-22.033258 25.968012 -10
-21.090378 26.711349 -10
-20.147753 27.454431 -10
-19.156131 28.128967 -10
-18.164255 28.803505 -10
-17.128205 29.406447 -10
-16.092409 30.009138 -10
-15.017010 30.537192 -10
-13.941863 31.065500 -10
-12.832699 31.516881 -10
-11.723534 31.968011 -10
-10.585936 32.340442 -10
-9.448083 32.712365 -10
-8.287383 33.003809 -10
-7.126682 33.294998 -10
-5.948718 33.503934 -10
-4.770500 33.712870 -10
-3.580858 33.838792 -10
-2.390962 33.964712 -10
-1.195481 34.006601 -10
0.000000 34.048742 -10
1.195481 34.006601 -10
2.390962 33.964712 -10
3.580858 33.838792 -10
4.770500 33.712870 -10
5.948718 33.503934 -10
7.126682 33.294998 -10
8.287383 33.003809 -10
9.448083 32.712365 -10
10.585936 32.340442 -10
11.723534 31.968011 -10
12.832699 31.516881 -10
13.941863 31.065500 -10
15.017010 30.537192 -10
16.092409 30.009138 -10
17.128205 29.406447 -10
18.164255 28.803505 -10
19.156131 28.128967 -10
20.147753 27.454431 -10
21.090378 26.711349 -10
22.033258 25.968012 -10
22.922062 25.159686 -10
23.811119 24.350852 -10
24.642042 23.481088 -10
25.473217 22.610561 -10
26.242195 21.683168 -10
27.011170 20.755015 -10
27.714142 19.773801 -10
28.417364 18.792078 -10
29.051281 17.761615 -10
29.685201 16.730135 -10
30.246764 15.654735 -10
30.808328 14.577811 -10
31.294998 13.502411 -10
-29.512567 11.468138 -10
-29.060928 12.507744 -10
-28.609039 13.545063 -10
-28.087586 14.546331 -10
-27.565878 15.545569 -10
-26.977406 16.503934 -10
-26.388676 17.461286 -10
-25.735719 18.373445 -10
-25.082762 19.284590 -10
-24.368622 20.146740 -10
-23.654735 21.007870 -10
-22.882965 21.815945 -10
-22.111196 22.623763 -10
-21.285860 23.374714 -10
-20.460269 24.125414 -10
-19.584920 24.815689 -10
-18.709570 25.505459 -10
-17.788525 26.131761 -10
-16.867478 26.758060 -10
-15.905560 27.317848 -10
-14.943387 27.877379 -10
-13.945163 28.367861 -10
-12.946687 28.858339 -10
-11.916730 29.277481 -10
-10.886773 29.696369 -10
-9.830160 30.041888 -10
-8.773546 30.387407 -10
-7.695862 30.658035 -10
-6.617923 30.928155 -10
-5.523991 31.122367 -10
-4.430058 31.316325 -10
-3.325209 31.433105 -10
-2.220360 31.550140 -10
-1.110180 31.588983 -10
0.000000 31.628077 -10
1.110180 31.588983 -10
2.220360 31.550140 -10
3.325209 31.433105 -10
4.430058 31.316325 -10
5.523991 31.122367 -10
6.617923 30.928155 -10
7.695862 30.658035 -10
8.773546 30.387407 -10
9.830160 30.041888 -10
10.886773 29.696369 -10
11.916730 29.277481 -10
12.946687 28.858339 -10
13.945163 28.367861 -10
14.943387 27.877379 -10
15.905560 27.317848 -10
16.867478 26.758060 -10
17.788525 26.131761 -10
18.709570 25.505459 -10
19.584920 24.815689 -10
20.460269 24.125414 -10
21.285860 23.374714 -10
22.111196 22.623763 -10
22.882965 21.815945 -10
23.654735 21.007870 -10
24.368622 20.146740 -10
25.082762 19.284590 -10
25.735719 18.373445 -10
26.388676 17.461286 -10
26.977406 16.503934 -10
27.565878 15.545569 -10
28.087586 14.546331 -10
28.609039 13.545063 -10
29.060928 12.507744 -10
29.512567 11.468138 -10
-27.243717 10.551408 -10
-26.409495 12.472709 -10
-25.446813 14.322164 -10
-24.359989 16.092918 -10
-23.154354 17.778117 -10
-21.835999 19.370653 -10
-20.411272 20.863673 -10
-18.887280 22.250824 -10
-17.271135 23.525769 -10
-15.570704 24.682915 -10
-13.794618 25.716933 -10
-11.951257 26.623002 -10
-10.049758 27.397056 -10
-8.099264 28.035036 -10
-6.109165 28.534653 -10
-4.089363 28.893374 -10
-2.049759 29.108910 -10
0.000000 29.181009 -10
2.049759 29.108910 -10
4.089363 28.893374 -10
6.109165 28.534653 -10
8.099264 28.035036 -10
10.049758 27.397056 -10
11.951257 26.623002 -10
13.794618 25.716933 -10
15.570704 24.682915 -10
17.271135 23.525769 -10
18.887280 22.250824 -10
20.411272 20.863673 -10
21.835999 19.370653 -10
23.154354 17.778117 -10
24.359989 16.092918 -10
25.446813 14.322164 -10
26.409495 12.472709 -10
27.243717 10.551408 -10
-24.923839 9.669204 -10
-24.160701 11.429044 -10
-23.223153 13.095963 -10
-22.285606 14.741814 -10
-21.130997 16.249049 -10
-19.976644 17.739528 -10
-18.627824 19.063469 -10
-17.279005 20.373699 -10
-15.761868 21.491497 -10
-14.244986 22.597613 -10
-12.589236 23.489973 -10
-10.933486 24.371668 -10
-9.171617 25.022341 -10
-7.409494 25.663112 -10
-5.575273 26.060168 -10
-3.741051 26.447830 -10
-1.870526 26.583905 -10
0.000000 26.710841 -10
1.870526 26.583905 -10
3.741051 26.447830 -10
5.575273 26.060168 -10
7.409494 25.663112 -10
9.171617 25.022341 -10
10.933486 24.371668 -10
12.589236 23.489973 -10
14.244986 22.597613 -10
15.761868 21.491497 -10
17.279005 20.373699 -10
18.627824 19.063469 -10
19.976644 17.739528 -10
21.130997 16.249049 -10
22.285606 14.741814 -10
23.223153 13.095963 -10
24.160701 11.429044 -10
24.923839 9.669204 -10
-22.603960 8.731659 -10
-21.911906 10.332063 -10
-21.061437 11.840314 -10
-20.211221 13.342474 -10
-19.164255 14.705509 -10
-18.117289 16.065246 -10
-16.893882 17.261997 -10
-15.670729 18.456715 -10
-14.294745 19.466617 -10
-12.919015 20.475756 -10
-11.417365 21.280782 -10
-9.915968 22.085808 -10
-8.317848 22.671999 -10
-6.719726 23.257679 -10
-5.056359 23.613862 -10
-3.392993 23.970045 -10
-1.696370 24.089363 -10
0.000000 24.208684 -10
1.696370 24.089363 -10
3.392993 23.970045 -10
5.056359 23.613862 -10
6.719726 23.257679 -10
8.317848 22.671999 -10
9.915968 22.085808 -10
11.417365 21.280782 -10
12.919015 20.475756 -10
14.294745 19.466617 -10
15.670729 18.456715 -10
16.893882 17.261997 -10
18.117289 16.065246 -10
19.164255 14.705509 -10
20.211221 13.342474 -10
21.061437 11.840314 -10
21.911906 10.332063 -10
22.603960 8.731659 -10
-20.265296 7.846409 -10
-19.644834 9.282305 -10
-18.882458 10.634425 -10
-18.120081 11.980706 -10
-17.181519 13.202082 -10
-16.242701 14.420412 -10
-15.145976 15.492511 -10
-14.049252 16.563088 -10
-12.815689 17.468141 -10
-11.582382 18.372177 -10
-10.236101 19.093678 -10
-8.890073 19.814928 -10
-7.457222 20.340190 -10
-6.024625 20.865194 -10
-4.533130 21.184058 -10
-3.041889 21.503174 -10
-1.520944 21.610307 -10
0.000000 21.717189 -10
1.520944 21.610307 -10
3.041889 21.503174 -10
4.533130 21.184058 -10
6.024625 20.865194 -10
7.457222 20.340190 -10
8.890073 19.814928 -10
10.236101 19.093678 -10
11.582382 18.372177 -10
12.815689 17.468141 -10
14.049252 16.563088 -10
15.145976 15.492511 -10
16.242701 14.420412 -10
17.181519 13.202082 -10
18.120081 11.980706 -10
18.882458 10.634425 -10
19.644834 9.282305 -10
20.265296 7.846409 -10
-17.926631 6.901496 -10
-17.377761 8.176442 -10
-16.703224 9.376239 -10
-16.028941 10.570194 -10
-15.198527 11.652957 -10
-14.368367 12.732673 -10
-13.398071 13.682409 -10
-12.428028 14.630872 -10
-11.336887 15.432343 -10
-10.245747 16.233055 -10
-9.054837 16.872048 -10
-7.863925 17.510535 -10
-6.596598 17.975630 -10
-5.329271 18.440467 -10
-4.010155 18.723026 -10
-2.690784 19.005331 -10
-1.345519 19.100279 -10
0.000000 19.194721 -10
1.345519 19.100279 -10
2.690784 19.005331 -10
4.010155 18.723026 -10
5.329271 18.440467 -10
6.596598 17.975630 -10
7.863925 17.510535 -10
9.054837 16.872048 -10
10.245747 16.233055 -10
11.336887 15.432343 -10
12.428028 14.630872 -10
13.398071 13.682409 -10
14.368367 12.732673 -10
15.198527 11.652957 -10
16.028941 10.570194 -10
16.703224 9.376239 -10
17.377761 8.176442 -10
17.926631 6.901496 -10
-15.621224 6.033257 -10
-15.142675 7.143945 -10
-14.555217 8.188627 -10
-13.967504 9.228230 -10
-13.243970 10.170601 -10
-12.520436 11.110688 -10
-11.675045 11.937800 -10
-10.829652 12.763391 -10
-9.878903 13.461284 -10
-8.928154 14.158418 -10
-7.890327 14.714902 -10
-6.852754 15.270881 -10
-5.748413 15.676059 -10
-4.643818 16.080732 -10
-3.494288 16.326732 -10
-2.344758 16.572735 -10
-1.172379 16.655244 -10
0.000000 16.737752 -10
1.172379 16.655244 -10
2.344758 16.572735 -10
3.494288 16.326732 -10
4.643818 16.080732 -10
5.748413 15.676059 -10
6.852754 15.270881 -10
7.890327 14.714902 -10
8.928154 14.158418 -10
9.878903 13.461284 -10
10.829652 12.763391 -10
11.675045 11.937800 -10
12.520436 11.110688 -10
13.243970 10.170601 -10
13.967504 9.228230 -10
14.555217 8.188627 -10
15.142675 7.143945 -10
15.621224 6.033257 -10
-12.907845 6.054074 -10
-11.906068 7.838029 -10
-10.672506 9.447067 -10
-9.231277 10.858846 -10
-7.610307 12.049758 -10
-5.841330 12.999493 -10
-3.958619 13.690531 -10
-1.998731 14.110436 -10
0.000000 14.251332 -10
1.998731 14.110436 -10
3.958619 13.690531 -10
5.841330 12.999493 -10
7.610307 12.049758 -10
9.231277 10.858846 -10
10.672506 9.447067 -10
11.906068 7.838029 -10
12.907845 6.054074 -10
-10.597868 5.000761 -10
-9.680122 6.401879 -10
-8.762630 7.778370 -10
-7.505459 8.850977 -10
-6.248286 9.911145 -10
-4.749175 10.588221 -10
-3.250064 11.256410 -10
-1.625032 11.490225 -10
0.000000 11.715917 -10
1.625032 11.490225 -10
3.250064 11.256410 -10
4.749175 10.588221 -10
6.248286 9.911145 -10
7.505459 8.850977 -10
8.762630 7.778370 -10
9.680122 6.401879 -10
10.597868 5.000761 -10
-8.287637 3.874079 -10
-7.569941 4.971819 -10
-6.852501 6.058390 -10
-5.869256 6.896420 -10
-4.886266 7.731404 -10
-3.713887 8.258950 -10
-2.541508 8.785733 -10
-1.270881 8.965727 -10
0.000000 9.145721 -10
1.270881 8.965727 -10
2.541508 8.785733 -10
3.713887 8.258950 -10
4.886266 7.731404 -10
5.869256 6.896420 -10
6.852501 6.058390 -10
7.569941 4.971819 -10
8.287637 3.874079 -10
-5.638995 3.304647 -10
-4.921554 4.368623 -10
-4.215537 4.968519 -10
-3.509520 5.566641 -10
-2.667428 5.944656 -10
-1.825336 6.322417 -10
-0.912668 6.451383 -10
0.000000 6.580351 -10
0.912668 6.451383 -10
1.825336 6.322417 -10
2.667428 5.944656 -10
3.509520 5.566641 -10
4.215537 4.968519 -10
4.921554 4.368623 -10
5.638995 3.304647 -10
-2.990607 2.630111 -10
-2.132521 3.363289 -10
-1.109165 3.824575 -10
0.000000 3.981974 -10
1.109165 3.824575 -10
2.132521 3.363289 -10
2.990607 2.630111 -10
