# Active surface commands at 20.635347
# Zero points are Off, FEM corrections are Off
-12.741051 103.255394 -1
-10.929931 103.478548 -1
-9.111958 103.637726 -1
-7.293983 103.797412 -1
-5.471693 103.893116 -1
-3.649150 103.988833 -1
-1.824575 104.021075 -1
0.000000 104.052809 -1
1.824575 104.021075 -1
3.649150 103.988833 -1
5.471693 103.893116 -1
7.293983 103.797412 -1
9.111958 103.637726 -1
10.929931 103.478548 -1
12.741051 103.255394 -1
-23.048235 99.466362 -1
-21.336126 99.861387 -1
-19.578065 100.204114 -1
-17.820005 100.546840 -1
-16.051028 100.827872 -1
-14.282051 101.109163 -1
-12.504442 101.327749 -1
-10.726834 101.546838 -1
-8.942625 101.703220 -1
-7.158416 101.859863 -1
-5.369891 101.953794 -1
-3.581366 102.047726 -1
-1.790810 102.079205 -1
0.000000 102.110431 -1
1.790810 102.079205 -1
3.581366 102.047726 -1
5.369891 101.953794 -1
7.158416 101.859863 -1
8.942625 101.703220 -1
10.726834 101.546838 -1
12.504442 101.327749 -1
14.282051 101.109163 -1
16.051028 100.827872 -1
17.820005 100.546840 -1
19.578065 100.204114 -1
21.336126 99.861387 -1
23.048235 99.466362 -1
-29.431075 95.752474 -1
-27.750698 96.268088 -1
-26.053567 96.724041 -1
-24.356436 97.180501 -1
-22.644327 97.566385 -1
-20.932217 97.961664 -1
-19.207413 98.297790 -1
-17.482610 98.634170 -1
-15.747145 98.909623 -1
-14.011678 99.185578 -1
-12.267835 99.400352 -1
-10.523737 99.615127 -1
-8.773292 99.768466 -1
-7.023103 99.922314 -1
-5.268342 100.014472 -1
-3.513582 100.106625 -1
-1.756791 100.137596 -1
0.000000 100.168314 -1
1.756791 100.137596 -1
3.513582 100.106625 -1
5.268342 100.014472 -1
7.023103 99.922314 -1
8.773292 99.768466 -1
10.523737 99.615127 -1
12.267835 99.400352 -1
14.011678 99.185578 -1
15.747145 98.909623 -1
17.482610 98.634170 -1
19.207413 98.297790 -1
20.932217 97.961664 -1
22.644327 97.566385 -1
24.356436 97.180501 -1
26.053567 96.724041 -1
27.750698 96.268088 -1
29.431075 95.752474 -1
-33.758314 92.233310 -1
-32.129727 92.795887 -1
-30.500890 93.358464 -1
-28.853517 93.863672 -1
-27.206144 94.368874 -1
-25.542269 94.816198 -1
-23.878396 95.263517 -1
-22.200051 95.651942 -1
-20.521453 96.040875 -1
-18.830413 96.370399 -1
-17.139629 96.700178 -1
-15.438182 96.970295 -1
-13.736736 97.240672 -1
-12.026910 97.451380 -1
-10.317339 97.661841 -1
-8.601167 97.812391 -1
-6.885250 97.963189 -1
-5.165016 98.053569 -1
-3.444783 98.143942 -1
-1.722264 98.174158 -1
0.000000 98.204367 -1
1.722264 98.174158 -1
3.444783 98.143942 -1
5.165016 98.053569 -1
6.885250 97.963189 -1
8.601167 97.812391 -1
10.317339 97.661841 -1
12.026910 97.451380 -1
13.736736 97.240672 -1
15.438182 96.970295 -1
17.139629 96.700178 -1
18.830413 96.370399 -1
20.521453 96.040875 -1
22.200051 95.651942 -1
23.878396 95.263517 -1
25.542269 94.816198 -1
27.206144 94.368874 -1
28.853517 93.863672 -1
30.500890 93.358464 -1
32.129727 92.795887 -1
33.758314 92.233310 -1
-37.788525 88.513329 -1
-36.234578 89.175168 -1
-34.658542 89.781925 -1
-33.082762 90.376744 -1
-31.486418 90.928152 -1
-29.890328 91.479560 -1
-28.275959 91.974610 -1
-26.661588 92.469659 -1
-25.030972 92.908096 -1
-23.400355 93.346279 -1
-21.755522 93.727340 -1
-20.110687 94.108401 -1
-18.453669 94.431325 -1
-16.796395 94.754503 -1
-15.129221 95.019296 -1
-13.461793 95.284336 -1
-11.786240 95.490731 -1
-10.110688 95.696877 -1
-8.429043 95.844632 -1
-6.747398 95.992127 -1
-5.061437 96.080728 -1
-3.375730 96.169329 -1
-1.687992 96.199036 -1
0.000000 96.228737 -1
1.687992 96.199036 -1
3.375730 96.169329 -1
5.061437 96.080728 -1
6.747398 95.992127 -1
8.429043 95.844632 -1
10.110688 95.696877 -1
11.786240 95.490731 -1
13.461793 95.284336 -1
15.129221 95.019296 -1
16.796395 94.754503 -1
18.453669 94.431325 -1
20.110687 94.108401 -1
21.755522 93.727340 -1
23.400355 93.346279 -1
25.030972 92.908096 -1
26.661588 92.469659 -1
28.275959 91.974610 -1
29.890328 91.479560 -1
31.486418 90.928152 -1
33.082762 90.376744 -1
34.658542 89.781925 -1
36.234578 89.175168 -1
37.788525 88.513329 -1
-39.992131 85.333588 -1
-38.525769 86.017008 -1
-37.004061 86.665143 -1
-35.482357 87.313278 -1
-33.939070 87.907589 -1
-32.395784 88.501900 -1
-30.832953 89.041885 -1
-29.269864 89.581871 -1
-27.689008 90.067022 -1
-26.108150 90.551913 -1
-24.511297 90.980959 -1
-22.914699 91.410254 -1
-21.303884 91.783444 -1
-19.693322 92.156386 -1
-18.070576 92.472709 -1
-16.447830 92.789286 -1
-14.815182 93.048742 -1
-13.182280 93.308198 -1
-11.541508 93.510279 -1
-9.900736 93.712366 -1
-8.254126 93.856817 -1
-6.607261 94.001522 -1
-4.956588 94.088345 -1
-3.305662 94.175173 -1
-1.652704 94.203857 -1
0.000000 94.233050 -1
1.652704 94.203857 -1
3.305662 94.175173 -1
4.956588 94.088345 -1
6.607261 94.001522 -1
8.254126 93.856817 -1
9.900736 93.712366 -1
11.541508 93.510279 -1
13.182280 93.308198 -1
14.815182 93.048742 -1
16.447830 92.789286 -1
18.070576 92.472709 -1
19.693322 92.156386 -1
21.303884 91.783444 -1
22.914699 91.410254 -1
24.511297 90.980959 -1
26.108150 90.551913 -1
27.689008 90.067022 -1
29.269864 89.581871 -1
30.832953 89.041885 -1
32.395784 88.501900 -1
33.939070 87.907589 -1
35.482357 87.313278 -1
37.004061 86.665143 -1
38.525769 86.017008 -1
39.992131 85.333588 -1
-43.525259 81.348821 -1
-42.083525 82.085805 -1
-40.641787 82.823303 -1
-39.175425 83.498858 -1
-37.709063 84.182532 -1
-36.219597 84.816957 -1
-34.730135 85.451382 -1
-33.219599 86.033253 -1
-31.709064 86.614877 -1
-30.179234 87.143439 -1
-28.649403 87.671995 -1
-27.102058 88.146988 -1
-25.554709 88.621479 -1
-23.991623 89.041631 -1
-22.428788 89.461790 -1
-20.852247 89.827114 -1
-19.275705 90.192179 -1
-17.687485 90.501901 -1
-16.099010 90.811629 -1
-14.500889 91.065755 -1
-12.902767 91.319626 -1
-11.297029 91.517387 -1
-9.691039 91.715154 -1
-8.078954 91.856816 -1
-6.467124 91.998224 -1
-4.851485 92.083268 -1
-3.235593 92.168317 -1
-1.617669 92.196493 -1
0.000000 92.224930 -1
1.617669 92.196493 -1
3.235593 92.168317 -1
4.851485 92.083268 -1
6.467124 91.998224 -1
8.078954 91.856816 -1
9.691039 91.715154 -1
11.297029 91.517387 -1
12.902767 91.319626 -1
14.500889 91.065755 -1
16.099010 90.811629 -1
17.687485 90.501901 -1
19.275705 90.192179 -1
20.852247 89.827114 -1
22.428788 89.461790 -1
23.991623 89.041631 -1
25.554709 88.621479 -1
27.102058 88.146988 -1
28.649403 87.671995 -1
30.179234 87.143439 -1
31.709064 86.614877 -1
33.219599 86.033253 -1
34.730135 85.451382 -1
36.219597 84.816957 -1
37.709063 84.182532 -1
39.175425 83.498858 -1
40.641787 82.823303 -1
42.083525 82.085805 -1
43.525259 81.348821 -1
-45.334856 78.006345 -1
-43.951002 78.776593 -1
-42.566894 79.546588 -1
-41.156894 80.267326 -1
-39.747144 80.988573 -1
-38.313024 81.659560 -1
-36.878650 82.331049 -1
-35.422189 82.951255 -1
-33.965474 83.571716 -1
-32.488194 84.140900 -1
-31.010917 84.710078 -1
-29.514851 85.226957 -1
-28.018533 85.744096 -1
-26.505205 86.208174 -1
-24.992130 86.672506 -1
-23.463569 87.083523 -1
-21.935009 87.494540 -1
-20.393246 87.851739 -1
-18.851231 88.208683 -1
-17.298045 88.511805 -1
-15.744605 88.814672 -1
-14.181772 89.063213 -1
-12.618685 89.311500 -1
-11.048236 89.505201 -1
-9.477533 89.698400 -1
-7.901244 89.836759 -1
-6.324702 89.975371 -1
-4.744605 90.058388 -1
-3.164255 90.141404 -1
-1.582127 90.169079 -1
0.000000 90.197001 -1
1.582127 90.169079 -1
3.164255 90.141404 -1
4.744605 90.058388 -1
6.324702 89.975371 -1
7.901244 89.836759 -1
9.477533 89.698400 -1
11.048236 89.505201 -1
12.618685 89.311500 -1
14.181772 89.063213 -1
15.744605 88.814672 -1
17.298045 88.511805 -1
18.851231 88.208683 -1
20.393246 87.851739 -1
21.935009 87.494540 -1
23.463569 87.083523 -1
24.992130 86.672506 -1
26.505205 86.208174 -1
28.018533 85.744096 -1
29.514851 85.226957 -1
31.010917 84.710078 -1
32.488194 84.140900 -1
33.965474 83.571716 -1
35.422189 82.951255 -1
36.878650 82.331049 -1
38.313024 81.659560 -1
39.747144 80.988573 -1
41.156894 80.267326 -1
42.566894 79.546588 -1
43.951002 78.776593 -1
45.334856 78.006345 -1
-46.965981 74.651943 -1
-45.640265 75.489211 -1
-44.314294 76.238640 -1
-42.961412 76.991367 -1
-41.608529 77.744100 -1
-40.230517 78.448847 -1
-38.852247 79.153843 -1
-37.450369 79.809849 -1
-36.048488 80.466110 -1
-34.624778 81.072606 -1
-33.200813 81.679357 -1
-31.756792 82.235593 -1
-30.312770 82.791823 -1
-28.850217 83.297286 -1
-27.387663 83.802742 -1
-25.908606 84.256407 -1
-24.429297 84.710332 -1
-22.935262 85.111959 -1
-21.441229 85.513833 -1
-19.933994 85.863161 -1
-18.427013 86.211980 -1
-16.908607 86.508252 -1
-15.390200 86.804518 -1
-13.862401 87.047475 -1
-12.334602 87.290172 -1
-10.799442 87.479311 -1
-9.264281 87.668444 -1
-7.723280 87.803753 -1
-6.182534 87.939069 -1
-4.637725 88.020307 -1
-3.093171 88.101550 -1
-1.546585 88.128456 -1
0.000000 88.155622 -1
1.546585 88.128456 -1
3.093171 88.101550 -1
4.637725 88.020307 -1
6.182534 87.939069 -1
7.723280 87.803753 -1
9.264281 87.668444 -1
10.799442 87.479311 -1
12.334602 87.290172 -1
13.862401 87.047475 -1
15.390200 86.804518 -1
16.908607 86.508252 -1
18.427013 86.211980 -1
19.933994 85.863161 -1
21.441229 85.513833 -1
22.935262 85.111959 -1
24.429297 84.710332 -1
25.908606 84.256407 -1
27.387663 83.802742 -1
28.850217 83.297286 -1
30.312770 82.791823 -1
31.756792 82.235593 -1
33.200813 81.679357 -1
34.624778 81.072606 -1
36.048488 80.466110 -1
37.450369 79.809849 -1
38.852247 79.153843 -1
40.230517 78.448847 -1
41.608529 77.744100 -1
42.961412 76.991367 -1
44.314294 76.238640 -1
45.640265 75.489211 -1
46.965981 74.651943 -1
-47.107389 72.095458 -1
-45.870779 72.898959 -1
-45.226199 73.294493 -1
-44.575780 73.680122 -1
-43.280781 74.461285 -1
-41.959635 75.196496 -1
-41.301599 75.569178 -1
-40.638233 75.931707 -1
-39.292205 76.620210 -1
-37.946178 77.308960 -1
-37.264025 77.634680 -1
-36.577051 77.949478 -1
-35.207920 78.590503 -1
-33.817214 79.183042 -1
-33.124143 79.484638 -1
-32.426505 79.775580 -1
-31.016247 80.318863 -1
-29.605739 80.862400 -1
-28.893628 81.114746 -1
-28.177457 81.356179 -1
-26.748921 81.849710 -1
-25.304392 82.292968 -1
-24.583650 82.520182 -1
-23.859609 82.736227 -1
-22.400355 83.128711 -1
-20.941102 83.521196 -1
-20.206397 83.697381 -1
-19.469155 83.862150 -1
-17.997207 84.203097 -1
-16.514344 84.492509 -1
-15.773801 84.642805 -1
-15.031227 84.781672 -1
-13.539223 85.019038 -1
-12.046966 85.256156 -1
-11.298045 85.354147 -1
-10.547601 85.440721 -1
-9.048236 85.625795 -1
-7.543285 85.757807 -1
-6.791318 85.829654 -1
-6.038335 85.890073 -1
-4.529576 85.969284 -1
-3.021071 86.048742 -1
-2.265804 86.067529 -1
-1.510536 86.075146 -1
0.000000 86.101295 -1
1.510536 86.075146 -1
2.265804 86.067529 -1
3.021071 86.048742 -1
4.529576 85.969284 -1
6.038335 85.890073 -1
6.791318 85.829654 -1
7.543285 85.757807 -1
9.048236 85.625795 -1
10.547601 85.440721 -1
11.298045 85.354147 -1
12.046966 85.256156 -1
13.539223 85.019038 -1
15.031227 84.781672 -1
15.773801 84.642805 -1
16.514344 84.492509 -1
17.997207 84.203097 -1
19.469155 83.862150 -1
20.206397 83.697381 -1
20.941102 83.521196 -1
22.400355 83.128711 -1
23.859609 82.736227 -1
24.583650 82.520182 -1
25.304392 82.292968 -1
26.748921 81.849710 -1
28.177457 81.356179 -1
28.893628 81.114746 -1
29.605739 80.862400 -1
31.016247 80.318863 -1
32.426505 79.775580 -1
33.124143 79.484638 -1
33.817214 79.183042 -1
35.207920 78.590503 -1
36.577051 77.949478 -1
37.264025 77.634680 -1
37.946178 77.308960 -1
39.292205 76.620210 -1
40.638233 75.931707 -1
41.301599 75.569178 -1
41.959635 75.196496 -1
43.280781 74.461285 -1
44.575780 73.680122 -1
45.226199 73.294493 -1
45.870779 72.898959 -1
47.107389 72.095458 -1
-49.664637 67.850213 -1
-47.856056 69.128712 -1
-46.012187 70.342728 -1
-44.146231 71.532112 -1
-42.247271 72.671237 -1
-40.315563 73.752726 -1
-38.353897 74.778879 -1
-36.374207 75.768978 -1
-34.367098 76.702210 -1
-32.333079 77.575017 -1
-30.275452 78.389439 -1
-28.203603 79.166289 -1
-26.110180 79.883978 -1
-23.996699 80.538459 -1
-21.865449 81.132522 -1
-19.724041 81.687482 -1
-17.567402 82.181515 -1
-15.397309 82.610562 -1
-13.215791 82.977659 -1
-11.028180 83.304897 -1
-8.832191 83.569943 -1
-6.629094 83.769229 -1
-4.421427 83.905561 -1
-2.211729 84.001525 -1
0.000000 84.034523 -1
2.211729 84.001525 -1
4.421427 83.905561 -1
6.629094 83.769229 -1
8.832191 83.569943 -1
11.028180 83.304897 -1
13.215791 82.977659 -1
15.397309 82.610562 -1
17.567402 82.181515 -1
19.724041 81.687482 -1
21.865449 81.132522 -1
23.996699 80.538459 -1
26.110180 79.883978 -1
28.203603 79.166289 -1
30.275452 78.389439 -1
32.333079 77.575017 -1
34.367098 76.702210 -1
36.374207 75.768978 -1
38.353897 74.778879 -1
40.315563 73.752726 -1
42.247271 72.671237 -1
44.146231 71.532112 -1
46.012187 70.342728 -1
47.856056 69.128712 -1
49.664637 67.850213 -1
-49.543539 65.365829 -1
-48.424472 66.143181 -1
-46.661081 67.389946 -1
-44.863164 68.586440 -1
-43.043920 69.749173 -1
-41.192433 70.860115 -1
-39.308708 71.914953 -1
-37.396294 72.915458 -1
-35.465854 73.880932 -1
-33.509014 74.791064 -1
-31.525769 75.642042 -1
-29.519676 76.436407 -1
-27.499364 77.193702 -1
-25.458238 77.893627 -1
-23.397309 78.531858 -1
-21.319625 79.110940 -1
-19.231532 79.652196 -1
-17.128713 80.134044 -1
-15.012693 80.552423 -1
-12.885758 80.910639 -1
-10.752983 81.229751 -1
-8.611576 81.487943 -1
-6.463570 81.682152 -1
-4.310993 81.815180 -1
-2.156385 81.908603 -1
0.000000 81.941100 -1
2.156385 81.908603 -1
4.310993 81.815180 -1
6.463570 81.682152 -1
8.611576 81.487943 -1
10.752983 81.229751 -1
12.885758 80.910639 -1
15.012693 80.552423 -1
17.128713 80.134044 -1
19.231532 79.652196 -1
21.319625 79.110940 -1
23.397309 78.531858 -1
25.458238 77.893627 -1
27.499364 77.193702 -1
29.519676 76.436407 -1
31.525769 75.642042 -1
33.509014 74.791064 -1
35.465854 73.880932 -1
37.396294 72.915458 -1
39.308708 71.914953 -1
41.192433 70.860115 -1
43.043920 69.749173 -1
44.863164 68.586440 -1
46.661081 67.389946 -1
48.424472 66.143181 -1
49.543539 65.365829 -1
-50.511044 61.871792 -1
-48.865955 63.241688 -1
-47.184310 64.435894 -1
-45.466109 65.651435 -1
-43.714141 66.816957 -1
-41.941608 67.950243 -1
-40.137345 69.032748 -1
-38.302106 70.060674 -1
-36.438438 71.035798 -1
-34.557501 71.976387 -1
-32.650672 72.863673 -1
-30.718456 73.692816 -1
-28.763646 74.466870 -1
-26.795125 75.205130 -1
-24.806296 75.887026 -1
-22.798173 76.508757 -1
-20.773547 77.073367 -1
-18.739020 77.600659 -1
-16.690022 78.070067 -1
-14.628333 78.477786 -1
-12.555725 78.826859 -1
-10.477532 79.137852 -1
-8.390962 79.389691 -1
-6.298045 79.578830 -1
-4.200559 79.708301 -1
-2.101295 79.799443 -1
0.000000 79.831177 -1
2.101295 79.799443 -1
4.200559 79.708301 -1
6.298045 79.578830 -1
8.390962 79.389691 -1
10.477532 79.137852 -1
12.555725 78.826859 -1
14.628333 78.477786 -1
16.690022 78.070067 -1
18.739020 77.600659 -1
20.773547 77.073367 -1
22.798173 76.508757 -1
24.806296 75.887026 -1
26.795125 75.205130 -1
28.763646 74.466870 -1
30.718456 73.692816 -1
32.650672 72.863673 -1
34.557501 71.976387 -1
36.438438 71.035798 -1
38.302106 70.060674 -1
40.137345 69.032748 -1
41.941608 67.950243 -1
43.714141 66.816957 -1
45.466109 65.651435 -1
47.184310 64.435894 -1
48.865955 63.241688 -1
50.511044 61.871792 -1
-51.221884 58.386649 -1
-49.161462 60.205382 -1
-47.560295 61.484390 -1
-45.923837 62.716931 -1
-44.251334 63.899975 -1
-42.546332 65.034526 -1
-40.821019 66.137850 -1
-39.064992 67.191417 -1
-37.278752 68.191929 -1
-35.464838 69.141152 -1
-33.634425 70.057122 -1
-31.778370 70.920286 -1
-29.897691 71.727598 -1
-27.995176 72.481087 -1
-26.079208 73.199799 -1
-24.143438 73.863162 -1
-22.189135 74.468649 -1
-20.218583 75.018278 -1
-18.238132 75.531606 -1
-16.244224 75.988574 -1
-14.237370 76.385379 -1
-12.220360 76.724802 -1
-10.197512 77.027669 -1
-8.166794 77.272659 -1
-6.129728 77.456715 -1
-4.088347 77.582889 -1
-2.045189 77.671744 -1
0.000000 77.702461 -1
2.045189 77.671744 -1
4.088347 77.582889 -1
6.129728 77.456715 -1
8.166794 77.272659 -1
10.197512 77.027669 -1
12.220360 76.724802 -1
14.237370 76.385379 -1
16.244224 75.988574 -1
18.238132 75.531606 -1
20.218583 75.018278 -1
22.189135 74.468649 -1
24.143438 73.863162 -1
26.079208 73.199799 -1
27.995176 72.481087 -1
29.897691 71.727598 -1
31.778370 70.920286 -1
33.634425 70.057122 -1
35.464838 69.141152 -1
37.278752 68.191929 -1
39.064992 67.191417 -1
40.821019 66.137850 -1
42.546332 65.034526 -1
44.251334 63.899975 -1
45.923837 62.716931 -1
47.560295 61.484390 -1
49.161462 60.205382 -1
51.221884 58.386649 -1
-50.844123 55.968014 -1
-49.346281 57.283826 -1
-47.811883 58.538972 -1
-46.254887 59.782942 -1
-44.663113 60.981723 -1
-43.036557 62.132518 -1
-41.378269 63.235849 -1
-39.700433 64.309213 -1
-37.992638 65.333841 -1
-36.255394 66.307187 -1
-34.491495 67.230514 -1
-32.711094 68.121352 -1
-30.906068 68.960901 -1
-29.076922 69.746384 -1
-27.226706 70.479054 -1
-25.363290 71.177963 -1
-23.480832 71.823556 -1
-21.580096 72.412289 -1
-19.663366 72.946938 -1
-17.737497 73.446307 -1
-15.798172 73.890583 -1
-13.846661 74.276720 -1
-11.884996 74.607007 -1
-9.917746 74.901495 -1
-7.942625 75.139629 -1
-5.961412 75.318864 -1
-3.976136 75.441480 -1
-1.989083 75.527800 -1
0.000000 75.557755 -1
1.989083 75.527800 -1
3.976136 75.441480 -1
5.961412 75.318864 -1
7.942625 75.139629 -1
9.917746 74.901495 -1
11.884996 74.607007 -1
13.846661 74.276720 -1
15.798172 73.890583 -1
17.737497 73.446307 -1
19.663366 72.946938 -1
21.580096 72.412289 -1
23.480832 71.823556 -1
25.363290 71.177963 -1
27.226706 70.479054 -1
29.076922 69.746384 -1
30.906068 68.960901 -1
32.711094 68.121352 -1
34.491495 67.230514 -1
36.255394 66.307187 -1
37.992638 65.333841 -1
39.700433 64.309213 -1
41.378269 63.235849 -1
43.036557 62.132518 -1
44.663113 60.981723 -1
46.254887 59.782942 -1
47.811883 58.538972 -1
49.346281 57.283826 -1
50.844123 55.968014 -1
-51.183549 52.517642 -1
-49.385378 54.348058 -1
-47.930439 55.626050 -1
-46.440214 56.862149 -1
-44.927645 58.070320 -1
-43.381824 59.235340 -1
-41.801979 60.353137 -1
-40.191165 61.425236 -1
-38.561311 62.467634 -1
-36.902767 63.463571 -1
-35.215283 64.408735 -1
-33.501904 65.305659 -1
-31.772532 66.171109 -1
-30.019293 66.986801 -1
-28.242701 67.749680 -1
-26.445543 68.461537 -1
-24.635695 69.140389 -1
-22.807058 69.767451 -1
-20.960904 70.339424 -1
-19.099264 70.858590 -1
-17.228739 71.343742 -1
-15.345011 71.775323 -1
-13.449353 72.150546 -1
-11.544047 72.471437 -1
-9.633156 72.757297 -1
-7.714649 72.988830 -1
-5.790556 73.162983 -1
-3.862148 73.282053 -1
-1.931962 73.365826 -1
0.000000 73.395025 -1
1.931962 73.365826 -1
3.862148 73.282053 -1
5.790556 73.162983 -1
7.714649 72.988830 -1
9.633156 72.757297 -1
11.544047 72.471437 -1
13.449353 72.150546 -1
15.345011 71.775323 -1
17.228739 71.343742 -1
19.099264 70.858590 -1
20.960904 70.339424 -1
22.807058 69.767451 -1
24.635695 69.140389 -1
26.445543 68.461537 -1
28.242701 67.749680 -1
30.019293 66.986801 -1
31.772532 66.171109 -1
33.501904 65.305659 -1
35.215283 64.408735 -1
36.902767 63.463571 -1
38.561311 62.467634 -1
40.191165 61.425236 -1
41.801979 60.353137 -1
43.381824 59.235340 -1
44.927645 58.070320 -1
46.440214 56.862149 -1
47.930439 55.626050 -1
49.385378 54.348058 -1
51.183549 52.517642 -1
-50.639250 50.142676 -1
-49.301345 51.358721 -1
-47.926884 52.727848 -1
-46.514851 53.968522 -1
-45.068545 55.168319 -1
-43.600661 56.340950 -1
-42.100278 57.471695 -1
-40.567148 58.556487 -1
-39.004062 59.597107 -1
-37.422441 60.609035 -1
-35.812644 61.575526 -1
-34.175172 62.493021 -1
-32.512314 63.363541 -1
-30.833969 64.203604 -1
-29.132776 64.995174 -1
-27.408479 65.735722 -1
-25.664381 66.426505 -1
-23.907844 67.085555 -1
-22.133537 67.694084 -1
-20.341711 68.249304 -1
-18.535161 68.753235 -1
-16.719727 69.223914 -1
-14.891851 69.643056 -1
-13.052044 70.007110 -1
-11.203097 70.318611 -1
-9.348565 70.596091 -1
-7.486926 70.820764 -1
-5.619447 70.989846 -1
-3.747906 71.105359 -1
-1.874841 71.186851 -1
0.000000 71.215027 -1
1.874841 71.186851 -1
3.747906 71.105359 -1
5.619447 70.989846 -1
7.486926 70.820764 -1
9.348565 70.596091 -1
11.203097 70.318611 -1
13.052044 70.007110 -1
14.891851 69.643056 -1
16.719727 69.223914 -1
18.535161 68.753235 -1
20.341711 68.249304 -1
22.133537 67.694084 -1
23.907844 67.085555 -1
25.664381 66.426505 -1
27.408479 65.735722 -1
29.132776 64.995174 -1
30.833969 64.203604 -1
32.512314 63.363541 -1
34.175172 62.493021 -1
35.812644 61.575526 -1
37.422441 60.609035 -1
39.004062 59.597107 -1
40.567148 58.556487 -1
42.100278 57.471695 -1
43.600661 56.340950 -1
45.068545 55.168319 -1
46.514851 53.968522 -1
47.926884 52.727848 -1
49.301345 51.358721 -1
50.639250 50.142676 -1
-50.729118 46.764663 -1
-49.072861 48.576290 -1
-47.776340 49.856816 -1
-46.444274 51.100024 -1
-45.076163 52.302614 -1
-43.674536 53.465347 -1
-42.252096 54.601930 -1
-40.798173 55.697891 -1
-39.312516 56.749432 -1
-37.797664 57.758063 -1
-36.265041 58.738765 -1
-34.705002 59.675555 -1
-33.118051 60.564862 -1
-31.506729 61.408730 -1
-29.880426 62.222644 -1
-28.231532 62.989843 -1
-26.560802 63.707538 -1
-24.870526 64.377255 -1
-23.168316 65.015739 -1
-21.448845 65.605737 -1
-19.712617 66.143689 -1
-17.961920 66.632137 -1
-16.202589 67.088350 -1
-14.431074 67.494544 -1
-12.648388 67.847169 -1
-10.856563 68.149020 -1
-9.059406 68.417872 -1
-7.255395 68.635696 -1
-5.445545 68.799442 -1
-3.632140 68.911651 -1
-1.816959 68.990354 -1
0.000000 69.017774 -1
1.816959 68.990354 -1
3.632140 68.911651 -1
5.445545 68.799442 -1
7.255395 68.635696 -1
9.059406 68.417872 -1
10.856563 68.149020 -1
12.648388 67.847169 -1
14.431074 67.494544 -1
16.202589 67.088350 -1
17.961920 66.632137 -1
19.712617 66.143689 -1
21.448845 65.605737 -1
23.168316 65.015739 -1
24.870526 64.377255 -1
26.560802 63.707538 -1
28.231532 62.989843 -1
29.880426 62.222644 -1
31.506729 61.408730 -1
33.118051 60.564862 -1
34.705002 59.675555 -1
36.265041 58.738765 -1
37.797664 57.758063 -1
39.312516 56.749432 -1
40.798173 55.697891 -1
42.252096 54.601930 -1
43.674536 53.465347 -1
45.076163 52.302614 -1
46.444274 51.100024 -1
47.776340 49.856816 -1
49.072861 48.576290 -1
50.729118 46.764663 -1
-49.935262 44.467630 -1
-48.739019 45.657526 -1
-48.335871 46.175425 -1
-47.506474 47.009900 -1
-46.677329 47.844376 -1
-46.251586 48.250062 -1
-44.961921 49.453668 -1
-43.637217 50.617922 -1
-43.191926 51.001522 -1
-42.280529 51.743842 -1
-41.369130 52.485908 -1
-40.903527 52.844378 -1
-39.496065 53.905562 -1
-38.057628 54.923837 -1
-37.574764 55.258184 -1
-36.591266 55.900480 -1
-35.607768 56.542522 -1
-35.107388 56.849964 -1
-33.597360 57.756792 -1
-32.060929 58.617922 -1
-31.546077 58.899722 -1
-30.501141 59.434879 -1
-29.456208 59.969788 -1
-28.926632 60.223152 -1
-27.330542 60.965980 -1
-25.713126 61.660829 -1
-25.171617 61.887027 -1
-24.076669 62.309218 -1
-22.981975 62.731404 -1
-22.429042 62.927392 -1
-20.764154 63.498603 -1
-19.083270 64.019548 -1
-18.521452 64.187359 -1
-17.388677 64.492514 -1
-16.255903 64.797159 -1
-15.685453 64.934248 -1
-13.970551 65.327494 -1
-12.244732 65.668950 -1
-11.668190 65.776846 -1
-10.510028 65.961157 -1
-9.351612 66.145468 -1
-8.770246 66.221629 -1
-7.023864 66.432598 -1
-5.271897 66.591013 -1
-4.687230 66.637982 -1
-3.516121 66.699671 -1
-2.345011 66.761106 -1
-1.758822 66.775833 -1
0.000000 66.802236 -1
1.758822 66.775833 -1
2.345011 66.761106 -1
3.516121 66.699671 -1
4.687230 66.637982 -1
5.271897 66.591013 -1
7.023864 66.432598 -1
8.770246 66.221629 -1
9.351612 66.145468 -1
10.510028 65.961157 -1
11.668190 65.776846 -1
12.244732 65.668950 -1
13.970551 65.327494 -1
15.685453 64.934248 -1
16.255903 64.797159 -1
17.388677 64.492514 -1
18.521452 64.187359 -1
19.083270 64.019548 -1
20.764154 63.498603 -1
22.429042 62.927392 -1
22.981975 62.731404 -1
24.076669 62.309218 -1
25.171617 61.887027 -1
25.713126 61.660829 -1
27.330542 60.965980 -1
28.926632 60.223152 -1
29.456208 59.969788 -1
30.501141 59.434879 -1
31.546077 58.899722 -1
32.060929 58.617922 -1
33.597360 57.756792 -1
35.107388 56.849964 -1
35.607768 56.542522 -1
36.591266 55.900480 -1
37.574764 55.258184 -1
38.057628 54.923837 -1
39.496065 53.905562 -1
40.903527 52.844378 -1
41.369130 52.485908 -1
42.280529 51.743842 -1
43.191926 51.001522 -1
43.637217 50.617922 -1
44.961921 49.453668 -1
46.251586 48.250062 -1
46.677329 47.844376 -1
47.506474 47.009900 -1
48.335871 46.175425 -1
48.739019 45.657526 -1
49.935262 44.467630 -1
-49.675551 41.290681 -1
-48.268851 42.967250 -1
-46.694086 44.614369 -1
-45.119574 46.250319 -1
-43.434883 47.781924 -1
-41.750446 49.302870 -1
-39.964203 50.712111 -1
-38.177963 52.110431 -1
-36.298554 53.390710 -1
-34.419397 54.659813 -1
-32.456206 55.804770 -1
-30.493273 56.938565 -1
-28.455699 57.942876 -1
-26.418380 58.936024 -1
-24.316578 59.794874 -1
-22.215029 60.642802 -1
-20.059152 61.351863 -1
-17.903276 62.050264 -1
-15.703732 62.606501 -1
-13.504189 63.152325 -1
-11.271896 63.552935 -1
-9.039604 63.943386 -1
-6.785224 64.186343 -1
-4.530845 64.419141 -1
-2.265296 64.503936 -1
0.000000 64.578065 -1
2.265296 64.503936 -1
4.530845 64.419141 -1
6.785224 64.186343 -1
9.039604 63.943386 -1
11.271896 63.552935 -1
13.504189 63.152325 -1
15.703732 62.606501 -1
17.903276 62.050264 -1
20.059152 61.351863 -1
22.215029 60.642802 -1
24.316578 59.794874 -1
26.418380 58.936024 -1
28.455699 57.942876 -1
30.493273 56.938565 -1
32.456206 55.804770 -1
34.419397 54.659813 -1
36.298554 53.390710 -1
38.177963 52.110431 -1
39.964203 50.712111 -1
41.750446 49.302870 -1
43.434883 47.781924 -1
45.119574 46.250319 -1
46.694086 44.614369 -1
48.268851 42.967250 -1
49.675551 41.290681 -1
-48.009138 39.790047 -1
-46.602438 41.466616 -1
-45.082001 43.052042 -1
-43.561818 44.636964 -1
-41.935262 46.111194 -1
-40.308962 47.584920 -1
-38.584411 48.940849 -1
-36.859864 50.296269 -1
-35.045442 51.527292 -1
-33.231022 52.758058 -1
-31.335620 53.858339 -1
-29.440468 54.958621 -1
-27.473472 55.923078 -1
-25.506220 56.887536 -1
-23.477025 57.711602 -1
-21.448084 58.535668 -1
-19.366590 59.215029 -1
-17.285097 59.894643 -1
-15.161715 60.426757 -1
-13.038081 60.958871 -1
-10.882712 61.340695 -1
-8.727596 61.722518 -1
-6.550901 61.952273 -1
-4.374460 62.182282 -1
-2.187103 62.258698 -1
0.000000 62.335616 -1
2.187103 62.258698 -1
4.374460 62.182282 -1
6.550901 61.952273 -1
8.727596 61.722518 -1
10.882712 61.340695 -1
13.038081 60.958871 -1
15.161715 60.426757 -1
17.285097 59.894643 -1
19.366590 59.215029 -1
21.448084 58.535668 -1
23.477025 57.711602 -1
25.506220 56.887536 -1
27.473472 55.923078 -1
29.440468 54.958621 -1
31.335620 53.858339 -1
33.231022 52.758058 -1
35.045442 51.527292 -1
36.859864 50.296269 -1
38.584411 48.940849 -1
40.308962 47.584920 -1
41.935262 46.111194 -1
43.561818 44.636964 -1
45.082001 43.052042 -1
46.602438 41.466616 -1
48.009138 39.790047 -1
-47.614116 36.703986 -1
-46.258695 38.332065 -1
-44.903021 39.959889 -1
-43.438183 41.487940 -1
-41.973342 43.015486 -1
-40.406448 44.436150 -1
-38.839299 45.856564 -1
-37.177457 47.163240 -1
-35.515866 48.469407 -1
-33.767707 49.655749 -1
-32.019294 50.841839 -1
-30.193198 51.902261 -1
-28.366844 52.962426 -1
-26.471693 53.892106 -1
-24.576288 54.821272 -1
-22.621223 55.615383 -1
-20.665906 56.409240 -1
-18.660321 57.064230 -1
-16.654988 57.719220 -1
-14.608784 58.231785 -1
-12.562579 58.744604 -1
-10.485910 59.112209 -1
-8.409241 59.480069 -1
-6.312008 59.701698 -1
-4.215029 59.923328 -1
-2.107388 59.997208 -1
0.000000 60.071083 -1
2.107388 59.997208 -1
4.215029 59.923328 -1
6.312008 59.701698 -1
8.409241 59.480069 -1
10.485910 59.112209 -1
12.562579 58.744604 -1
14.608784 58.231785 -1
16.654988 57.719220 -1
18.660321 57.064230 -1
20.665906 56.409240 -1
22.621223 55.615383 -1
24.576288 54.821272 -1
26.471693 53.892106 -1
28.366844 52.962426 -1
30.193198 51.902261 -1
32.019294 50.841839 -1
33.767707 49.655749 -1
35.515866 48.469407 -1
37.177457 47.163240 -1
38.839299 45.856564 -1
40.406448 44.436150 -1
41.973342 43.015486 -1
43.438183 41.487940 -1
44.903021 39.959889 -1
46.258695 38.332065 -1
47.614116 36.703986 -1
-47.004824 33.664383 -1
-45.812136 35.296013 -1
-44.507998 36.863164 -1
-43.203860 38.429805 -1
-41.794365 39.900481 -1
-40.385124 41.370652 -1
-38.877380 42.738003 -1
-37.369383 44.104850 -1
-35.770754 45.362527 -1
-34.171872 46.619446 -1
-32.489719 47.761359 -1
-30.807820 48.902768 -1
-29.050522 49.923330 -1
-27.293475 50.943642 -1
-25.469916 51.838031 -1
-23.646357 52.732416 -1
-21.765169 53.496572 -1
-19.883980 54.260728 -1
-17.954302 54.890833 -1
-16.024626 55.521198 -1
-14.055851 56.014468 -1
-12.087332 56.507745 -1
-10.089109 56.861895 -1
-8.091140 57.215790 -1
-6.073115 57.429040 -1
-4.055344 57.642042 -1
-2.027672 57.713381 -1
0.000000 57.784460 -1
2.027672 57.713381 -1
4.055344 57.642042 -1
6.073115 57.429040 -1
8.091140 57.215790 -1
10.089109 56.861895 -1
12.087332 56.507745 -1
14.055851 56.014468 -1
16.024626 55.521198 -1
17.954302 54.890833 -1
19.883980 54.260728 -1
21.765169 53.496572 -1
23.646357 52.732416 -1
25.469916 51.838031 -1
27.293475 50.943642 -1
29.050522 49.923330 -1
30.807820 48.902768 -1
32.489719 47.761359 -1
34.171872 46.619446 -1
35.770754 45.362527 -1
37.369383 44.104850 -1
38.877380 42.738003 -1
40.385124 41.370652 -1
41.794365 39.900481 -1
43.203860 38.429805 -1
44.507998 36.863164 -1
45.812136 35.296013 -1
47.004824 33.664383 -1
-45.128205 32.300837 -1
-43.983244 33.890834 -1
-42.731151 35.396040 -1
-41.478801 36.900483 -1
-40.125668 38.312770 -1
-38.772531 39.725058 -1
-37.324955 41.037826 -1
-35.877379 42.350598 -1
-34.342473 43.558010 -1
-32.807566 44.765170 -1
-31.192436 45.861640 -1
-29.577559 46.957604 -1
-27.890581 47.937548 -1
-26.203860 48.917237 -1
-24.452907 49.776087 -1
-22.702208 50.634679 -1
-20.896166 51.368622 -1
-19.089871 52.102058 -1
-17.237369 52.707283 -1
-15.384870 53.312261 -1
-13.494796 53.785729 -1
-11.604722 54.259457 -1
-9.686215 54.599643 -1
-7.767962 54.939326 -1
-5.830668 55.143948 -1
-3.893374 55.348564 -1
-1.946687 55.416860 -1
0.000000 55.485404 -1
1.946687 55.416860 -1
3.893374 55.348564 -1
5.830668 55.143948 -1
7.767962 54.939326 -1
9.686215 54.599643 -1
11.604722 54.259457 -1
13.494796 53.785729 -1
15.384870 53.312261 -1
17.237369 52.707283 -1
19.089871 52.102058 -1
20.896166 51.368622 -1
22.702208 50.634679 -1
24.452907 49.776087 -1
26.203860 48.917237 -1
27.890581 47.937548 -1
29.577559 46.957604 -1
31.192436 45.861640 -1
32.807566 44.765170 -1
34.342473 43.558010 -1
35.877379 42.350598 -1
37.324955 41.037826 -1
38.772531 39.725058 -1
40.125668 38.312770 -1
41.478801 36.900483 -1
42.731151 35.396040 -1
43.983244 33.890834 -1
45.128205 32.300837 -1
-44.348820 29.412289 -1
-43.251334 30.937294 -1
-42.154099 32.461793 -1
-40.954051 33.905053 -1
-39.753999 35.347295 -1
-38.456967 36.701448 -1
-37.160193 38.055344 -1
-35.772784 39.313784 -1
-34.385376 40.572481 -1
-32.914191 41.729880 -1
-31.443007 42.887280 -1
-29.895404 43.938309 -1
-28.347550 44.989083 -1
-26.730898 45.928408 -1
-25.113988 46.867733 -1
-23.436152 47.691040 -1
-21.758060 48.514343 -1
-20.027164 49.217569 -1
-18.296014 49.920792 -1
-16.520436 50.501142 -1
-14.745113 51.080984 -1
-12.933486 51.534906 -1
-11.122112 51.989083 -1
-9.283574 52.315053 -1
-7.445037 52.640772 -1
-5.588220 52.837014 -1
-3.731658 53.033003 -1
-1.865702 53.098503 -1
0.000000 53.164252 -1
1.865702 53.098503 -1
3.731658 53.033003 -1
5.588220 52.837014 -1
7.445037 52.640772 -1
9.283574 52.315053 -1
11.122112 51.989083 -1
12.933486 51.534906 -1
14.745113 51.080984 -1
16.520436 50.501142 -1
18.296014 49.920792 -1
20.027164 49.217569 -1
21.758060 48.514343 -1
23.436152 47.691040 -1
25.113988 46.867733 -1
26.730898 45.928408 -1
28.347550 44.989083 -1
29.895404 43.938309 -1
31.443007 42.887280 -1
32.914191 41.729880 -1
34.385376 40.572481 -1
35.772784 39.313784 -1
37.160193 38.055344 -1
38.456967 36.701448 -1
39.753999 35.347295 -1
40.954051 33.905053 -1
42.154099 32.461793 -1
43.251334 30.937294 -1
44.348820 29.412289 -1
-43.298554 26.677836 -1
-42.396293 28.121603 -1
-41.347297 29.580602 -1
-40.298298 31.038588 -1
-39.151054 32.418633 -1
-38.003807 33.798171 -1
-36.764154 35.092915 -1
-35.524246 36.387409 -1
-34.198021 37.591012 -1
-32.871794 38.794364 -1
-31.465348 39.900989 -1
-30.058899 41.007617 -1
-28.579335 42.012440 -1
-27.099771 43.017011 -1
-25.553948 43.915206 -1
-24.008378 44.813152 -1
-22.404418 45.600154 -1
-20.800203 46.387156 -1
-19.145469 47.059661 -1
-17.490734 47.731913 -1
-15.793348 48.286621 -1
-14.095963 48.841076 -1
-12.364052 49.275196 -1
-10.632394 49.709318 -1
-8.874841 50.020562 -1
-7.117289 50.332063 -1
-5.342219 50.519674 -1
-3.567403 50.707286 -1
-1.783702 50.769737 -1
0.000000 50.832446 -1
1.783702 50.769737 -1
3.567403 50.707286 -1
5.342219 50.519674 -1
7.117289 50.332063 -1
8.874841 50.020562 -1
10.632394 49.709318 -1
12.364052 49.275196 -1
14.095963 48.841076 -1
15.793348 48.286621 -1
17.490734 47.731913 -1
19.145469 47.059661 -1
20.800203 46.387156 -1
22.404418 45.600154 -1
24.008378 44.813152 -1
25.553948 43.915206 -1
27.099771 43.017011 -1
28.579335 42.012440 -1
30.058899 41.007617 -1
31.465348 39.900989 -1
32.871794 38.794364 -1
34.198021 37.591012 -1
35.524246 36.387409 -1
36.764154 35.092915 -1
38.003807 33.798171 -1
39.151054 32.418633 -1
40.298298 31.038588 -1
41.347297 29.580602 -1
42.396293 28.121603 -1
43.298554 26.677836 -1
-41.346281 25.361005 -1
-40.444020 26.804772 -1
-39.443261 28.197260 -1
-38.442498 29.588728 -1
-37.348312 30.905814 -1
-36.253873 32.222391 -1
-35.071083 33.457985 -1
-33.888550 34.693322 -1
-32.623255 35.842091 -1
-31.357957 36.990354 -1
-30.016247 38.046459 -1
-28.674791 39.102564 -1
-27.263265 40.061437 -1
-25.851739 41.019802 -1
-24.377252 41.876873 -1
-22.902768 42.733689 -1
-21.372683 43.484640 -1
-19.842346 44.235845 -1
-18.263772 44.877379 -1
-16.685199 45.519167 -1
-15.066007 46.048235 -1
-13.446813 46.577305 -1
-11.794872 46.991622 -1
-10.142930 47.405688 -1
-8.466108 47.702971 -1
-6.789541 47.999999 -1
-5.096217 48.178980 -1
-3.403148 48.357958 -1
-1.701447 48.417620 -1
0.000000 48.477533 -1
1.701447 48.417620 -1
3.403148 48.357958 -1
5.096217 48.178980 -1
6.789541 47.999999 -1
8.466108 47.702971 -1
10.142930 47.405688 -1
11.794872 46.991622 -1
13.446813 46.577305 -1
15.066007 46.048235 -1
16.685199 45.519167 -1
18.263772 44.877379 -1
19.842346 44.235845 -1
21.372683 43.484640 -1
22.902768 42.733689 -1
24.377252 41.876873 -1
25.851739 41.019802 -1
27.263265 40.061437 -1
28.674791 39.102564 -1
30.016247 38.046459 -1
31.357957 36.990354 -1
32.623255 35.842091 -1
33.888550 34.693322 -1
35.071083 33.457985 -1
36.253873 32.222391 -1
37.348312 30.905814 -1
38.442498 29.588728 -1
39.443261 28.197260 -1
40.444020 26.804772 -1
41.346281 25.361005 -1
-40.180756 22.718965 -1
-39.322672 24.109420 -1
-38.464585 25.499112 -1
-37.512821 26.824066 -1
-36.561056 28.148261 -1
-35.520437 29.401371 -1
-34.479564 30.653718 -1
-33.354658 31.829399 -1
-32.230009 33.004317 -1
-31.026657 34.096978 -1
-29.823305 35.189388 -1
-28.547347 36.193956 -1
-27.271388 37.198273 -1
-25.928917 38.110435 -1
-24.586444 39.022086 -1
-23.184310 39.837267 -1
-21.781924 40.652197 -1
-20.326732 41.366338 -1
-18.871288 42.080733 -1
-17.369891 42.690784 -1
-15.868749 43.301092 -1
-14.328763 43.804264 -1
-12.788779 44.307439 -1
-11.217568 44.701448 -1
-9.646357 45.095203 -1
-8.051790 45.378016 -1
-6.457223 45.660572 -1
-4.846915 45.830922 -1
-3.236354 46.001015 -1
-1.618177 46.057882 -1
0.000000 46.114749 -1
1.618177 46.057882 -1
3.236354 46.001015 -1
4.846915 45.830922 -1
6.457223 45.660572 -1
8.051790 45.378016 -1
9.646357 45.095203 -1
11.217568 44.701448 -1
12.788779 44.307439 -1
14.328763 43.804264 -1
15.868749 43.301092 -1
17.369891 42.690784 -1
18.871288 42.080733 -1
20.326732 41.366338 -1
21.781924 40.652197 -1
23.184310 39.837267 -1
24.586444 39.022086 -1
25.928917 38.110435 -1
27.271388 37.198273 -1
28.547347 36.193956 -1
29.823305 35.189388 -1
31.026657 34.096978 -1
32.230009 33.004317 -1
33.354658 31.829399 -1
34.479564 30.653718 -1
35.520437 29.401371 -1
36.561056 28.148261 -1
37.512821 26.824066 -1
38.464585 25.499112 -1
39.322672 24.109420 -1
40.180756 22.718965 -1
-38.834223 20.182788 -1
-38.113227 21.525260 -1
-37.299314 22.845138 -1
-36.485403 24.164003 -1
-35.582635 25.421426 -1
-34.679869 26.678090 -1
-33.692562 27.867481 -1
-32.705255 29.056106 -1
-31.638233 30.171616 -1
-30.571464 31.286875 -1
-29.430058 32.323686 -1
-28.288653 33.360496 -1
-27.078192 34.313531 -1
-25.867987 35.266566 -1
-24.594568 36.132013 -1
-23.321401 36.997206 -1
-21.991114 37.770755 -1
-20.661082 38.543793 -1
-19.280529 39.221628 -1
-17.900229 39.899467 -1
-16.476009 40.478547 -1
-15.052044 41.057375 -1
-13.591266 41.534906 -1
-12.130490 42.012440 -1
-10.640264 42.386138 -1
-9.150038 42.759839 -1
-7.637471 43.028180 -1
-6.124905 43.296270 -1
-4.597360 43.457986 -1
-3.069815 43.619194 -1
-1.534907 43.673014 -1
0.000000 43.727089 -1
1.534907 43.673014 -1
3.069815 43.619194 -1
4.597360 43.457986 -1
6.124905 43.296270 -1
7.637471 43.028180 -1
9.150038 42.759839 -1
10.640264 42.386138 -1
12.130490 42.012440 -1
13.591266 41.534906 -1
15.052044 41.057375 -1
16.476009 40.478547 -1
17.900229 39.899467 -1
19.280529 39.221628 -1
20.661082 38.543793 -1
21.991114 37.770755 -1
23.321401 36.997206 -1
24.594568 36.132013 -1
25.867987 35.266566 -1
27.078192 34.313531 -1
28.288653 33.360496 -1
29.430058 32.323686 -1
30.571464 31.286875 -1
31.638233 30.171616 -1
32.705255 29.056106 -1
33.692562 27.867481 -1
34.679869 26.678090 -1
35.582635 25.421426 -1
36.485403 24.164003 -1
37.299314 22.845138 -1
38.113227 21.525260 -1
38.834223 20.182788 -1
-36.700178 19.048237 -1
-36.018787 20.349075 -1
-35.249555 21.597613 -1
-34.480326 22.844630 -1
-33.627061 24.033767 -1
-32.774054 25.221629 -1
-31.841076 26.346027 -1
-30.908098 27.469663 -1
-29.899721 28.524246 -1
-28.891344 29.578319 -1
-27.812644 30.558008 -1
-26.733944 31.537955 -1
-25.590251 32.438690 -1
-24.446560 33.339426 -1
-23.243209 34.157399 -1
-22.039858 34.974868 -1
-20.782686 35.705762 -1
-19.525768 36.436659 -1
-18.221122 37.077176 -1
-16.916477 37.717694 -1
-15.570704 38.264788 -1
-14.224930 38.811882 -1
-12.844377 39.263264 -1
-11.464077 39.714394 -1
-10.055598 40.067530 -1
-8.647118 40.420666 -1
-7.217822 40.674284 -1
-5.788271 40.927647 -1
-4.344758 41.080224 -1
-2.901244 41.232801 -1
-1.450622 41.283829 -1
0.000000 41.334604 -1
1.450622 41.283829 -1
2.901244 41.232801 -1
4.344758 41.080224 -1
5.788271 40.927647 -1
7.217822 40.674284 -1
8.647118 40.420666 -1
10.055598 40.067530 -1
11.464077 39.714394 -1
12.844377 39.263264 -1
14.224930 38.811882 -1
15.570704 38.264788 -1
16.916477 37.717694 -1
18.221122 37.077176 -1
19.525768 36.436659 -1
20.782686 35.705762 -1
22.039858 34.974868 -1
23.243209 34.157399 -1
24.446560 33.339426 -1
25.590251 32.438690 -1
26.733944 31.537955 -1
27.812644 30.558008 -1
28.891344 29.578319 -1
29.899721 28.524246 -1
30.908098 27.469663 -1
31.841076 26.346027 -1
32.774054 25.221629 -1
33.627061 24.033767 -1
34.480326 22.844630 -1
35.249555 21.597613 -1
36.018787 20.349075 -1
36.700178 19.048237 -1
-35.207920 16.686215 -1
-34.566135 17.913429 -1
-33.924347 19.139884 -1
-33.199797 20.316832 -1
-32.475246 21.492259 -1
-31.671745 22.613099 -1
-30.868241 23.732926 -1
-29.989592 24.792589 -1
-29.110689 25.851486 -1
-28.160955 26.845140 -1
-27.211475 27.838539 -1
-26.195480 28.761870 -1
-25.179487 29.685201 -1
-24.102311 30.534145 -1
-23.024880 31.382839 -1
-21.891597 32.153847 -1
-20.758314 32.924093 -1
-19.574258 33.612592 -1
-18.390201 34.301346 -1
-17.161462 34.904799 -1
-15.932725 35.508252 -1
-14.665397 36.023863 -1
-13.397816 36.539478 -1
-12.097486 36.964459 -1
-10.797410 37.389694 -1
-9.470932 37.722265 -1
-8.144453 38.055090 -1
-6.798172 38.293984 -1
-5.451638 38.532624 -1
-4.092155 38.676567 -1
-2.732419 38.820259 -1
-1.366337 38.868241 -1
0.000000 38.916223 -1
1.366337 38.868241 -1
2.732419 38.820259 -1
4.092155 38.676567 -1
5.451638 38.532624 -1
6.798172 38.293984 -1
8.144453 38.055090 -1
9.470932 37.722265 -1
10.797410 37.389694 -1
12.097486 36.964459 -1
13.397816 36.539478 -1
14.665397 36.023863 -1
15.932725 35.508252 -1
17.161462 34.904799 -1
18.390201 34.301346 -1
19.574258 33.612592 -1
20.758314 32.924093 -1
21.891597 32.153847 -1
23.024880 31.382839 -1
24.102311 30.534145 -1
25.179487 29.685201 -1
26.195480 28.761870 -1
27.211475 27.838539 -1
28.160955 26.845140 -1
29.110689 25.851486 -1
29.989592 24.792589 -1
30.868241 23.732926 -1
31.671745 22.613099 -1
32.475246 21.492259 -1
33.199797 20.316832 -1
33.924347 19.139884 -1
34.566135 17.913429 -1
35.207920 16.686215 -1
-33.008122 15.650926 -1
-32.406448 16.802996 -1
-31.804774 17.953797 -1
-31.125413 19.057630 -1
-30.446307 20.160447 -1
-29.693069 21.211475 -1
-28.939580 22.261742 -1
-28.115765 23.255396 -1
-27.291953 24.248287 -1
-26.401624 25.180248 -1
-25.511298 26.111450 -1
-24.558771 26.977152 -1
-23.606245 27.842853 -1
-22.596344 28.638743 -1
-21.586443 29.434375 -1
-20.523737 30.156639 -1
-19.461285 30.878902 -1
-18.351358 31.524753 -1
-17.241432 32.170092 -1
-16.089363 32.735719 -1
-14.937294 33.301345 -1
-13.748921 33.784718 -1
-12.560549 34.267833 -1
-11.341711 34.666667 -1
-10.122874 35.064990 -1
-8.879157 35.376999 -1
-7.635441 35.688754 -1
-6.373445 35.912668 -1
-5.111196 36.136584 -1
-3.836507 36.271388 -1
-2.561818 36.406195 -1
-1.280782 36.451128 -1
0.000000 36.496318 -1
1.280782 36.451128 -1
2.561818 36.406195 -1
3.836507 36.271388 -1
5.111196 36.136584 -1
6.373445 35.912668 -1
7.635441 35.688754 -1
8.879157 35.376999 -1
10.122874 35.064990 -1
11.341711 34.666667 -1
12.560549 34.267833 -1
13.748921 33.784718 -1
14.937294 33.301345 -1
16.089363 32.735719 -1
17.241432 32.170092 -1
18.351358 31.524753 -1
19.461285 30.878902 -1
20.523737 30.156639 -1
21.586443 29.434375 -1
22.596344 28.638743 -1
23.606245 27.842853 -1
24.558771 26.977152 -1
25.511298 26.111450 -1
26.401624 25.180248 -1
27.291953 24.248287 -1
28.115765 23.255396 -1
28.939580 22.261742 -1
29.693069 21.211475 -1
30.446307 20.160447 -1
31.125413 19.057630 -1
31.804774 17.953797 -1
32.406448 16.802996 -1
33.008122 15.650926 -1
-31.294998 13.502411 -1
-30.808328 14.577811 -1
-30.246764 15.654735 -1
-29.685201 16.730135 -1
-29.051281 17.761615 -1
-28.417364 18.792078 -1
-27.714142 19.773801 -1
-27.011170 20.755015 -1
-26.242195 21.683168 -1
-25.473217 22.610561 -1
-24.642042 23.481088 -1
-23.811119 24.350852 -1
-22.922062 25.159686 -1
-22.033258 25.968012 -1
-21.090378 26.711349 -1
-20.147753 27.454431 -1
-19.156131 28.128967 -1
-18.164255 28.803505 -1
-17.128205 29.406447 -1
-16.092409 30.009138 -1
-15.017010 30.537192 -1
-13.941863 31.065500 -1
-12.832699 31.516881 -1
-11.723534 31.968011 -1
-10.585936 32.340442 -1
-9.448083 32.712365 -1
-8.287383 33.003809 -1
-7.126682 33.294998 -1
-5.948718 33.503934 -1
-4.770500 33.712870 -1
-3.580858 33.838792 -1
-2.390962 33.964712 -1
-1.195481 34.006601 -1
0.000000 34.048742 -1
1.195481 34.006601 -1
2.390962 33.964712 -1
3.580858 33.838792 -1
4.770500 33.712870 -1
5.948718 33.503934 -1
7.126682 33.294998 -1
8.287383 33.003809 -1
9.448083 32.712365 -1
10.585936 32.340442 -1
11.723534 31.968011 -1
12.832699 31.516881 -1
13.941863 31.065500 -1
15.017010 30.537192 -1
16.092409 30.009138 -1
17.128205 29.406447 -1
18.164255 28.803505 -1
19.156131 28.128967 -1
20.147753 27.454431 -1
21.090378 26.711349 -1
22.033258 25.968012 -1
22.922062 25.159686 -1
23.811119 24.350852 -1
24.642042 23.481088 -1
25.473217 22.610561 -1
26.242195 21.683168 -1
27.011170 20.755015 -1
27.714142 19.773801 -1
28.417364 18.792078 -1
29.051281 17.761615 -1
29.685201 16.730135 -1
30.246764 15.654735 -1
30.808328 14.577811 -1
31.294998 13.502411 -1
-29.512567 11.468138 -1
-29.060928 12.507744 -1
-28.609039 13.545063 -1
-28.087586 14.546331 -1
-27.565878 15.545569 -1
-26.977406 16.503934 -1
-26.388676 17.461286 -1
-25.735719 18.373445 -1
-25.082762 19.284590 -1
-24.368622 20.146740 -1
-23.654735 21.007870 -1
-22.882965 21.815945 -1
-22.111196 22.623763 -1
-21.285860 23.374714 -1
-20.460269 24.125414 -1
-19.584920 24.815689 -1
-18.709570 25.505459 -1
-17.788525 26.131761 -1
-16.867478 26.758060 -1
-15.905560 27.317848 -1
-14.943387 27.877379 -1
-13.945163 28.367861 -1
-12.946687 28.858339 -1
-11.916730 29.277481 -1
-10.886773 29.696369 -1
-9.830160 30.041888 -1
-8.773546 30.387407 -1
-7.695862 30.658035 -1
-6.617923 30.928155 -1
-5.523991 31.122367 -1
-4.430058 31.316325 -1
-3.325209 31.433105 -1
-2.220360 31.550140 -1
-1.110180 31.588983 -1
0.000000 31.628077 -1
1.110180 31.588983 -1
2.220360 31.550140 -1
3.325209 31.433105 -1
4.430058 31.316325 -1
5.523991 31.122367 -1
6.617923 30.928155 -1
7.695862 30.658035 -1
8.773546 30.387407 -1
9.830160 30.041888 -1
10.886773 29.696369 -1
11.916730 29.277481 -1
12.946687 28.858339 -1
13.945163 28.367861 -1
14.943387 27.877379 -1
15.905560 27.317848 -1
16.867478 26.758060 -1
17.788525 26.131761 -1
18.709570 25.505459 -1
19.584920 24.815689 -1
20.460269 24.125414 -1
21.285860 23.374714 -1
22.111196 22.623763 -1
22.882965 21.815945 -1
23.654735 21.007870 -1
24.368622 20.146740 -1
25.082762 19.284590 -1
25.735719 18.373445 -1
26.388676 17.461286 -1
26.977406 16.503934 -1
27.565878 15.545569 -1
28.087586 14.546331 -1
28.609039 13.545063 -1
29.060928 12.507744 -1
29.512567 11.468138 -1
-27.243717 10.551408 -1
-26.409495 12.472709 -1
-25.446813 14.322164 -1
-24.359989 16.092918 -1
-23.154354 17.778117 -1
-21.835999 19.370653 -1
-20.411272 20.863673 -1
-18.887280 22.250824 -1
-17.271135 23.525769 -1
-15.570704 24.682915 -1
-13.794618 25.716933 -1
-11.951257 26.623002 -1
-10.049758 27.397056 -1
-8.099264 28.035036 -1
-6.109165 28.534653 -1
-4.089363 28.893374 -1
-2.049759 29.108910 -1
0.000000 29.181009 -1
2.049759 29.108910 -1
4.089363 28.893374 -1
6.109165 28.534653 -1
8.099264 28.035036 -1
10.049758 27.397056 -1
11.951257 26.623002 -1
13.794618 25.716933 -1
15.570704 24.682915 -1
17.271135 23.525769 -1
18.887280 22.250824 -1
20.411272 20.863673 -1
21.835999 19.370653 -1
23.154354 17.778117 -1
24.359989 16.092918 -1
25.446813 14.322164 -1
26.409495 12.472709 -1
27.243717 10.551408 -1
-24.923839 9.669204 -1
-24.160701 11.429044 -1
-23.223153 13.095963 -1
-22.285606 14.741814 -1
-21.130997 16.249049 -1
-19.976644 17.739528 -1
-18.627824 19.063469 -1
-17.279005 20.373699 -1
-15.761868 21.491497 -1
-14.244986 22.597613 -1
-12.589236 23.489973 -1
-10.933486 24.371668 -1
-9.171617 25.022341 -1
-7.409494 25.663112 -1
-5.575273 26.060168 -1
-3.741051 26.447830 -1
-1.870526 26.583905 -1
0.000000 26.710841 -1
1.870526 26.583905 -1
3.741051 26.447830 -1
5.575273 26.060168 -1
7.409494 25.663112 -1
9.171617 25.022341 -1
10.933486 24.371668 -1
12.589236 23.489973 -1
14.244986 22.597613 -1
15.761868 21.491497 -1
17.279005 20.373699 -1
18.627824 19.063469 -1
19.976644 17.739528 -1
21.130997 16.249049 -1
22.285606 14.741814 -1
23.223153 13.095963 -1
24.160701 11.429044 -1
24.923839 9.669204 -1
-22.603960 8.731659 -1
-21.911906 10.332063 -1
-21.061437 11.840314 -1
-20.211221 13.342474 -1
-19.164255 14.705509 -1
-18.117289 16.065246 -1
-16.893882 17.261997 -1
-15.670729 18.456715 -1
-14.294745 19.466617 -1
-12.919015 20.475756 -1
-11.417365 21.280782 -1
-9.915968 22.085808 -1
-8.317848 22.671999 -1
-6.719726 23.257679 -1
-5.056359 23.613862 -1
-3.392993 23.970045 -1
-1.696370 24.089363 -1
0.000000 24.208684 -1
1.696370 24.089363 -1
3.392993 23.970045 -1
5.056359 23.613862 -1
6.719726 23.257679 -1
8.317848 22.671999 -1
9.915968 22.085808 -1
11.417365 21.280782 -1
12.919015 20.475756 -1
14.294745 19.466617 -1
15.670729 18.456715 -1
16.893882 17.261997 -1
18.117289 16.065246 -1
19.164255 14.705509 -1
20.211221 13.342474 -1
21.061437 11.840314 -1
21.911906 10.332063 -1
22.603960 8.731659 -1
-20.265296 7.846409 -1
-19.644834 9.282305 -1
-18.882458 10.634425 -1
-18.120081 11.980706 -1
-17.181519 13.202082 -1
-16.242701 14.420412 -1
-15.145976 15.492511 -1
-14.049252 16.563088 -1
-12.815689 17.468141 -1
-11.582382 18.372177 -1
-10.236101 19.093678 -1
-8.890073 19.814928 -1
-7.457222 20.340190 -1
-6.024625 20.865194 -1
-4.533130 21.184058 -1
-3.041889 21.503174 -1
-1.520944 21.610307 -1
0.000000 21.717189 -1
1.520944 21.610307 -1
3.041889 21.503174 -1
4.533130 21.184058 -1
6.024625 20.865194 -1
7.457222 20.340190 -1
8.890073 19.814928 -1
10.236101 19.093678 -1
11.582382 18.372177 -1
12.815689 17.468141 -1
14.049252 16.563088 -1
15.145976 15.492511 -1
16.242701 14.420412 -1
17.181519 13.202082 -1
18.120081 11.980706 -1
18.882458 10.634425 -1
19.644834 9.282305 -1
20.265296 7.846409 -1
-17.926631 6.901496 -1
-17.377761 8.176442 -1
-16.703224 9.376239 -1
-16.028941 10.570194 -1
-15.198527 11.652957 -1
-14.368367 12.732673 -1
-13.398071 13.682409 -1
-12.428028 14.630872 -1
-11.336887 15.432343 -1
-10.245747 16.233055 -1
-9.054837 16.872048 -1
-7.863925 17.510535 -1
-6.596598 17.975630 -1
-5.329271 18.440467 -1
-4.010155 18.723026 -1
-2.690784 19.005331 -1
-1.345519 19.100279 -1
0.000000 19.194721 -1
1.345519 19.100279 -1
2.690784 19.005331 -1
4.010155 18.723026 -1
5.329271 18.440467 -1
6.596598 17.975630 -1
7.863925 17.510535 -1
9.054837 16.872048 -1
10.245747 16.233055 -1
11.336887 15.432343 -1
12.428028 14.630872 -1
13.398071 13.682409 -1
14.368367 12.732673 -1
15.198527 11.652957 -1
16.028941 10.570194 -1
16.703224 9.376239 -1
17.377761 8.176442 -1
17.926631 6.901496 -1
-15.621224 6.033257 -1
-15.142675 7.143945 -1
-14.555217 8.188627 -1
-13.967504 9.228230 -1
-13.243970 10.170601 -1
-12.520436 11.110688 -1
-11.675045 11.937800 -1
-10.829652 12.763391 -1
-9.878903 13.461284 -1
-8.928154 14.158418 -1
-7.890327 14.714902 -1
-6.852754 15.270881 -1
-5.748413 15.676059 -1
-4.643818 16.080732 -1
-3.494288 16.326732 -1
-2.344758 16.572735 -1
-1.172379 16.655244 -1
0.000000 16.737752 -1
1.172379 16.655244 -1
2.344758 16.572735 -1
3.494288 16.326732 -1
4.643818 16.080732 -1
5.748413 15.676059 -1
6.852754 15.270881 -1
7.890327 14.714902 -1
8.928154 14.158418 -1
9.878903 13.461284 -1
10.829652 12.763391 -1
11.675045 11.937800 -1
12.520436 11.110688 -1
13.243970 10.170601 -1
13.967504 9.228230 -1
14.555217 8.188627 -1
15.142675 7.143945 -1
15.621224 6.033257 -1
-12.907845 6.054074 -1
-11.906068 7.838029 -1
-10.672506 9.447067 -1
-9.231277 10.858846 -1
-7.610307 12.049758 -1
-5.841330 12.999493 -1
-3.958619 13.690531 -1
-1.998731 14.110436 -1
0.000000 14.251332 -1
1.998731 14.110436 -1
3.958619 13.690531 -1
5.841330 12.999493 -1
7.610307 12.049758 -1
9.231277 10.858846 -1
10.672506 9.447067 -1
11.906068 7.838029 -1
12.907845 6.054074 -1
-10.597868 5.000761 -1
-9.680122 6.401879 -1
-8.762630 7.778370 -1
-7.505459 8.850977 -1
-6.248286 9.911145 -1
-4.749175 10.588221 -1
-3.250064 11.256410 -1
-1.625032 11.490225 -1
0.000000 11.715917 -1
1.625032 11.490225 -1
3.250064 11.256410 -1
4.749175 10.588221 -1
6.248286 9.911145 -1
7.505459 8.850977 -1
8.762630 7.778370 -1
9.680122 6.401879 -1
10.597868 5.000761 -1
-8.287637 3.874079 -1
-7.569941 4.971819 -1
-6.852501 6.058390 -1
-5.869256 6.896420 -1
-4.886266 7.731404 -1
-3.713887 8.258950 -1
-2.541508 8.785733 -1
-1.270881 8.965727 -1
0.000000 9.145721 -1
1.270881 8.965727 -1
2.541508 8.785733 -1
3.713887 8.258950 -1
4.886266 7.731404 -1
5.869256 6.896420 -1
6.852501 6.058390 -1
7.569941 4.971819 -1
8.287637 3.874079 -1
-5.638995 3.304647 -1
-4.921554 4.368623 -1
-4.215537 4.968519 -1
-3.509520 5.566641 -1
-2.667428 5.944656 -1
-1.825336 6.322417 -1
-0.912668 6.451383 -1
0.000000 6.580351 -1
0.912668 6.451383 -1
1.825336 6.322417 -1
2.667428 5.944656 -1
3.509520 5.566641 -1
4.215537 4.968519 -1
4.921554 4.368623 -1
5.638995 3.304647 -1
-2.990607 2.630111 -1
-2.132521 3.363289 -1
-1.109165 3.824575 -1
0.000000 3.981974 -1
1.109165 3.824575 -1
2.132521 3.363289 -1
2.990607 2.630111 -1
