# Active surface commands at 22.916395
# Zero points are Off, FEM corrections are Off
-12.741051 103.255394 -120
-10.929931 103.478548 -115
-9.111958 103.637726 -110
-7.293983 103.797412 -106
-5.471693 103.893116 -103
-3.649150 103.988833 -101
-1.824575 104.021075 -100
0.000000 104.052809 -100
1.824575 104.021075 -100
3.649150 103.988833 -101
5.471693 103.893116 -103
7.293983 103.797412 -106
9.111958 103.637726 -110
10.929931 103.478548 -115
12.741051 103.255394 -120
-23.048235 99.466362 -123
-21.336126 99.861387 -112
-19.578065 100.204114 -103
-17.820005 100.546840 -94
-16.051028 100.827872 -87
-14.282051 101.109163 -81
-12.504442 101.327749 -75
-10.726834 101.546838 -70
-8.942625 101.703220 -66
-7.158416 101.859863 -63
-5.369891 101.953794 -61
-3.581366 102.047726 -59
-1.790810 102.079205 -58
0.000000 102.110431 -58
1.790810 102.079205 -58
3.581366 102.047726 -59
5.369891 101.953794 -61
7.158416 101.859863 -63
8.942625 101.703220 -66
10.726834 101.546838 -70
12.504442 101.327749 -75
14.282051 101.109163 -81
16.051028 100.827872 -87
17.820005 100.546840 -94
19.578065 100.204114 -103
21.336126 99.861387 -112
23.048235 99.466362 -123
-29.431075 95.752474 -125
-27.750698 96.268088 -111
-26.053567 96.724041 -99
-24.356436 97.180501 -88
-22.644327 97.566385 -78
-20.932217 97.961664 -69
-19.207413 98.297790 -61
-17.482610 98.634170 -54
-15.747145 98.909623 -48
-14.011678 99.185578 -42
-12.267835 99.400352 -38
-10.523737 99.615127 -34
-8.773292 99.768466 -31
-7.023103 99.922314 -28
-5.268342 100.014472 -26
-3.513582 100.106625 -25
-1.756791 100.137596 -24
0.000000 100.168314 -24
1.756791 100.137596 -24
3.513582 100.106625 -25
5.268342 100.014472 -26
7.023103 99.922314 -28
8.773292 99.768466 -31
10.523737 99.615127 -34
12.267835 99.400352 -38
14.011678 99.185578 -42
15.747145 98.909623 -48
17.482610 98.634170 -54
19.207413 98.297790 -61
20.932217 97.961664 -69
22.644327 97.566385 -78
24.356436 97.180501 -88
26.053567 96.724041 -99
27.750698 96.268088 -111
29.431075 95.752474 -125
-33.758314 92.233310 -122
-32.129727 92.795887 -106
-30.500890 93.358464 -92
-28.853517 93.863672 -80
-27.206144 94.368874 -68
-25.542269 94.816198 -58
-23.878396 95.263517 -49
-22.200051 95.651942 -40
-20.521453 96.040875 -33
-18.830413 96.370399 -27
-17.139629 96.700178 -21
-15.438182 96.970295 -16
-13.736736 97.240672 -12
-12.026910 97.451380 -8
-10.317339 97.661841 -5
-8.601167 97.812391 -2
-6.885250 97.963189 0
-5.165016 98.053569 0
-3.444783 98.143942 1
-1.722264 98.174158 2
0.000000 98.204367 2
1.722264 98.174158 2
3.444783 98.143942 1
5.165016 98.053569 0
6.885250 97.963189 0
8.601167 97.812391 -2
10.317339 97.661841 -5
12.026910 97.451380 -8
13.736736 97.240672 -12
15.438182 96.970295 -16
17.139629 96.700178 -21
18.830413 96.370399 -27
20.521453 96.040875 -33
22.200051 95.651942 -40
23.878396 95.263517 -49
25.542269 94.816198 -58
27.206144 94.368874 -68
28.853517 93.863672 -80
30.500890 93.358464 -92
32.129727 92.795887 -106
33.758314 92.233310 -122
-37.788525 88.513329 -126
-36.234578 89.175168 -109
-34.658542 89.781925 -93
-33.082762 90.376744 -78
-31.486418 90.928152 -65
-29.890328 91.479560 -53
-28.275959 91.974610 -43
-26.661588 92.469659 -33
-25.030972 92.908096 -25
-23.400355 93.346279 -17
-21.755522 93.727340 -10
-20.110687 94.108401 -5
-18.453669 94.431325 0
-16.796395 94.754503 4
-15.129221 95.019296 8
-13.461793 95.284336 11
-11.786240 95.490731 14
-10.110688 95.696877 16
-8.429043 95.844632 18
-6.747398 95.992127 20
-5.061437 96.080728 21
-3.375730 96.169329 22
-1.687992 96.199036 22
0.000000 96.228737 22
1.687992 96.199036 22
3.375730 96.169329 22
5.061437 96.080728 21
6.747398 95.992127 20
8.429043 95.844632 18
10.110688 95.696877 16
11.786240 95.490731 14
13.461793 95.284336 11
15.129221 95.019296 8
16.796395 94.754503 4
18.453669 94.431325 0
20.110687 94.108401 -5
21.755522 93.727340 -10
23.400355 93.346279 -17
25.030972 92.908096 -25
26.661588 92.469659 -33
28.275959 91.974610 -43
29.890328 91.479560 -53
31.486418 90.928152 -65
33.082762 90.376744 -78
34.658542 89.781925 -93
36.234578 89.175168 -109
37.788525 88.513329 -126
-39.992131 85.333588 -117
-38.525769 86.017008 -99
-37.004061 86.665143 -82
-35.482357 87.313278 -67
-33.939070 87.907589 -54
-32.395784 88.501900 -42
-30.832953 89.041885 -31
-29.269864 89.581871 -21
-27.689008 90.067022 -13
-26.108150 90.551913 -5
-24.511297 90.980959 1
-22.914699 91.410254 7
-21.303884 91.783444 12
-19.693322 92.156386 16
-18.070576 92.472709 20
-16.447830 92.789286 23
-14.815182 93.048742 26
-13.182280 93.308198 29
-11.541508 93.510279 31
-9.900736 93.712366 32
-8.254126 93.856817 34
-6.607261 94.001522 35
-4.956588 94.088345 36
-3.305662 94.175173 36
-1.652704 94.203857 37
0.000000 94.233050 37
1.652704 94.203857 37
3.305662 94.175173 36
4.956588 94.088345 36
6.607261 94.001522 35
8.254126 93.856817 34
9.900736 93.712366 32
11.541508 93.510279 31
13.182280 93.308198 29
14.815182 93.048742 26
16.447830 92.789286 23
18.070576 92.472709 20
19.693322 92.156386 16
21.303884 91.783444 12
22.914699 91.410254 7
24.511297 90.980959 1
26.108150 90.551913 -5
27.689008 90.067022 -13
29.269864 89.581871 -21
30.832953 89.041885 -31
32.395784 88.501900 -42
33.939070 87.907589 -54
35.482357 87.313278 -67
37.004061 86.665143 -82
38.525769 86.017008 -99
39.992131 85.333588 -117
-43.525259 81.348821 -131
-42.083525 82.085805 -110
-40.641787 82.823303 -92
-39.175425 83.498858 -75
-37.709063 84.182532 -59
-36.219597 84.816957 -46
-34.730135 85.451382 -33
-33.219599 86.033253 -22
-31.709064 86.614877 -12
-30.179234 87.143439 -4
-28.649403 87.671995 3
-27.102058 88.146988 10
-25.554709 88.621479 16
-23.991623 89.041631 21
-22.428788 89.461790 25
-20.852247 89.827114 29
-19.275705 90.192179 32
-17.687485 90.501901 35
-16.099010 90.811629 37
-14.500889 91.065755 39
-12.902767 91.319626 41
-11.297029 91.517387 42
-9.691039 91.715154 43
-8.078954 91.856816 44
-6.467124 91.998224 44
-4.851485 92.083268 45
-3.235593 92.168317 45
-1.617669 92.196493 45
0.000000 92.224930 45
1.617669 92.196493 45
3.235593 92.168317 45
4.851485 92.083268 45
6.467124 91.998224 44
8.078954 91.856816 44
9.691039 91.715154 43
11.297029 91.517387 42
12.902767 91.319626 41
14.500889 91.065755 39
16.099010 90.811629 37
17.687485 90.501901 35
19.275705 90.192179 32
20.852247 89.827114 29
22.428788 89.461790 25
23.991623 89.041631 21
25.554709 88.621479 16
27.102058 88.146988 10
28.649403 87.671995 3
30.179234 87.143439 -4
31.709064 86.614877 -12
33.219599 86.033253 -22
34.730135 85.451382 -33
36.219597 84.816957 -46
37.709063 84.182532 -59
39.175425 83.498858 -75
40.641787 82.823303 -92
42.083525 82.085805 -110
43.525259 81.348821 -131
-45.334856 78.006345 -128
-43.951002 78.776593 -107
-42.566894 79.546588 -87
-41.156894 80.267326 -70
-39.747144 80.988573 -54
-38.313024 81.659560 -40
-36.878650 82.331049 -27
-35.422189 82.951255 -16
-33.965474 83.571716 -6
-32.488194 84.140900 2
-31.010917 84.710078 9
-29.514851 85.226957 16
-28.018533 85.744096 22
-26.505205 86.208174 27
-24.992130 86.672506 31
-23.463569 87.083523 35
-21.935009 87.494540 38
-20.393246 87.851739 40
-18.851231 88.208683 42
-17.298045 88.511805 44
-15.744605 88.814672 45
-14.181772 89.063213 46
-12.618685 89.311500 47
-11.048236 89.505201 48
-9.477533 89.698400 48
-7.901244 89.836759 49
-6.324702 89.975371 49
-4.744605 90.058388 49
-3.164255 90.141404 49
-1.582127 90.169079 49
0.000000 90.197001 49
1.582127 90.169079 49
3.164255 90.141404 49
4.744605 90.058388 49
6.324702 89.975371 49
7.901244 89.836759 49
9.477533 89.698400 48
11.048236 89.505201 48
12.618685 89.311500 47
14.181772 89.063213 46
15.744605 88.814672 45
17.298045 88.511805 44
18.851231 88.208683 42
20.393246 87.851739 40
21.935009 87.494540 38
23.463569 87.083523 35
24.992130 86.672506 31
26.505205 86.208174 27
28.018533 85.744096 22
29.514851 85.226957 16
31.010917 84.710078 9
32.488194 84.140900 2
33.965474 83.571716 -6
35.422189 82.951255 -16
36.878650 82.331049 -27
38.313024 81.659560 -40
39.747144 80.988573 -54
41.156894 80.267326 -70
42.566894 79.546588 -87
43.951002 78.776593 -107
45.334856 78.006345 -128
-46.965981 74.651943 -127
-45.640265 75.489211 -105
-44.314294 76.238640 -86
-42.961412 76.991367 -67
-41.608529 77.744100 -51
-40.230517 78.448847 -37
-38.852247 79.153843 -24
-37.450369 79.809849 -12
-36.048488 80.466110 -2
-34.624778 81.072606 6
-33.200813 81.679357 14
-31.756792 82.235593 21
-30.312770 82.791823 27
-28.850217 83.297286 31
-27.387663 83.802742 36
-25.908606 84.256407 39
-24.429297 84.710332 42
-22.935262 85.111959 44
-21.441229 85.513833 46
-19.933994 85.863161 47
-18.427013 86.211980 48
-16.908607 86.508252 49
-15.390200 86.804518 49
-13.862401 87.047475 49
-12.334602 87.290172 49
-10.799442 87.479311 49
-9.264281 87.668444 49
-7.723280 87.803753 49
-6.182534 87.939069 49
-4.637725 88.020307 49
-3.093171 88.101550 49
-1.546585 88.128456 49
0.000000 88.155622 49
1.546585 88.128456 49
3.093171 88.101550 49
4.637725 88.020307 49
6.182534 87.939069 49
7.723280 87.803753 49
9.264281 87.668444 49
10.799442 87.479311 49
12.334602 87.290172 49
13.862401 87.047475 49
15.390200 86.804518 49
16.908607 86.508252 49
18.427013 86.211980 48
19.933994 85.863161 47
21.441229 85.513833 46
22.935262 85.111959 44
24.429297 84.710332 42
25.908606 84.256407 39
27.387663 83.802742 36
28.850217 83.297286 31
30.312770 82.791823 27
31.756792 82.235593 21
33.200813 81.679357 14
34.624778 81.072606 6
36.048488 80.466110 -2
37.450369 79.809849 -12
38.852247 79.153843 -24
40.230517 78.448847 -37
41.608529 77.744100 -51
42.961412 76.991367 -67
44.314294 76.238640 -86
45.640265 75.489211 -105
46.965981 74.651943 -127
-47.107389 72.095458 -106
-45.870779 72.898959 -86
-45.226199 73.294493 -76
-44.575780 73.680122 -68
-43.280781 74.461285 -50
-41.959635 75.196496 -36
-41.301599 75.569178 -28
-40.638233 75.931707 -22
-39.292205 76.620210 -10
-37.946178 77.308960 0
-37.264025 77.634680 5
-36.577051 77.949478 9
-35.207920 78.590503 17
-33.817214 79.183042 24
-33.124143 79.484638 27
-32.426505 79.775580 29
-31.016247 80.318863 34
-29.605739 80.862400 38
-28.893628 81.114746 40
-28.177457 81.356179 42
-26.748921 81.849710 44
-25.304392 82.292968 46
-24.583650 82.520182 47
-23.859609 82.736227 48
-22.400355 83.128711 49
-20.941102 83.521196 49
-20.206397 83.697381 49
-19.469155 83.862150 49
-17.997207 84.203097 49
-16.514344 84.492509 49
-15.773801 84.642805 49
-15.031227 84.781672 49
-13.539223 85.019038 48
-12.046966 85.256156 48
-11.298045 85.354147 48
-10.547601 85.440721 47
-9.048236 85.625795 47
-7.543285 85.757807 46
-6.791318 85.829654 46
-6.038335 85.890073 46
-4.529576 85.969284 45
-3.021071 86.048742 45
-2.265804 86.067529 45
-1.510536 86.075146 45
0.000000 86.101295 45
1.510536 86.075146 45
2.265804 86.067529 45
3.021071 86.048742 45
4.529576 85.969284 45
6.038335 85.890073 46
6.791318 85.829654 46
7.543285 85.757807 46
9.048236 85.625795 47
10.547601 85.440721 47
11.298045 85.354147 48
12.046966 85.256156 48
13.539223 85.019038 48
15.031227 84.781672 49
15.773801 84.642805 49
16.514344 84.492509 49
17.997207 84.203097 49
19.469155 83.862150 49
20.206397 83.697381 49
20.941102 83.521196 49
22.400355 83.128711 49
23.859609 82.736227 48
24.583650 82.520182 47
25.304392 82.292968 46
26.748921 81.849710 44
28.177457 81.356179 42
28.893628 81.114746 40
29.605739 80.862400 38
31.016247 80.318863 34
32.426505 79.775580 29
33.124143 79.484638 27
33.817214 79.183042 24
35.207920 78.590503 17
36.577051 77.949478 9
37.264025 77.634680 5
37.946178 77.308960 0
39.292205 76.620210 -10
40.638233 75.931707 -22
41.301599 75.569178 -28
41.959635 75.196496 -36
43.280781 74.461285 -50
44.575780 73.680122 -68
45.226199 73.294493 -76
45.870779 72.898959 -86
47.107389 72.095458 -106
-49.664637 67.850213 -133
-47.856056 69.128712 -98
-46.012187 70.342728 -69
-44.146231 71.532112 -43
-42.247271 72.671237 -21
-40.315563 73.752726 -3
-38.353897 74.778879 10
-36.374207 75.768978 22
-34.367098 76.702210 31
-32.333079 77.575017 38
-30.275452 78.389439 43
-28.203603 79.166289 47
-26.110180 79.883978 49
-23.996699 80.538459 49
-21.865449 81.132522 49
-19.724041 81.687482 49
-17.567402 82.181515 47
-15.397309 82.610562 46
-13.215791 82.977659 44
-11.028180 83.304897 42
-8.832191 83.569943 41
-6.629094 83.769229 40
-4.421427 83.905561 39
-2.211729 84.001525 38
0.000000 84.034523 38
2.211729 84.001525 38
4.421427 83.905561 39
6.629094 83.769229 40
8.832191 83.569943 41
11.028180 83.304897 42
13.215791 82.977659 44
15.397309 82.610562 46
17.567402 82.181515 47
19.724041 81.687482 49
21.865449 81.132522 49
23.996699 80.538459 49
26.110180 79.883978 49
28.203603 79.166289 47
30.275452 78.389439 43
32.333079 77.575017 38
34.367098 76.702210 31
36.374207 75.768978 22
38.353897 74.778879 10
40.315563 73.752726 -3
42.247271 72.671237 -21
44.146231 71.532112 -43
46.012187 70.342728 -69
47.856056 69.128712 -98
49.664637 67.850213 -133
-49.543539 65.365829 -126
-48.424472 66.143181 -92
-46.661081 67.389946 -62
-44.863164 68.586440 -37
-43.043920 69.749173 -16
-41.192433 70.860115 1
-39.308708 71.914953 15
-37.396294 72.915458 26
-35.465854 73.880932 35
-33.509014 74.791064 41
-31.525769 75.642042 46
-29.519676 76.436407 48
-27.499364 77.193702 49
-25.458238 77.893627 49
-23.397309 78.531858 48
-21.319625 79.110940 47
-19.231532 79.652196 45
-17.128713 80.134044 42
-15.012693 80.552423 39
-12.885758 80.910639 37
-10.752983 81.229751 34
-8.611576 81.487943 32
-6.463570 81.682152 31
-4.310993 81.815180 29
-2.156385 81.908603 28
0.000000 81.941100 28
2.156385 81.908603 28
4.310993 81.815180 29
6.463570 81.682152 31
8.611576 81.487943 32
10.752983 81.229751 34
12.885758 80.910639 37
15.012693 80.552423 39
17.128713 80.134044 42
19.231532 79.652196 45
21.319625 79.110940 47
23.397309 78.531858 48
25.458238 77.893627 49
27.499364 77.193702 49
29.519676 76.436407 48
31.525769 75.642042 46
33.509014 74.791064 41
35.465854 73.880932 35
37.396294 72.915458 26
39.308708 71.914953 15
41.192433 70.860115 1
43.043920 69.749173 -16
44.863164 68.586440 -37
46.661081 67.389946 -62
48.424472 66.143181 -92
49.543539 65.365829 -126
-50.511044 61.871792 -121
-48.865955 63.241688 -87
-47.184310 64.435894 -58
-45.466109 65.651435 -33
-43.714141 66.816957 -12
-41.941608 67.950243 4
-40.137345 69.032748 18
-38.302106 70.060674 29
-36.438438 71.035798 37
-34.557501 71.976387 43
-32.650672 72.863673 47
-30.718456 73.692816 49
-28.763646 74.466870 49
-26.795125 75.205130 49
-24.806296 75.887026 47
-22.798173 76.508757 44
-20.773547 77.073367 41
-18.739020 77.600659 38
-16.690022 78.070067 34
-14.628333 78.477786 31
-12.555725 78.826859 28
-10.477532 79.137852 24
-8.390962 79.389691 22
-6.298045 79.578830 20
-4.200559 79.708301 18
-2.101295 79.799443 17
0.000000 79.831177 17
2.101295 79.799443 17
4.200559 79.708301 18
6.298045 79.578830 20
8.390962 79.389691 22
10.477532 79.137852 24
12.555725 78.826859 28
14.628333 78.477786 31
16.690022 78.070067 34
18.739020 77.600659 38
20.773547 77.073367 41
22.798173 76.508757 44
24.806296 75.887026 47
26.795125 75.205130 49
28.763646 74.466870 49
30.718456 73.692816 49
32.650672 72.863673 47
34.557501 71.976387 43
36.438438 71.035798 37
38.302106 70.060674 29
40.137345 69.032748 18
41.941608 67.950243 4
43.714141 66.816957 -12
45.466109 65.651435 -33
47.184310 64.435894 -58
48.865955 63.241688 -87
50.511044 61.871792 -121
-51.221884 58.386649 -117
-49.161462 60.205382 -83
-47.560295 61.484390 -54
-45.923837 62.716931 -29
-44.251334 63.899975 -9
-42.546332 65.034526 7
-40.821019 66.137850 21
-39.064992 67.191417 31
-37.278752 68.191929 39
-35.464838 69.141152 45
-33.634425 70.057122 48
-31.778370 70.920286 49
-29.897691 71.727598 49
-27.995176 72.481087 48
-26.079208 73.199799 45
-24.143438 73.863162 42
-22.189135 74.468649 38
-20.218583 75.018278 34
-18.238132 75.531606 29
-16.244224 75.988574 25
-14.237370 76.385379 21
-12.220360 76.724802 17
-10.197512 77.027669 13
-8.166794 77.272659 10
-6.129728 77.456715 7
-4.088347 77.582889 5
-2.045189 77.671744 4
0.000000 77.702461 4
2.045189 77.671744 4
4.088347 77.582889 5
6.129728 77.456715 7
8.166794 77.272659 10
10.197512 77.027669 13
12.220360 76.724802 17
14.237370 76.385379 21
16.244224 75.988574 25
18.238132 75.531606 29
20.218583 75.018278 34
22.189135 74.468649 38
24.143438 73.863162 42
26.079208 73.199799 45
27.995176 72.481087 48
29.897691 71.727598 49
31.778370 70.920286 49
33.634425 70.057122 48
35.464838 69.141152 45
37.278752 68.191929 39
39.064992 67.191417 31
40.821019 66.137850 21
42.546332 65.034526 7
44.251334 63.899975 -9
45.923837 62.716931 -29
47.560295 61.484390 -54
49.161462 60.205382 -83
51.221884 58.386649 -117
-50.844123 55.968014 -114
-49.346281 57.283826 -81
-47.811883 58.538972 -52
-46.254887 59.782942 -27
-44.663113 60.981723 -7
-43.036557 62.132518 9
-41.378269 63.235849 23
-39.700433 64.309213 33
-37.992638 65.333841 40
-36.255394 66.307187 46
-34.491495 67.230514 48
-32.711094 68.121352 49
-30.906068 68.960901 49
-29.076922 69.746384 47
-27.226706 70.479054 44
-25.363290 71.177963 40
-23.480832 71.823556 35
-21.580096 72.412289 30
-19.663366 72.946938 25
-17.737497 73.446307 19
-15.798172 73.890583 14
-13.846661 74.276720 9
-11.884996 74.607007 4
-9.917746 74.901495 0
-7.942625 75.139629 -2
-5.961412 75.318864 -5
-3.976136 75.441480 -7
-1.989083 75.527800 -8
0.000000 75.557755 -9
1.989083 75.527800 -8
3.976136 75.441480 -7
5.961412 75.318864 -5
7.942625 75.139629 -2
9.917746 74.901495 0
11.884996 74.607007 4
13.846661 74.276720 9
15.798172 73.890583 14
17.737497 73.446307 19
19.663366 72.946938 25
21.580096 72.412289 30
23.480832 71.823556 35
25.363290 71.177963 40
27.226706 70.479054 44
29.076922 69.746384 47
30.906068 68.960901 49
32.711094 68.121352 49
34.491495 67.230514 48
36.255394 66.307187 46
37.992638 65.333841 40
39.700433 64.309213 33
41.378269 63.235849 23
43.036557 62.132518 9
44.663113 60.981723 -7
46.254887 59.782942 -27
47.811883 58.538972 -52
49.346281 57.283826 -81
50.844123 55.968014 -114
-51.183549 52.517642 -112
-49.385378 54.348058 -79
-47.930439 55.626050 -50
-46.440214 56.862149 -26
-44.927645 58.070320 -5
-43.381824 59.235340 10
-41.801979 60.353137 24
-40.191165 61.425236 34
-38.561311 62.467634 41
-36.902767 63.463571 46
-35.215283 64.408735 49
-33.501904 65.305659 49
-31.772532 66.171109 48
-30.019293 66.986801 46
-28.242701 67.749680 42
-26.445543 68.461537 38
-24.635695 69.140389 33
-22.807058 69.767451 27
-20.960904 70.339424 21
-19.099264 70.858590 14
-17.228739 71.343742 8
-15.345011 71.775323 2
-13.449353 72.150546 -2
-11.544047 72.471437 -7
-9.633156 72.757297 -12
-7.714649 72.988830 -16
-5.790556 73.162983 -19
-3.862148 73.282053 -21
-1.931962 73.365826 -22
0.000000 73.395025 -23
1.931962 73.365826 -22
3.862148 73.282053 -21
5.790556 73.162983 -19
7.714649 72.988830 -16
9.633156 72.757297 -12
11.544047 72.471437 -7
13.449353 72.150546 -2
15.345011 71.775323 2
17.228739 71.343742 8
19.099264 70.858590 14
20.960904 70.339424 21
22.807058 69.767451 27
24.635695 69.140389 33
26.445543 68.461537 38
28.242701 67.749680 42
30.019293 66.986801 46
31.772532 66.171109 48
33.501904 65.305659 49
35.215283 64.408735 49
36.902767 63.463571 46
38.561311 62.467634 41
40.191165 61.425236 34
41.801979 60.353137 24
43.381824 59.235340 10
44.927645 58.070320 -5
46.440214 56.862149 -26
47.930439 55.626050 -50
49.385378 54.348058 -79
51.183549 52.517642 -112
-50.639250 50.142676 -111
-49.301345 51.358721 -78
-47.926884 52.727848 -50
-46.514851 53.968522 -25
-45.068545 55.168319 -5
-43.600661 56.340950 11
-42.100278 57.471695 24
-40.567148 58.556487 34
-39.004062 59.597107 42
-37.422441 60.609035 46
-35.812644 61.575526 49
-34.175172 62.493021 49
-32.512314 63.363541 48
-30.833969 64.203604 45
-29.132776 64.995174 41
-27.408479 65.735722 36
-25.664381 66.426505 31
-23.907844 67.085555 24
-22.133537 67.694084 17
-20.341711 68.249304 10
-18.535161 68.753235 3
-16.719727 69.223914 -2
-14.891851 69.643056 -9
-13.052044 70.007110 -15
-11.203097 70.318611 -20
-9.348565 70.596091 -25
-7.486926 70.820764 -29
-5.619447 70.989846 -33
-3.747906 71.105359 -35
-1.874841 71.186851 -36
0.000000 71.215027 -37
1.874841 71.186851 -36
3.747906 71.105359 -35
5.619447 70.989846 -33
7.486926 70.820764 -29
9.348565 70.596091 -25
11.203097 70.318611 -20
13.052044 70.007110 -15
14.891851 69.643056 -9
16.719727 69.223914 -2
18.535161 68.753235 3
20.341711 68.249304 10
22.133537 67.694084 17
23.907844 67.085555 24
25.664381 66.426505 31
27.408479 65.735722 36
29.132776 64.995174 41
30.833969 64.203604 45
32.512314 63.363541 48
34.175172 62.493021 49
35.812644 61.575526 49
37.422441 60.609035 46
39.004062 59.597107 42
40.567148 58.556487 34
42.100278 57.471695 24
43.600661 56.340950 11
45.068545 55.168319 -5
46.514851 53.968522 -25
47.926884 52.727848 -50
49.301345 51.358721 -78
50.639250 50.142676 -111
-50.729118 46.764663 -111
-49.072861 48.576290 -78
-47.776340 49.856816 -50
-46.444274 51.100024 -25
-45.076163 52.302614 -5
-43.674536 53.465347 11
-42.252096 54.601930 24
-40.798173 55.697891 34
-39.312516 56.749432 42
-37.797664 57.758063 46
-36.265041 58.738765 49
-34.705002 59.675555 49
-33.118051 60.564862 48
-31.506729 61.408730 45
-29.880426 62.222644 41
-28.231532 62.989843 36
-26.560802 63.707538 29
-24.870526 64.377255 23
-23.168316 65.015739 15
-21.448845 65.605737 8
-19.712617 66.143689 0
-17.961920 66.632137 -7
-16.202589 67.088350 -14
-14.431074 67.494544 -21
-12.648388 67.847169 -27
-10.856563 68.149020 -33
-9.059406 68.417872 -38
-7.255395 68.635696 -42
-5.445545 68.799442 -46
-3.632140 68.911651 -48
-1.816959 68.990354 -50
0.000000 69.017774 -50
1.816959 68.990354 -50
3.632140 68.911651 -48
5.445545 68.799442 -46
7.255395 68.635696 -42
9.059406 68.417872 -38
10.856563 68.149020 -33
12.648388 67.847169 -27
14.431074 67.494544 -21
16.202589 67.088350 -14
17.961920 66.632137 -7
19.712617 66.143689 0
21.448845 65.605737 8
23.168316 65.015739 15
24.870526 64.377255 23
26.560802 63.707538 29
28.231532 62.989843 36
29.880426 62.222644 41
31.506729 61.408730 45
33.118051 60.564862 48
34.705002 59.675555 49
36.265041 58.738765 49
37.797664 57.758063 46
39.312516 56.749432 42
40.798173 55.697891 34
42.252096 54.601930 24
43.674536 53.465347 11
45.076163 52.302614 -5
46.444274 51.100024 -25
47.776340 49.856816 -50
49.072861 48.576290 -78
50.729118 46.764663 -111
-49.935262 44.467630 -112
-48.739019 45.657526 -79
-48.335871 46.175425 -69
-47.506474 47.009900 -51
-46.677329 47.844376 -34
-46.251586 48.250062 -27
-44.961921 49.453668 -6
-43.637217 50.617922 10
-43.191926 51.001522 15
-42.280529 51.743842 23
-41.369130 52.485908 31
-40.903527 52.844378 34
-39.496065 53.905562 41
-38.057628 54.923837 46
-37.574764 55.258184 47
-36.591266 55.900480 49
-35.607768 56.542522 49
-35.107388 56.849964 49
-33.597360 57.756792 48
-32.060929 58.617922 45
-31.546077 58.899722 44
-30.501141 59.434879 41
-29.456208 59.969788 37
-28.926632 60.223152 35
-27.330542 60.965980 29
-25.713126 61.660829 22
-25.171617 61.887027 19
-24.076669 62.309218 14
-22.981975 62.731404 9
-22.429042 62.927392 6
-20.764154 63.498603 -1
-19.083270 64.019548 -9
-18.521452 64.187359 -12
-17.388677 64.492514 -17
-16.255903 64.797159 -23
-15.685453 64.934248 -25
-13.970551 65.327494 -32
-12.244732 65.668950 -39
-11.668190 65.776846 -41
-10.510028 65.961157 -45
-9.351612 66.145468 -49
-8.770246 66.221629 -50
-7.023864 66.432598 -55
-5.271897 66.591013 -58
-4.687230 66.637982 -59
-3.516121 66.699671 -61
-2.345011 66.761106 -62
-1.758822 66.775833 -62
0.000000 66.802236 -63
1.758822 66.775833 -62
2.345011 66.761106 -62
3.516121 66.699671 -61
4.687230 66.637982 -59
5.271897 66.591013 -58
7.023864 66.432598 -55
8.770246 66.221629 -50
9.351612 66.145468 -49
10.510028 65.961157 -45
11.668190 65.776846 -41
12.244732 65.668950 -39
13.970551 65.327494 -32
15.685453 64.934248 -25
16.255903 64.797159 -23
17.388677 64.492514 -17
18.521452 64.187359 -12
19.083270 64.019548 -9
20.764154 63.498603 -1
22.429042 62.927392 6
22.981975 62.731404 9
24.076669 62.309218 14
25.171617 61.887027 19
25.713126 61.660829 22
27.330542 60.965980 29
28.926632 60.223152 35
29.456208 59.969788 37
30.501141 59.434879 41
31.546077 58.899722 44
32.060929 58.617922 45
33.597360 57.756792 48
35.107388 56.849964 49
35.607768 56.542522 49
36.591266 55.900480 49
37.574764 55.258184 47
38.057628 54.923837 46
39.496065 53.905562 41
40.903527 52.844378 34
41.369130 52.485908 31
42.280529 51.743842 23
43.191926 51.001522 15
43.637217 50.617922 10
44.961921 49.453668 -6
46.251586 48.250062 -27
46.677329 47.844376 -34
47.506474 47.009900 -51
48.335871 46.175425 -69
48.739019 45.657526 -79
49.935262 44.467630 -112
-49.675551 41.290681 -125
-48.268851 42.967250 -81
-46.694086 44.614369 -44
-45.119574 46.250319 -14
-43.434883 47.781924 9
-41.750446 49.302870 26
-39.964203 50.712111 38
-38.177963 52.110431 46
-36.298554 53.390710 49
-34.419397 54.659813 49
-32.456206 55.804770 45
-30.493273 56.938565 40
-28.455699 57.942876 32
-26.418380 58.936024 22
-24.316578 59.794874 11
-22.215029 60.642802 0
-20.059152 61.351863 -11
-17.903276 62.050264 -22
-15.703732 62.606501 -33
-13.504189 63.152325 -43
-11.271896 63.552935 -52
-9.039604 63.943386 -60
-6.785224 64.186343 -66
-4.530845 64.419141 -70
-2.265296 64.503936 -73
0.000000 64.578065 -74
2.265296 64.503936 -73
4.530845 64.419141 -70
6.785224 64.186343 -66
9.039604 63.943386 -60
11.271896 63.552935 -52
13.504189 63.152325 -43
15.703732 62.606501 -33
17.903276 62.050264 -22
20.059152 61.351863 -11
22.215029 60.642802 0
24.316578 59.794874 11
26.418380 58.936024 22
28.455699 57.942876 32
30.493273 56.938565 40
32.456206 55.804770 45
34.419397 54.659813 49
36.298554 53.390710 49
38.177963 52.110431 46
39.964203 50.712111 38
41.750446 49.302870 26
43.434883 47.781924 9
45.119574 46.250319 -14
46.694086 44.614369 -44
48.268851 42.967250 -81
49.675551 41.290681 -125
-48.009138 39.790047 -93
-46.602438 41.466616 -54
-45.082001 43.052042 -23
-43.561818 44.636964 1
-41.935262 46.111194 21
-40.308962 47.584920 35
-38.584411 48.940849 44
-36.859864 50.296269 48
-35.045442 51.527292 49
-33.231022 52.758058 47
-31.335620 53.858339 42
-29.440468 54.958621 35
-27.473472 55.923078 26
-25.506220 56.887536 15
-23.477025 57.711602 4
-21.448084 58.535668 -7
-19.366590 59.215029 -19
-17.285097 59.894643 -31
-15.161715 60.426757 -42
-13.038081 60.958871 -52
-10.882712 61.340695 -61
-8.727596 61.722518 -69
-6.550901 61.952273 -75
-4.374460 62.182282 -80
-2.187103 62.258698 -82
0.000000 62.335616 -83
2.187103 62.258698 -82
4.374460 62.182282 -80
6.550901 61.952273 -75
8.727596 61.722518 -69
10.882712 61.340695 -61
13.038081 60.958871 -52
15.161715 60.426757 -42
17.285097 59.894643 -31
19.366590 59.215029 -19
21.448084 58.535668 -7
23.477025 57.711602 4
25.506220 56.887536 15
27.473472 55.923078 26
29.440468 54.958621 35
31.335620 53.858339 42
33.231022 52.758058 47
35.045442 51.527292 49
36.859864 50.296269 48
38.584411 48.940849 44
40.308962 47.584920 35
41.935262 46.111194 21
43.561818 44.636964 1
45.082001 43.052042 -23
46.602438 41.466616 -54
48.009138 39.790047 -93
-47.614116 36.703986 -107
-46.258695 38.332065 -66
-44.903021 39.959889 -33
-43.438183 41.487940 -6
-41.973342 43.015486 14
-40.406448 44.436150 30
-38.839299 45.856564 41
-37.177457 47.163240 47
-35.515866 48.469407 49
-33.767707 49.655749 48
-32.019294 50.841839 45
-30.193198 51.902261 38
-28.366844 52.962426 30
-26.471693 53.892106 20
-24.576288 54.821272 9
-22.621223 55.615383 -2
-20.665906 56.409240 -14
-18.660321 57.064230 -27
-16.654988 57.719220 -38
-14.608784 58.231785 -50
-12.562579 58.744604 -60
-10.485910 59.112209 -69
-8.409241 59.480069 -77
-6.312008 59.701698 -83
-4.215029 59.923328 -87
-2.107388 59.997208 -90
0.000000 60.071083 -91
2.107388 59.997208 -90
4.215029 59.923328 -87
6.312008 59.701698 -83
8.409241 59.480069 -77
10.485910 59.112209 -69
12.562579 58.744604 -60
14.608784 58.231785 -50
16.654988 57.719220 -38
18.660321 57.064230 -27
20.665906 56.409240 -14
22.621223 55.615383 -2
24.576288 54.821272 9
26.471693 53.892106 20
28.366844 52.962426 30
30.193198 51.902261 38
32.019294 50.841839 45
33.767707 49.655749 48
35.515866 48.469407 49
37.177457 47.163240 47
38.839299 45.856564 41
40.406448 44.436150 30
41.973342 43.015486 14
43.438183 41.487940 -6
44.903021 39.959889 -33
46.258695 38.332065 -66
47.614116 36.703986 -107
-47.004824 33.664383 -121
-45.812136 35.296013 -79
-44.507998 36.863164 -44
-43.203860 38.429805 -15
-41.794365 39.900481 7
-40.385124 41.370652 24
-38.877380 42.738003 37
-37.369383 44.104850 45
-35.770754 45.362527 49
-34.171872 46.619446 49
-32.489719 47.761359 47
-30.807820 48.902768 42
-29.050522 49.923330 34
-27.293475 50.943642 25
-25.469916 51.838031 14
-23.646357 52.732416 3
-21.765169 53.496572 -8
-19.883980 54.260728 -20
-17.954302 54.890833 -33
-16.024626 55.521198 -44
-14.055851 56.014468 -55
-12.087332 56.507745 -66
-10.089109 56.861895 -74
-8.091140 57.215790 -82
-6.073115 57.429040 -88
-4.055344 57.642042 -93
-2.027672 57.713381 -95
0.000000 57.784460 -96
2.027672 57.713381 -95
4.055344 57.642042 -93
6.073115 57.429040 -88
8.091140 57.215790 -82
10.089109 56.861895 -74
12.087332 56.507745 -66
14.055851 56.014468 -55
16.024626 55.521198 -44
17.954302 54.890833 -33
19.883980 54.260728 -20
21.765169 53.496572 -8
23.646357 52.732416 3
25.469916 51.838031 14
27.293475 50.943642 25
29.050522 49.923330 34
30.807820 48.902768 42
32.489719 47.761359 47
34.171872 46.619446 49
35.770754 45.362527 49
37.369383 44.104850 45
38.877380 42.738003 37
40.385124 41.370652 24
41.794365 39.900481 7
43.203860 38.429805 -15
44.507998 36.863164 -44
45.812136 35.296013 -79
47.004824 33.664383 -121
-45.128205 32.300837 -93
-43.983244 33.890834 -56
-42.731151 35.396040 -26
-41.478801 36.900483 -1
-40.125668 38.312770 17
-38.772531 39.725058 31
-37.324955 41.037826 41
-35.877379 42.350598 47
-34.342473 43.558010 49
-32.807566 44.765170 48
-31.192436 45.861640 45
-29.577559 46.957604 39
-27.890581 47.937548 30
-26.203860 48.917237 21
-24.452907 49.776087 10
-22.702208 50.634679 -1
-20.896166 51.368622 -13
-19.089871 52.102058 -25
-17.237369 52.707283 -37
-15.384870 53.312261 -49
-13.494796 53.785729 -59
-11.604722 54.259457 -69
-9.686215 54.599643 -78
-7.767962 54.939326 -85
-5.830668 55.143948 -91
-3.893374 55.348564 -96
-1.946687 55.416860 -98
0.000000 55.485404 -99
1.946687 55.416860 -98
3.893374 55.348564 -96
5.830668 55.143948 -91
7.767962 54.939326 -85
9.686215 54.599643 -78
11.604722 54.259457 -69
13.494796 53.785729 -59
15.384870 53.312261 -49
17.237369 52.707283 -37
19.089871 52.102058 -25
20.896166 51.368622 -13
22.702208 50.634679 -1
24.452907 49.776087 10
26.203860 48.917237 21
27.890581 47.937548 30
29.577559 46.957604 39
31.192436 45.861640 45
32.807566 44.765170 48
34.342473 43.558010 49
35.877379 42.350598 47
37.324955 41.037826 41
38.772531 39.725058 31
40.125668 38.312770 17
41.478801 36.900483 -1
42.731151 35.396040 -26
43.983244 33.890834 -56
45.128205 32.300837 -93
-44.348820 29.412289 -107
-43.251334 30.937294 -69
-42.154099 32.461793 -37
-40.954051 33.905053 -11
-39.753999 35.347295 9
-38.456967 36.701448 25
-37.160193 38.055344 37
-35.772784 39.313784 45
-34.385376 40.572481 49
-32.914191 41.729880 49
-31.443007 42.887280 47
-29.895404 43.938309 43
-28.347550 44.989083 36
-26.730898 45.928408 27
-25.113988 46.867733 17
-23.436152 47.691040 7
-21.758060 48.514343 -4
-20.027164 49.217569 -16
-18.296014 49.920792 -28
-16.520436 50.501142 -40
-14.745113 51.080984 -51
-12.933486 51.534906 -61
-11.122112 51.989083 -71
-9.283574 52.315053 -79
-7.445037 52.640772 -86
-5.588220 52.837014 -92
-3.731658 53.033003 -96
-1.865702 53.098503 -98
0.000000 53.164252 -99
1.865702 53.098503 -98
3.731658 53.033003 -96
5.588220 52.837014 -92
7.445037 52.640772 -86
9.283574 52.315053 -79
11.122112 51.989083 -71
12.933486 51.534906 -61
14.745113 51.080984 -51
16.520436 50.501142 -40
18.296014 49.920792 -28
20.027164 49.217569 -16
21.758060 48.514343 -4
23.436152 47.691040 7
25.113988 46.867733 17
26.730898 45.928408 27
28.347550 44.989083 36
29.895404 43.938309 43
31.443007 42.887280 47
32.914191 41.729880 49
34.385376 40.572481 49
35.772784 39.313784 45
37.160193 38.055344 37
38.456967 36.701448 25
39.753999 35.347295 9
40.954051 33.905053 -11
42.154099 32.461793 -37
43.251334 30.937294 -69
44.348820 29.412289 -107
-43.298554 26.677836 -122
-42.396293 28.121603 -83
-41.347297 29.580602 -50
-40.298298 31.038588 -22
-39.151054 32.418633 0
-38.003807 33.798171 18
-36.764154 35.092915 31
-35.524246 36.387409 41
-34.198021 37.591012 47
-32.871794 38.794364 49
-31.465348 39.900989 49
-30.058899 41.007617 46
-28.579335 42.012440 41
-27.099771 43.017011 34
-25.553948 43.915206 25
-24.008378 44.813152 15
-22.404418 45.600154 5
-20.800203 46.387156 -6
-19.145469 47.059661 -17
-17.490734 47.731913 -29
-15.793348 48.286621 -40
-14.095963 48.841076 -51
-12.364052 49.275196 -61
-10.632394 49.709318 -70
-8.874841 50.020562 -78
-7.117289 50.332063 -85
-5.342219 50.519674 -90
-3.567403 50.707286 -94
-1.783702 50.769737 -96
0.000000 50.832446 -97
1.783702 50.769737 -96
3.567403 50.707286 -94
5.342219 50.519674 -90
7.117289 50.332063 -85
8.874841 50.020562 -78
10.632394 49.709318 -70
12.364052 49.275196 -61
14.095963 48.841076 -51
15.793348 48.286621 -40
17.490734 47.731913 -29
19.145469 47.059661 -17
20.800203 46.387156 -6
22.404418 45.600154 5
24.008378 44.813152 15
25.553948 43.915206 25
27.099771 43.017011 34
28.579335 42.012440 41
30.058899 41.007617 46
31.465348 39.900989 49
32.871794 38.794364 49
34.198021 37.591012 47
35.524246 36.387409 41
36.764154 35.092915 31
38.003807 33.798171 18
39.151054 32.418633 0
40.298298 31.038588 -22
41.347297 29.580602 -50
42.396293 28.121603 -83
43.298554 26.677836 -122
-41.346281 25.361005 -97
-40.444020 26.804772 -63
-39.443261 28.197260 -34
-38.442498 29.588728 -10
-37.348312 30.905814 9
-36.253873 32.222391 24
-35.071083 33.457985 36
-33.888550 34.693322 44
-32.623255 35.842091 48
-31.357957 36.990354 49
-30.016247 38.046459 48
-28.674791 39.102564 45
-27.263265 40.061437 39
-25.851739 41.019802 32
-24.377252 41.876873 24
-22.902768 42.733689 14
-21.372683 43.484640 4
-19.842346 44.235845 -6
-18.263772 44.877379 -17
-16.685199 45.519167 -28
-15.066007 46.048235 -39
-13.446813 46.577305 -49
-11.794872 46.991622 -58
-10.142930 47.405688 -67
-8.466108 47.702971 -74
-6.789541 47.999999 -81
-5.096217 48.178980 -86
-3.403148 48.357958 -89
-1.701447 48.417620 -92
0.000000 48.477533 -92
1.701447 48.417620 -92
3.403148 48.357958 -89
5.096217 48.178980 -86
6.789541 47.999999 -81
8.466108 47.702971 -74
10.142930 47.405688 -67
11.794872 46.991622 -58
13.446813 46.577305 -49
15.066007 46.048235 -39
16.685199 45.519167 -28
18.263772 44.877379 -17
19.842346 44.235845 -6
21.372683 43.484640 4
22.902768 42.733689 14
24.377252 41.876873 24
25.851739 41.019802 32
27.263265 40.061437 39
28.674791 39.102564 45
30.016247 38.046459 48
31.357957 36.990354 49
32.623255 35.842091 48
33.888550 34.693322 44
35.071083 33.457985 36
36.253873 32.222391 24
37.348312 30.905814 9
38.442498 29.588728 -10
39.443261 28.197260 -34
40.444020 26.804772 -63
41.346281 25.361005 -97
-40.180756 22.718965 -112
-39.322672 24.109420 -77
-38.464585 25.499112 -47
-37.512821 26.824066 -21
-36.561056 28.148261 0
-35.520437 29.401371 16
-34.479564 30.653718 29
-33.354658 31.829399 39
-32.230009 33.004317 45
-31.026657 34.096978 49
-29.823305 35.189388 49
-28.547347 36.193956 48
-27.271388 37.198273 44
-25.928917 38.110435 39
-24.586444 39.022086 32
-23.184310 39.837267 23
-21.781924 40.652197 14
-20.326732 41.366338 5
-18.871288 42.080733 -5
-17.369891 42.690784 -15
-15.868749 43.301092 -25
-14.328763 43.804264 -35
-12.788779 44.307439 -45
-11.217568 44.701448 -53
-9.646357 45.095203 -61
-8.051790 45.378016 -68
-6.457223 45.660572 -74
-4.846915 45.830922 -79
-3.236354 46.001015 -82
-1.618177 46.057882 -84
0.000000 46.114749 -85
1.618177 46.057882 -84
3.236354 46.001015 -82
4.846915 45.830922 -79
6.457223 45.660572 -74
8.051790 45.378016 -68
9.646357 45.095203 -61
11.217568 44.701448 -53
12.788779 44.307439 -45
14.328763 43.804264 -35
15.868749 43.301092 -25
17.369891 42.690784 -15
18.871288 42.080733 -5
20.326732 41.366338 5
21.781924 40.652197 14
23.184310 39.837267 23
24.586444 39.022086 32
25.928917 38.110435 39
27.271388 37.198273 44
28.547347 36.193956 48
29.823305 35.189388 49
31.026657 34.096978 49
32.230009 33.004317 45
33.354658 31.829399 39
34.479564 30.653718 29
35.520437 29.401371 16
36.561056 28.148261 0
37.512821 26.824066 -21
38.464585 25.499112 -47
39.322672 24.109420 -77
40.180756 22.718965 -112
-38.834223 20.182788 -127
-38.113227 21.525260 -92
-37.299314 22.845138 -61
-36.485403 24.164003 -34
-35.582635 25.421426 -11
-34.679869 26.678090 6
-33.692562 27.867481 21
-32.705255 29.056106 33
-31.638233 30.171616 41
-30.571464 31.286875 46
-29.430058 32.323686 49
-28.288653 33.360496 49
-27.078192 34.313531 48
-25.867987 35.266566 44
-24.594568 36.132013 39
-23.321401 36.997206 32
-21.991114 37.770755 24
-20.661082 38.543793 16
-19.280529 39.221628 7
-17.900229 39.899467 -2
-16.476009 40.478547 -11
-15.052044 41.057375 -20
-13.591266 41.534906 -30
-12.130490 42.012440 -38
-10.640264 42.386138 -46
-9.150038 42.759839 -54
-7.637471 43.028180 -60
-6.124905 43.296270 -65
-4.597360 43.457986 -70
-3.069815 43.619194 -73
-1.534907 43.673014 -75
0.000000 43.727089 -75
1.534907 43.673014 -75
3.069815 43.619194 -73
4.597360 43.457986 -70
6.124905 43.296270 -65
7.637471 43.028180 -60
9.150038 42.759839 -54
10.640264 42.386138 -46
12.130490 42.012440 -38
13.591266 41.534906 -30
15.052044 41.057375 -20
16.476009 40.478547 -11
17.900229 39.899467 -2
19.280529 39.221628 7
20.661082 38.543793 16
21.991114 37.770755 24
23.321401 36.997206 32
24.594568 36.132013 39
25.867987 35.266566 44
27.078192 34.313531 48
28.288653 33.360496 49
29.430058 32.323686 49
30.571464 31.286875 46
31.638233 30.171616 41
32.705255 29.056106 33
33.692562 27.867481 21
34.679869 26.678090 6
35.582635 25.421426 -11
36.485403 24.164003 -34
37.299314 22.845138 -61
38.113227 21.525260 -92
38.834223 20.182788 -127
-36.700178 19.048237 -106
-36.018787 20.349075 -75
-35.249555 21.597613 -47
-34.480326 22.844630 -24
-33.627061 24.033767 -4
-32.774054 25.221629 12
-31.841076 26.346027 25
-30.908098 27.469663 35
-29.899721 28.524246 42
-28.891344 29.578319 47
-27.812644 30.558008 49
-26.733944 31.537955 49
-25.590251 32.438690 48
-24.446560 33.339426 44
-23.243209 34.157399 39
-22.039858 34.974868 33
-20.782686 35.705762 26
-19.525768 36.436659 19
-18.221122 37.077176 10
-16.916477 37.717694 2
-15.570704 38.264788 -6
-14.224930 38.811882 -14
-12.844377 39.263264 -22
-11.464077 39.714394 -30
-10.055598 40.067530 -37
-8.647118 40.420666 -44
-7.217822 40.674284 -50
-5.788271 40.927647 -55
-4.344758 41.080224 -58
-2.901244 41.232801 -61
-1.450622 41.283829 -63
0.000000 41.334604 -63
1.450622 41.283829 -63
2.901244 41.232801 -61
4.344758 41.080224 -58
5.788271 40.927647 -55
7.217822 40.674284 -50
8.647118 40.420666 -44
10.055598 40.067530 -37
11.464077 39.714394 -30
12.844377 39.263264 -22
14.224930 38.811882 -14
15.570704 38.264788 -6
16.916477 37.717694 2
18.221122 37.077176 10
19.525768 36.436659 19
20.782686 35.705762 26
22.039858 34.974868 33
23.243209 34.157399 39
24.446560 33.339426 44
25.590251 32.438690 48
26.733944 31.537955 49
27.812644 30.558008 49
28.891344 29.578319 47
29.899721 28.524246 42
30.908098 27.469663 35
31.841076 26.346027 25
32.774054 25.221629 12
33.627061 24.033767 -4
34.480326 22.844630 -24
35.249555 21.597613 -47
36.018787 20.349075 -75
36.700178 19.048237 -106
-35.207920 16.686215 -121
-34.566135 17.913429 -89
-33.924347 19.139884 -61
-33.199797 20.316832 -37
-32.475246 21.492259 -16
-31.671745 22.613099 1
-30.868241 23.732926 16
-29.989592 24.792589 27
-29.110689 25.851486 36
-28.160955 26.845140 43
-27.211475 27.838539 47
-26.195480 28.761870 49
-25.179487 29.685201 49
-24.102311 30.534145 48
-23.024880 31.382839 45
-21.891597 32.153847 41
-20.758314 32.924093 35
-19.574258 33.612592 29
-18.390201 34.301346 22
-17.161462 34.904799 15
-15.932725 35.508252 8
-14.665397 36.023863 0
-13.397816 36.539478 -6
-12.097486 36.964459 -14
-10.797410 37.389694 -20
-9.470932 37.722265 -27
-8.144453 38.055090 -33
-6.798172 38.293984 -38
-5.451638 38.532624 -42
-4.092155 38.676567 -45
-2.732419 38.820259 -48
-1.366337 38.868241 -49
0.000000 38.916223 -50
1.366337 38.868241 -49
2.732419 38.820259 -48
4.092155 38.676567 -45
5.451638 38.532624 -42
6.798172 38.293984 -38
8.144453 38.055090 -33
9.470932 37.722265 -27
10.797410 37.389694 -20
12.097486 36.964459 -14
13.397816 36.539478 -6
14.665397 36.023863 0
15.932725 35.508252 8
17.161462 34.904799 15
18.390201 34.301346 22
19.574258 33.612592 29
20.758314 32.924093 35
21.891597 32.153847 41
23.024880 31.382839 45
24.102311 30.534145 48
25.179487 29.685201 49
26.195480 28.761870 49
27.211475 27.838539 47
28.160955 26.845140 43
29.110689 25.851486 36
29.989592 24.792589 27
30.868241 23.732926 16
31.671745 22.613099 1
32.475246 21.492259 -16
33.199797 20.316832 -37
33.924347 19.139884 -61
34.566135 17.913429 -89
35.207920 16.686215 -121
-33.008122 15.650926 -104
-32.406448 16.802996 -76
-31.804774 17.953797 -51
-31.125413 19.057630 -29
-30.446307 20.160447 -10
-29.693069 21.211475 5
-28.939580 22.261742 18
-28.115765 23.255396 29
-27.291953 24.248287 37
-26.401624 25.180248 43
-25.511298 26.111450 47
-24.558771 26.977152 49
-23.606245 27.842853 49
-22.596344 28.638743 48
-21.586443 29.434375 46
-20.523737 30.156639 43
-19.461285 30.878902 38
-18.351358 31.524753 33
-17.241432 32.170092 27
-16.089363 32.735719 21
-14.937294 33.301345 15
-13.748921 33.784718 8
-12.560549 34.267833 2
-11.341711 34.666667 -4
-10.122874 35.064990 -10
-8.879157 35.376999 -15
-7.635441 35.688754 -20
-6.373445 35.912668 -24
-5.111196 36.136584 -28
-3.836507 36.271388 -31
-2.561818 36.406195 -33
-1.280782 36.451128 -35
0.000000 36.496318 -35
1.280782 36.451128 -35
2.561818 36.406195 -33
3.836507 36.271388 -31
5.111196 36.136584 -28
6.373445 35.912668 -24
7.635441 35.688754 -20
8.879157 35.376999 -15
10.122874 35.064990 -10
11.341711 34.666667 -4
12.560549 34.267833 2
13.748921 33.784718 8
14.937294 33.301345 15
16.089363 32.735719 21
17.241432 32.170092 27
18.351358 31.524753 33
19.461285 30.878902 38
20.523737 30.156639 43
21.586443 29.434375 46
22.596344 28.638743 48
23.606245 27.842853 49
24.558771 26.977152 49
25.511298 26.111450 47
26.401624 25.180248 43
27.291953 24.248287 37
28.115765 23.255396 29
28.939580 22.261742 18
29.693069 21.211475 5
30.446307 20.160447 -10
31.125413 19.057630 -29
31.804774 17.953797 -51
32.406448 16.802996 -76
33.008122 15.650926 -104
-31.294998 13.502411 -119
-30.808328 14.577811 -91
-30.246764 15.654735 -65
-29.685201 16.730135 -43
-29.051281 17.761615 -23
-28.417364 18.792078 -6
-27.714142 19.773801 7
-27.011170 20.755015 19
-26.242195 21.683168 29
-25.473217 22.610561 37
-24.642042 23.481088 42
-23.811119 24.350852 46
-22.922062 25.159686 49
-22.033258 25.968012 49
-21.090378 26.711349 49
-20.147753 27.454431 47
-19.156131 28.128967 45
-18.164255 28.803505 41
-17.128205 29.406447 37
-16.092409 30.009138 32
-15.017010 30.537192 27
-13.941863 31.065500 22
-12.832699 31.516881 17
-11.723534 31.968011 11
-10.585936 32.340442 6
-9.448083 32.712365 1
-8.287383 33.003809 -2
-7.126682 33.294998 -7
-5.948718 33.503934 -10
-4.770500 33.712870 -13
-3.580858 33.838792 -16
-2.390962 33.964712 -18
-1.195481 34.006601 -19
0.000000 34.048742 -19
1.195481 34.006601 -19
2.390962 33.964712 -18
3.580858 33.838792 -16
4.770500 33.712870 -13
5.948718 33.503934 -10
7.126682 33.294998 -7
8.287383 33.003809 -2
9.448083 32.712365 1
10.585936 32.340442 6
11.723534 31.968011 11
12.832699 31.516881 17
13.941863 31.065500 22
15.017010 30.537192 27
16.092409 30.009138 32
17.128205 29.406447 37
18.164255 28.803505 41
19.156131 28.128967 45
20.147753 27.454431 47
21.090378 26.711349 49
22.033258 25.968012 49
22.922062 25.159686 49
23.811119 24.350852 46
24.642042 23.481088 42
25.473217 22.610561 37
26.242195 21.683168 29
27.011170 20.755015 19
27.714142 19.773801 7
28.417364 18.792078 -6
29.051281 17.761615 -23
29.685201 16.730135 -43
30.246764 15.654735 -65
30.808328 14.577811 -91
31.294998 13.502411 -119
-29.512567 11.468138 -134
-29.060928 12.507744 -106
-28.609039 13.545063 -81
-28.087586 14.546331 -58
-27.565878 15.545569 -38
-26.977406 16.503934 -20
-26.388676 17.461286 -4
-25.735719 18.373445 8
-25.082762 19.284590 19
-24.368622 20.146740 28
-23.654735 21.007870 36
-22.882965 21.815945 41
-22.111196 22.623763 45
-21.285860 23.374714 48
-20.460269 24.125414 49
-19.584920 24.815689 49
-18.709570 25.505459 49
-17.788525 26.131761 47
-16.867478 26.758060 44
-15.905560 27.317848 41
-14.943387 27.877379 38
-13.945163 28.367861 34
-12.946687 28.858339 30
-11.916730 29.277481 25
-10.886773 29.696369 21
-9.830160 30.041888 17
-8.773546 30.387407 13
-7.695862 30.658035 9
-6.617923 30.928155 6
-5.523991 31.122367 3
-4.430058 31.316325 0
-3.325209 31.433105 -1
-2.220360 31.550140 -2
-1.110180 31.588983 -3
0.000000 31.628077 -3
1.110180 31.588983 -3
2.220360 31.550140 -2
3.325209 31.433105 -1
4.430058 31.316325 0
5.523991 31.122367 3
6.617923 30.928155 6
7.695862 30.658035 9
8.773546 30.387407 13
9.830160 30.041888 17
10.886773 29.696369 21
11.916730 29.277481 25
12.946687 28.858339 30
13.945163 28.367861 34
14.943387 27.877379 38
15.905560 27.317848 41
16.867478 26.758060 44
17.788525 26.131761 47
18.709570 25.505459 49
19.584920 24.815689 49
20.460269 24.125414 49
21.285860 23.374714 48
22.111196 22.623763 45
22.882965 21.815945 41
23.654735 21.007870 36
24.368622 20.146740 28
25.082762 19.284590 19
25.735719 18.373445 8
26.388676 17.461286 -4
26.977406 16.503934 -20
27.565878 15.545569 -38
28.087586 14.546331 -58
28.609039 13.545063 -81
29.060928 12.507744 -106
29.512567 11.468138 -134
-27.243717 10.551408 -121
-26.409495 12.472709 -73
-25.446813 14.322164 -35
-24.359989 16.092918 -4
-23.154354 17.778117 17
-21.835999 19.370653 33
-20.411272 20.863673 43
-18.887280 22.250824 48
-17.271135 23.525769 49
-15.570704 24.682915 47
-13.794618 25.716933 43
-11.951257 26.623002 37
-10.049758 27.397056 31
-8.099264 28.035036 25
-6.109165 28.534653 19
-4.089363 28.893374 15
-2.049759 29.108910 12
0.000000 29.181009 11
2.049759 29.108910 12
4.089363 28.893374 15
6.109165 28.534653 19
8.099264 28.035036 25
10.049758 27.397056 31
11.951257 26.623002 37
13.794618 25.716933 43
15.570704 24.682915 47
17.271135 23.525769 49
18.887280 22.250824 48
20.411272 20.863673 43
21.835999 19.370653 33
23.154354 17.778117 17
24.359989 16.092918 -4
25.446813 14.322164 -35
26.409495 12.472709 -73
27.243717 10.551408 -121
-24.923839 9.669204 -111
-24.160701 11.429044 -69
-23.223153 13.095963 -34
-22.285606 14.741814 -6
-21.130997 16.249049 14
-19.976644 17.739528 30
-18.627824 19.063469 41
-17.279005 20.373699 47
-15.761868 21.491497 49
-14.244986 22.597613 49
-12.589236 23.489973 47
-10.933486 24.371668 43
-9.171617 25.022341 39
-7.409494 25.663112 35
-5.575273 26.060168 31
-3.741051 26.447830 28
-1.870526 26.583905 26
0.000000 26.710841 25
1.870526 26.583905 26
3.741051 26.447830 28
5.575273 26.060168 31
7.409494 25.663112 35
9.171617 25.022341 39
10.933486 24.371668 43
12.589236 23.489973 47
14.244986 22.597613 49
15.761868 21.491497 49
17.279005 20.373699 47
18.627824 19.063469 41
19.976644 17.739528 30
21.130997 16.249049 14
22.285606 14.741814 -6
23.223153 13.095963 -34
24.160701 11.429044 -69
24.923839 9.669204 -111
-22.603960 8.731659 -105
-21.911906 10.332063 -67
-21.061437 11.840314 -35
-20.211221 13.342474 -9
-19.164255 14.705509 10
-18.117289 16.065246 25
-16.893882 17.261997 36
-15.670729 18.456715 43
-14.294745 19.466617 48
-12.919015 20.475756 49
-11.417365 21.280782 49
-9.915968 22.085808 48
-8.317848 22.671999 46
-6.719726 23.257679 43
-5.056359 23.613862 41
-3.392993 23.970045 39
-1.696370 24.089363 37
0.000000 24.208684 37
1.696370 24.089363 37
3.392993 23.970045 39
5.056359 23.613862 41
6.719726 23.257679 43
8.317848 22.671999 46
9.915968 22.085808 48
11.417365 21.280782 49
12.919015 20.475756 49
14.294745 19.466617 48
15.670729 18.456715 43
16.893882 17.261997 36
18.117289 16.065246 25
19.164255 14.705509 10
20.211221 13.342474 -9
21.061437 11.840314 -35
21.911906 10.332063 -67
22.603960 8.731659 -105
-20.265296 7.846409 -102
-19.644834 9.282305 -68
-18.882458 10.634425 -39
-18.120081 11.980706 -15
-17.181519 13.202082 3
-16.242701 14.420412 18
-15.145976 15.492511 30
-14.049252 16.563088 38
-12.815689 17.468141 44
-11.582382 18.372177 47
-10.236101 19.093678 49
-8.890073 19.814928 49
-7.457222 20.340190 49
-6.024625 20.865194 48
-4.533130 21.184058 47
-3.041889 21.503174 46
-1.520944 21.610307 46
0.000000 21.717189 45
1.520944 21.610307 46
3.041889 21.503174 46
4.533130 21.184058 47
6.024625 20.865194 48
7.457222 20.340190 49
8.890073 19.814928 49
10.236101 19.093678 49
11.582382 18.372177 47
12.815689 17.468141 44
14.049252 16.563088 38
15.145976 15.492511 30
16.242701 14.420412 18
17.181519 13.202082 3
18.120081 11.980706 -15
18.882458 10.634425 -39
19.644834 9.282305 -68
20.265296 7.846409 -102
-17.926631 6.901496 -101
-17.377761 8.176442 -71
-16.703224 9.376239 -45
-16.028941 10.570194 -23
-15.198527 11.652957 -5
-14.368367 12.732673 9
-13.398071 13.682409 21
-12.428028 14.630872 30
-11.336887 15.432343 37
-10.245747 16.233055 42
-9.054837 16.872048 45
-7.863925 17.510535 48
-6.596598 17.975630 49
-5.329271 18.440467 49
-4.010155 18.723026 49
-2.690784 19.005331 49
-1.345519 19.100279 49
0.000000 19.194721 49
1.345519 19.100279 49
2.690784 19.005331 49
4.010155 18.723026 49
5.329271 18.440467 49
6.596598 17.975630 49
7.863925 17.510535 48
9.054837 16.872048 45
10.245747 16.233055 42
11.336887 15.432343 37
12.428028 14.630872 30
13.398071 13.682409 21
14.368367 12.732673 9
15.198527 11.652957 -5
16.028941 10.570194 -23
16.703224 9.376239 -45
17.377761 8.176442 -71
17.926631 6.901496 -101
-15.621224 6.033257 -104
-15.142675 7.143945 -78
-14.555217 8.188627 -54
-13.967504 9.228230 -34
-13.243970 10.170601 -16
-12.520436 11.110688 -2
-11.675045 11.937800 9
-10.829652 12.763391 19
-9.878903 13.461284 27
-8.928154 14.158418 33
-7.890327 14.714902 38
-6.852754 15.270881 41
-5.748413 15.676059 43
-4.643818 16.080732 45
-3.494288 16.326732 46
-2.344758 16.572735 47
-1.172379 16.655244 47
0.000000 16.737752 47
1.172379 16.655244 47
2.344758 16.572735 47
3.494288 16.326732 46
4.643818 16.080732 45
5.748413 15.676059 43
6.852754 15.270881 41
7.890327 14.714902 38
8.928154 14.158418 33
9.878903 13.461284 27
10.829652 12.763391 19
11.675045 11.937800 9
12.520436 11.110688 -2
13.243970 10.170601 -16
13.967504 9.228230 -34
14.555217 8.188627 -54
15.142675 7.143945 -78
15.621224 6.033257 -104
-12.907845 6.054074 -87
-11.906068 7.838029 -48
-10.672506 9.447067 -18
-9.231277 10.858846 3
-7.610307 12.049758 18
-5.841330 12.999493 28
-3.958619 13.690531 34
-1.998731 14.110436 38
0.000000 14.251332 39
1.998731 14.110436 38
3.958619 13.690531 34
5.841330 12.999493 28
7.610307 12.049758 18
9.231277 10.858846 3
10.672506 9.447067 -18
11.906068 7.838029 -48
12.907845 6.054074 -87
-10.597868 5.000761 -100
-9.680122 6.401879 -66
-8.762630 7.778370 -38
-7.505459 8.850977 -17
-6.248286 9.911145 -2
-4.749175 10.588221 8
-3.250064 11.256410 16
-1.625032 11.490225 20
0.000000 11.715917 21
1.625032 11.490225 20
3.250064 11.256410 16
4.749175 10.588221 8
6.248286 9.911145 -2
7.505459 8.850977 -17
8.762630 7.778370 -38
9.680122 6.401879 -66
10.597868 5.000761 -100
-8.287637 3.874079 -116
-7.569941 4.971819 -88
-6.852501 6.058390 -64
-5.869256 6.896420 -45
-4.886266 7.731404 -30
-3.713887 8.258950 -19
-2.541508 8.785733 -12
-1.270881 8.965727 -7
0.000000 9.145721 -6
1.270881 8.965727 -7
2.541508 8.785733 -12
3.713887 8.258950 -19
4.886266 7.731404 -30
5.869256 6.896420 -45
6.852501 6.058390 -64
7.569941 4.971819 -88
8.287637 3.874079 -116
-5.638995 3.304647 -115
-4.921554 4.368623 -96
-4.215537 4.968519 -80
-3.509520 5.566641 -68
-2.667428 5.944656 -57
-1.825336 6.322417 -51
-0.912668 6.451383 -47
0.000000 6.580351 -46
0.912668 6.451383 -47
1.825336 6.322417 -51
2.667428 5.944656 -57
3.509520 5.566641 -68
4.215537 4.968519 -80
4.921554 4.368623 -96
5.638995 3.304647 -115
-2.990607 2.630111 -136
-2.132521 3.363289 -115
-1.109165 3.824575 -103
0.000000 3.981974 -99
1.109165 3.824575 -103
2.132521 3.363289 -115
2.990607 2.630111 -136
