# Active surface commands at 21.930247
# Zero points are Off, FEM corrections are Off
-12.741051 103.255394 119
-10.929931 103.478548 123
-9.111958 103.637726 125
-7.293983 103.797412 128
-5.471693 103.893116 130
-3.649150 103.988833 131
-1.824575 104.021075 132
0.000000 104.052809 132
1.824575 104.021075 132
3.649150 103.988833 131
5.471693 103.893116 130
7.293983 103.797412 128
9.111958 103.637726 125
10.929931 103.478548 123
12.741051 103.255394 119
-23.048235 99.466362 80
-21.336126 99.861387 86
-19.578065 100.204114 92
-17.820005 100.546840 97
-16.051028 100.827872 101
-14.282051 101.109163 105
-12.504442 101.327749 109
-10.726834 101.546838 112
-8.942625 101.703220 115
-7.158416 101.859863 117
-5.369891 101.953794 119
-3.581366 102.047726 120
-1.790810 102.079205 121
0.000000 102.110431 121
1.790810 102.079205 121
3.581366 102.047726 120
5.369891 101.953794 119
7.158416 101.859863 117
8.942625 101.703220 115
10.726834 101.546838 112
12.504442 101.327749 109
14.282051 101.109163 105
16.051028 100.827872 101
17.820005 100.546840 97
19.578065 100.204114 92
21.336126 99.861387 86
23.048235 99.466362 80
-29.431075 95.752474 46
-27.750698 96.268088 53
-26.053567 96.724041 60
-24.356436 97.180501 66
-22.644327 97.566385 72
-20.932217 97.961664 78
-19.207413 98.297790 83
-17.482610 98.634170 87
-15.747145 98.909623 92
-14.011678 99.185578 96
-12.267835 99.400352 99
-10.523737 99.615127 102
-8.773292 99.768466 105
-7.023103 99.922314 107
-5.268342 100.014472 108
-3.513582 100.106625 109
-1.756791 100.137596 110
0.000000 100.168314 110
1.756791 100.137596 110
3.513582 100.106625 109
5.268342 100.014472 108
7.023103 99.922314 107
8.773292 99.768466 105
10.523737 99.615127 102
12.267835 99.400352 99
14.011678 99.185578 96
15.747145 98.909623 92
17.482610 98.634170 87
19.207413 98.297790 83
20.932217 97.961664 78
22.644327 97.566385 72
24.356436 97.180501 66
26.053567 96.724041 60
27.750698 96.268088 53
29.431075 95.752474 46
-33.758314 92.233310 17
-32.129727 92.795887 25
-30.500890 93.358464 32
-28.853517 93.863672 39
-27.206144 94.368874 46
-25.542269 94.816198 52
-23.878396 95.263517 58
-22.200051 95.651942 64
-20.521453 96.040875 69
-18.830413 96.370399 74
-17.139629 96.700178 79
-15.438182 96.970295 83
-13.736736 97.240672 86
-12.026910 97.451380 90
-10.317339 97.661841 92
-8.601167 97.812391 95
-6.885250 97.963189 97
-5.165016 98.053569 98
-3.444783 98.143942 99
-1.722264 98.174158 100
0.000000 98.204367 100
1.722264 98.174158 100
3.444783 98.143942 99
5.165016 98.053569 98
6.885250 97.963189 97
8.601167 97.812391 95
10.317339 97.661841 92
12.026910 97.451380 90
13.736736 97.240672 86
15.438182 96.970295 83
17.139629 96.700178 79
18.830413 96.370399 74
20.521453 96.040875 69
22.200051 95.651942 64
23.878396 95.263517 58
25.542269 94.816198 52
27.206144 94.368874 46
28.853517 93.863672 39
30.500890 93.358464 32
32.129727 92.795887 25
33.758314 92.233310 17
-37.788525 88.513329 -11
-36.234578 89.175168 -3
-34.658542 89.781925 4
-33.082762 90.376744 12
-31.486418 90.928152 19
-29.890328 91.479560 26
-28.275959 91.974610 33
-26.661588 92.469659 39
-25.030972 92.908096 45
-23.400355 93.346279 51
-21.755522 93.727340 56
-20.110687 94.108401 61
-18.453669 94.431325 66
-16.796395 94.754503 70
-15.129221 95.019296 74
-13.461793 95.284336 78
-11.786240 95.490731 81
-10.110688 95.696877 83
-8.429043 95.844632 86
-6.747398 95.992127 87
-5.061437 96.080728 89
-3.375730 96.169329 90
-1.687992 96.199036 91
0.000000 96.228737 91
1.687992 96.199036 91
3.375730 96.169329 90
5.061437 96.080728 89
6.747398 95.992127 87
8.429043 95.844632 86
10.110688 95.696877 83
11.786240 95.490731 81
13.461793 95.284336 78
15.129221 95.019296 74
16.796395 94.754503 70
18.453669 94.431325 66
20.110687 94.108401 61
21.755522 93.727340 56
23.400355 93.346279 51
25.030972 92.908096 45
26.661588 92.469659 39
28.275959 91.974610 33
29.890328 91.479560 26
31.486418 90.928152 19
33.082762 90.376744 12
34.658542 89.781925 4
36.234578 89.175168 -3
37.788525 88.513329 -11
-39.992131 85.333588 -30
-38.525769 86.017008 -22
-37.004061 86.665143 -14
-35.482357 87.313278 -6
-33.939070 87.907589 0
-32.395784 88.501900 7
-30.832953 89.041885 14
-29.269864 89.581871 21
-27.689008 90.067022 27
-26.108150 90.551913 33
-24.511297 90.980959 39
-22.914699 91.410254 44
-21.303884 91.783444 49
-19.693322 92.156386 54
-18.070576 92.472709 58
-16.447830 92.789286 62
-14.815182 93.048742 66
-13.182280 93.308198 69
-11.541508 93.510279 72
-9.900736 93.712366 75
-8.254126 93.856817 77
-6.607261 94.001522 79
-4.956588 94.088345 80
-3.305662 94.175173 81
-1.652704 94.203857 82
0.000000 94.233050 82
1.652704 94.203857 82
3.305662 94.175173 81
4.956588 94.088345 80
6.607261 94.001522 79
8.254126 93.856817 77
9.900736 93.712366 75
11.541508 93.510279 72
13.182280 93.308198 69
14.815182 93.048742 66
16.447830 92.789286 62
18.070576 92.472709 58
19.693322 92.156386 54
21.303884 91.783444 49
22.914699 91.410254 44
24.511297 90.980959 39
26.108150 90.551913 33
27.689008 90.067022 27
29.269864 89.581871 21
30.832953 89.041885 14
32.395784 88.501900 7
33.939070 87.907589 0
35.482357 87.313278 -6
37.004061 86.665143 -14
38.525769 86.017008 -22
39.992131 85.333588 -30
-43.525259 81.348821 -56
-42.083525 82.085805 -48
-40.641787 82.823303 -40
-39.175425 83.498858 -32
-37.709063 84.182532 -24
-36.219597 84.816957 -17
-34.730135 85.451382 -10
-33.219599 86.033253 -3
-31.709064 86.614877 3
-30.179234 87.143439 10
-28.649403 87.671995 16
-27.102058 88.146988 22
-25.554709 88.621479 27
-23.991623 89.041631 33
-22.428788 89.461790 38
-20.852247 89.827114 43
-19.275705 90.192179 47
-17.687485 90.501901 51
-16.099010 90.811629 55
-14.500889 91.065755 58
-12.902767 91.319626 61
-11.297029 91.517387 64
-9.691039 91.715154 66
-8.078954 91.856816 68
-6.467124 91.998224 70
-4.851485 92.083268 71
-3.235593 92.168317 72
-1.617669 92.196493 73
0.000000 92.224930 73
1.617669 92.196493 73
3.235593 92.168317 72
4.851485 92.083268 71
6.467124 91.998224 70
8.078954 91.856816 68
9.691039 91.715154 66
11.297029 91.517387 64
12.902767 91.319626 61
14.500889 91.065755 58
16.099010 90.811629 55
17.687485 90.501901 51
19.275705 90.192179 47
20.852247 89.827114 43
22.428788 89.461790 38
23.991623 89.041631 33
25.554709 88.621479 27
27.102058 88.146988 22
28.649403 87.671995 16
30.179234 87.143439 10
31.709064 86.614877 3
33.219599 86.033253 -3
34.730135 85.451382 -10
36.219597 84.816957 -17
37.709063 84.182532 -24
39.175425 83.498858 -32
40.641787 82.823303 -40
42.083525 82.085805 -48
43.525259 81.348821 -56
-45.334856 78.006345 -72
-43.951002 78.776593 -64
-42.566894 79.546588 -56
-41.156894 80.267326 -49
-39.747144 80.988573 -41
-38.313024 81.659560 -34
-36.878650 82.331049 -27
-35.422189 82.951255 -20
-33.965474 83.571716 -13
-32.488194 84.140900 -6
-31.010917 84.710078 0
-29.514851 85.226957 5
-28.018533 85.744096 11
-26.505205 86.208174 17
-24.992130 86.672506 22
-23.463569 87.083523 27
-21.935009 87.494540 32
-20.393246 87.851739 36
-18.851231 88.208683 40
-17.298045 88.511805 44
-15.744605 88.814672 48
-14.181772 89.063213 51
-12.618685 89.311500 54
-11.048236 89.505201 57
-9.477533 89.698400 59
-7.901244 89.836759 61
-6.324702 89.975371 62
-4.744605 90.058388 63
-3.164255 90.141404 64
-1.582127 90.169079 65
0.000000 90.197001 65
1.582127 90.169079 65
3.164255 90.141404 64
4.744605 90.058388 63
6.324702 89.975371 62
7.901244 89.836759 61
9.477533 89.698400 59
11.048236 89.505201 57
12.618685 89.311500 54
14.181772 89.063213 51
15.744605 88.814672 48
17.298045 88.511805 44
18.851231 88.208683 40
20.393246 87.851739 36
21.935009 87.494540 32
23.463569 87.083523 27
24.992130 86.672506 22
26.505205 86.208174 17
28.018533 85.744096 11
29.514851 85.226957 5
31.010917 84.710078 0
32.488194 84.140900 -6
33.965474 83.571716 -13
35.422189 82.951255 -20
36.878650 82.331049 -27
38.313024 81.659560 -34
39.747144 80.988573 -41
41.156894 80.267326 -49
42.566894 79.546588 -56
43.951002 78.776593 -64
45.334856 78.006345 -72
-46.965981 74.651943 -86
-45.640265 75.489211 -79
-44.314294 76.238640 -71
-42.961412 76.991367 -64
-41.608529 77.744100 -56
-40.230517 78.448847 -49
-38.852247 79.153843 -42
-37.450369 79.809849 -35
-36.048488 80.466110 -28
-34.624778 81.072606 -22
-33.200813 81.679357 -15
-31.756792 82.235593 -9
-30.312770 82.791823 -3
-28.850217 83.297286 1
-27.387663 83.802742 7
-25.908606 84.256407 12
-24.429297 84.710332 17
-22.935262 85.111959 22
-21.441229 85.513833 26
-19.933994 85.863161 30
-18.427013 86.211980 34
-16.908607 86.508252 38
-15.390200 86.804518 41
-13.862401 87.047475 44
-12.334602 87.290172 47
-10.799442 87.479311 49
-9.264281 87.668444 51
-7.723280 87.803753 53
-6.182534 87.939069 55
-4.637725 88.020307 56
-3.093171 88.101550 57
-1.546585 88.128456 57
0.000000 88.155622 57
1.546585 88.128456 57
3.093171 88.101550 57
4.637725 88.020307 56
6.182534 87.939069 55
7.723280 87.803753 53
9.264281 87.668444 51
10.799442 87.479311 49
12.334602 87.290172 47
13.862401 87.047475 44
15.390200 86.804518 41
16.908607 86.508252 38
18.427013 86.211980 34
19.933994 85.863161 30
21.441229 85.513833 26
22.935262 85.111959 22
24.429297 84.710332 17
25.908606 84.256407 12
27.387663 83.802742 7
28.850217 83.297286 1
30.312770 82.791823 -3
31.756792 82.235593 -9
33.200813 81.679357 -15
34.624778 81.072606 -22
36.048488 80.466110 -28
37.450369 79.809849 -35
38.852247 79.153843 -42
40.230517 78.448847 -49
41.608529 77.744100 -56
42.961412 76.991367 -64
44.314294 76.238640 -71
45.640265 75.489211 -79
46.965981 74.651943 -86
-47.107389 72.095458 -91
-45.870779 72.898959 -84
-45.226199 73.294493 -81
-44.575780 73.680122 -77
-43.280781 74.461285 -70
-41.959635 75.196496 -63
-41.301599 75.569178 -59
-40.638233 75.931707 -56
-39.292205 76.620210 -49
-37.946178 77.308960 -43
-37.264025 77.634680 -39
-36.577051 77.949478 -36
-35.207920 78.590503 -30
-33.817214 79.183042 -24
-33.124143 79.484638 -21
-32.426505 79.775580 -18
-31.016247 80.318863 -12
-29.605739 80.862400 -7
-28.893628 81.114746 -4
-28.177457 81.356179 -1
-26.748921 81.849710 3
-25.304392 82.292968 8
-24.583650 82.520182 10
-23.859609 82.736227 13
-22.400355 83.128711 17
-20.941102 83.521196 21
-20.206397 83.697381 23
-19.469155 83.862150 25
-17.997207 84.203097 29
-16.514344 84.492509 32
-15.773801 84.642805 34
-15.031227 84.781672 35
-13.539223 85.019038 38
-12.046966 85.256156 41
-11.298045 85.354147 42
-10.547601 85.440721 43
-9.048236 85.625795 45
-7.543285 85.757807 46
-6.791318 85.829654 47
-6.038335 85.890073 48
-4.529576 85.969284 49
-3.021071 86.048742 50
-2.265804 86.067529 50
-1.510536 86.075146 50
0.000000 86.101295 50
1.510536 86.075146 50
2.265804 86.067529 50
3.021071 86.048742 50
4.529576 85.969284 49
6.038335 85.890073 48
6.791318 85.829654 47
7.543285 85.757807 46
9.048236 85.625795 45
10.547601 85.440721 43
11.298045 85.354147 42
12.046966 85.256156 41
13.539223 85.019038 38
15.031227 84.781672 35
15.773801 84.642805 34
16.514344 84.492509 32
17.997207 84.203097 29
19.469155 83.862150 25
20.206397 83.697381 23
20.941102 83.521196 21
22.400355 83.128711 17
23.859609 82.736227 13
24.583650 82.520182 10
25.304392 82.292968 8
26.748921 81.849710 3
28.177457 81.356179 -1
28.893628 81.114746 -4
29.605739 80.862400 -7
31.016247 80.318863 -12
32.426505 79.775580 -18
33.124143 79.484638 -21
33.817214 79.183042 -24
35.207920 78.590503 -30
36.577051 77.949478 -36
37.264025 77.634680 -39
37.946178 77.308960 -43
39.292205 76.620210 -49
40.638233 75.931707 -56
41.301599 75.569178 -59
41.959635 75.196496 -63
43.280781 74.461285 -70
44.575780 73.680122 -77
45.226199 73.294493 -81
45.870779 72.898959 -84
47.107389 72.095458 -91
-49.664637 67.850213 -109
-47.856056 69.128712 -99
-46.012187 70.342728 -88
-44.146231 71.532112 -78
-42.247271 72.671237 -68
-40.315563 73.752726 -59
-38.353897 74.778879 -49
-36.374207 75.768978 -40
-34.367098 76.702210 -31
-32.333079 77.575017 -23
-30.275452 78.389439 -15
-28.203603 79.166289 -7
-26.110180 79.883978 0
-23.996699 80.538459 6
-21.865449 81.132522 12
-19.724041 81.687482 18
-17.567402 82.181515 23
-15.397309 82.610562 28
-13.215791 82.977659 32
-11.028180 83.304897 35
-8.832191 83.569943 38
-6.629094 83.769229 41
-4.421427 83.905561 42
-2.211729 84.001525 43
0.000000 84.034523 43
2.211729 84.001525 43
4.421427 83.905561 42
6.629094 83.769229 41
8.832191 83.569943 38
11.028180 83.304897 35
13.215791 82.977659 32
15.397309 82.610562 28
17.567402 82.181515 23
19.724041 81.687482 18
21.865449 81.132522 12
23.996699 80.538459 6
26.110180 79.883978 0
28.203603 79.166289 -7
30.275452 78.389439 -15
32.333079 77.575017 -23
34.367098 76.702210 -31
36.374207 75.768978 -40
38.353897 74.778879 -49
40.315563 73.752726 -59
42.247271 72.671237 -68
44.146231 71.532112 -78
46.012187 70.342728 -88
47.856056 69.128712 -99
49.664637 67.850213 -109
-49.543539 65.365829 -114
-48.424472 66.143181 -104
-46.661081 67.389946 -95
-44.863164 68.586440 -85
-43.043920 69.749173 -76
-41.192433 70.860115 -67
-39.308708 71.914953 -58
-37.396294 72.915458 -49
-35.465854 73.880932 -40
-33.509014 74.791064 -32
-31.525769 75.642042 -24
-29.519676 76.436407 -17
-27.499364 77.193702 -10
-25.458238 77.893627 -3
-23.397309 78.531858 2
-21.319625 79.110940 8
-19.231532 79.652196 14
-17.128713 80.134044 18
-15.012693 80.552423 23
-12.885758 80.910639 27
-10.752983 81.229751 30
-8.611576 81.487943 32
-6.463570 81.682152 35
-4.310993 81.815180 36
-2.156385 81.908603 37
0.000000 81.941100 37
2.156385 81.908603 37
4.310993 81.815180 36
6.463570 81.682152 35
8.611576 81.487943 32
10.752983 81.229751 30
12.885758 80.910639 27
15.012693 80.552423 23
17.128713 80.134044 18
19.231532 79.652196 14
21.319625 79.110940 8
23.397309 78.531858 2
25.458238 77.893627 -3
27.499364 77.193702 -10
29.519676 76.436407 -17
31.525769 75.642042 -24
33.509014 74.791064 -32
35.465854 73.880932 -40
37.396294 72.915458 -49
39.308708 71.914953 -58
41.192433 70.860115 -67
43.043920 69.749173 -76
44.863164 68.586440 -85
46.661081 67.389946 -95
48.424472 66.143181 -104
49.543539 65.365829 -114
-50.511044 61.871792 -118
-48.865955 63.241688 -109
-47.184310 64.435894 -100
-45.466109 65.651435 -91
-43.714141 66.816957 -82
-41.941608 67.950243 -74
-40.137345 69.032748 -65
-38.302106 70.060674 -57
-36.438438 71.035798 -48
-34.557501 71.976387 -41
-32.650672 72.863673 -33
-30.718456 73.692816 -26
-28.763646 74.466870 -19
-26.795125 75.205130 -12
-24.806296 75.887026 -6
-22.798173 76.508757 0
-20.773547 77.073367 5
-18.739020 77.600659 10
-16.690022 78.070067 14
-14.628333 78.477786 18
-12.555725 78.826859 22
-10.477532 79.137852 25
-8.390962 79.389691 27
-6.298045 79.578830 29
-4.200559 79.708301 30
-2.101295 79.799443 31
0.000000 79.831177 31
2.101295 79.799443 31
4.200559 79.708301 30
6.298045 79.578830 29
8.390962 79.389691 27
10.477532 79.137852 25
12.555725 78.826859 22
14.628333 78.477786 18
16.690022 78.070067 14
18.739020 77.600659 10
20.773547 77.073367 5
22.798173 76.508757 0
24.806296 75.887026 -6
26.795125 75.205130 -12
28.763646 74.466870 -19
30.718456 73.692816 -26
32.650672 72.863673 -33
34.557501 71.976387 -41
36.438438 71.035798 -48
38.302106 70.060674 -57
40.137345 69.032748 -65
41.941608 67.950243 -74
43.714141 66.816957 -82
45.466109 65.651435 -91
47.184310 64.435894 -100
48.865955 63.241688 -109
50.511044 61.871792 -118
-51.221884 58.386649 -120
-49.161462 60.205382 -111
-47.560295 61.484390 -103
-45.923837 62.716931 -95
-44.251334 63.899975 -87
-42.546332 65.034526 -79
-40.821019 66.137850 -71
-39.064992 67.191417 -63
-37.278752 68.191929 -55
-35.464838 69.141152 -48
-33.634425 70.057122 -40
-31.778370 70.920286 -33
-29.897691 71.727598 -27
-27.995176 72.481087 -20
-26.079208 73.199799 -14
-24.143438 73.863162 -8
-22.189135 74.468649 -3
-20.218583 75.018278 1
-18.238132 75.531606 6
-16.244224 75.988574 10
-14.237370 76.385379 14
-12.220360 76.724802 17
-10.197512 77.027669 20
-8.166794 77.272659 22
-6.129728 77.456715 24
-4.088347 77.582889 25
-2.045189 77.671744 26
0.000000 77.702461 26
2.045189 77.671744 26
4.088347 77.582889 25
6.129728 77.456715 24
8.166794 77.272659 22
10.197512 77.027669 20
12.220360 76.724802 17
14.237370 76.385379 14
16.244224 75.988574 10
18.238132 75.531606 6
20.218583 75.018278 1
22.189135 74.468649 -3
24.143438 73.863162 -8
26.079208 73.199799 -14
27.995176 72.481087 -20
29.897691 71.727598 -27
31.778370 70.920286 -33
33.634425 70.057122 -40
35.464838 69.141152 -48
37.278752 68.191929 -55
39.064992 67.191417 -63
40.821019 66.137850 -71
42.546332 65.034526 -79
44.251334 63.899975 -87
45.923837 62.716931 -95
47.560295 61.484390 -103
49.161462 60.205382 -111
51.221884 58.386649 -120
-50.844123 55.968014 -120
-49.346281 57.283826 -113
-47.811883 58.538972 -105
-46.254887 59.782942 -98
-44.663113 60.981723 -90
-43.036557 62.132518 -83
-41.378269 63.235849 -75
-39.700433 64.309213 -68
-37.992638 65.333841 -61
-36.255394 66.307187 -54
-34.491495 67.230514 -47
-32.711094 68.121352 -40
-30.906068 68.960901 -33
-29.076922 69.746384 -27
-27.226706 70.479054 -21
-25.363290 71.177963 -16
-23.480832 71.823556 -10
-21.580096 72.412289 -5
-19.663366 72.946938 -1
-17.737497 73.446307 3
-15.798172 73.890583 7
-13.846661 74.276720 10
-11.884996 74.607007 13
-9.917746 74.901495 16
-7.942625 75.139629 18
-5.961412 75.318864 19
-3.976136 75.441480 20
-1.989083 75.527800 21
0.000000 75.557755 21
1.989083 75.527800 21
3.976136 75.441480 20
5.961412 75.318864 19
7.942625 75.139629 18
9.917746 74.901495 16
11.884996 74.607007 13
13.846661 74.276720 10
15.798172 73.890583 7
17.737497 73.446307 3
19.663366 72.946938 -1
21.580096 72.412289 -5
23.480832 71.823556 -10
25.363290 71.177963 -16
27.226706 70.479054 -21
29.076922 69.746384 -27
30.906068 68.960901 -33
32.711094 68.121352 -40
34.491495 67.230514 -47
36.255394 66.307187 -54
37.992638 65.333841 -61
39.700433 64.309213 -68
41.378269 63.235849 -75
43.036557 62.132518 -83
44.663113 60.981723 -90
46.254887 59.782942 -98
47.811883 58.538972 -105
49.346281 57.283826 -113
50.844123 55.968014 -120
-51.183549 52.517642 -119
-49.385378 54.348058 -113
-47.930439 55.626050 -106
-46.440214 56.862149 -99
-44.927645 58.070320 -92
-43.381824 59.235340 -85
-41.801979 60.353137 -79
-40.191165 61.425236 -72
-38.561311 62.467634 -65
-36.902767 63.463571 -58
-35.215283 64.408735 -52
-33.501904 65.305659 -45
-31.772532 66.171109 -39
-30.019293 66.986801 -33
-28.242701 67.749680 -28
-26.445543 68.461537 -22
-24.635695 69.140389 -17
-22.807058 69.767451 -12
-20.960904 70.339424 -7
-19.099264 70.858590 -3
-17.228739 71.343742 0
-15.345011 71.775323 3
-13.449353 72.150546 7
-11.544047 72.471437 9
-9.633156 72.757297 12
-7.714649 72.988830 14
-5.790556 73.162983 15
-3.862148 73.282053 16
-1.931962 73.365826 17
0.000000 73.395025 17
1.931962 73.365826 17
3.862148 73.282053 16
5.790556 73.162983 15
7.714649 72.988830 14
9.633156 72.757297 12
11.544047 72.471437 9
13.449353 72.150546 7
15.345011 71.775323 3
17.228739 71.343742 0
19.099264 70.858590 -3
20.960904 70.339424 -7
22.807058 69.767451 -12
24.635695 69.140389 -17
26.445543 68.461537 -22
28.242701 67.749680 -28
30.019293 66.986801 -33
31.772532 66.171109 -39
33.501904 65.305659 -45
35.215283 64.408735 -52
36.902767 63.463571 -58
38.561311 62.467634 -65
40.191165 61.425236 -72
41.801979 60.353137 -79
43.381824 59.235340 -85
44.927645 58.070320 -92
46.440214 56.862149 -99
47.930439 55.626050 -106
49.385378 54.348058 -113
51.183549 52.517642 -119
-50.639250 50.142676 -117
-49.301345 51.358721 -111
-47.926884 52.727848 -105
-46.514851 53.968522 -99
-45.068545 55.168319 -93
-43.600661 56.340950 -87
-42.100278 57.471695 -80
-40.567148 58.556487 -74
-39.004062 59.597107 -68
-37.422441 60.609035 -62
-35.812644 61.575526 -56
-34.175172 62.493021 -50
-32.512314 63.363541 -44
-30.833969 64.203604 -38
-29.132776 64.995174 -33
-27.408479 65.735722 -28
-25.664381 66.426505 -23
-23.907844 67.085555 -18
-22.133537 67.694084 -13
-20.341711 68.249304 -9
-18.535161 68.753235 -5
-16.719727 69.223914 -2
-14.891851 69.643056 1
-13.052044 70.007110 4
-11.203097 70.318611 6
-9.348565 70.596091 8
-7.486926 70.820764 10
-5.619447 70.989846 11
-3.747906 71.105359 12
-1.874841 71.186851 13
0.000000 71.215027 13
1.874841 71.186851 13
3.747906 71.105359 12
5.619447 70.989846 11
7.486926 70.820764 10
9.348565 70.596091 8
11.203097 70.318611 6
13.052044 70.007110 4
14.891851 69.643056 1
16.719727 69.223914 -2
18.535161 68.753235 -5
20.341711 68.249304 -9
22.133537 67.694084 -13
23.907844 67.085555 -18
25.664381 66.426505 -23
27.408479 65.735722 -28
29.132776 64.995174 -33
30.833969 64.203604 -38
32.512314 63.363541 -44
34.175172 62.493021 -50
35.812644 61.575526 -56
37.422441 60.609035 -62
39.004062 59.597107 -68
40.567148 58.556487 -74
42.100278 57.471695 -80
43.600661 56.340950 -87
45.068545 55.168319 -93
46.514851 53.968522 -99
47.926884 52.727848 -105
49.301345 51.358721 -111
50.639250 50.142676 -117
-50.729118 46.764663 -113
-49.072861 48.576290 -108
-47.776340 49.856816 -103
-46.444274 51.100024 -98
-45.076163 52.302614 -92
-43.674536 53.465347 -87
-42.252096 54.601930 -81
-40.798173 55.697891 -75
-39.312516 56.749432 -70
-37.797664 57.758063 -64
-36.265041 58.738765 -58
-34.705002 59.675555 -53
-33.118051 60.564862 -47
-31.506729 61.408730 -42
-29.880426 62.222644 -37
-28.231532 62.989843 -32
-26.560802 63.707538 -27
-24.870526 64.377255 -23
-23.168316 65.015739 -18
-21.448845 65.605737 -14
-19.712617 66.143689 -10
-17.961920 66.632137 -7
-16.202589 67.088350 -4
-14.431074 67.494544 -1
-12.648388 67.847169 1
-10.856563 68.149020 3
-9.059406 68.417872 5
-7.255395 68.635696 7
-5.445545 68.799442 8
-3.632140 68.911651 9
-1.816959 68.990354 10
0.000000 69.017774 10
1.816959 68.990354 10
3.632140 68.911651 9
5.445545 68.799442 8
7.255395 68.635696 7
9.059406 68.417872 5
10.856563 68.149020 3
12.648388 67.847169 1
14.431074 67.494544 -1
16.202589 67.088350 -4
17.961920 66.632137 -7
19.712617 66.143689 -10
21.448845 65.605737 -14
23.168316 65.015739 -18
24.870526 64.377255 -23
26.560802 63.707538 -27
28.231532 62.989843 -32
29.880426 62.222644 -37
31.506729 61.408730 -42
33.118051 60.564862 -47
34.705002 59.675555 -53
36.265041 58.738765 -58
37.797664 57.758063 -64
39.312516 56.749432 -70
40.798173 55.697891 -75
42.252096 54.601930 -81
43.674536 53.465347 -87
45.076163 52.302614 -92
46.444274 51.100024 -98
47.776340 49.856816 -103
49.072861 48.576290 -108
50.729118 46.764663 -113
-49.935262 44.467630 -108
-48.739019 45.657526 -104
-48.335871 46.175425 -102
-47.506474 47.009900 -100
-46.677329 47.844376 -96
-46.251586 48.250062 -95
-44.961921 49.453668 -90
-43.637217 50.617922 -85
-43.191926 51.001522 -83
-42.280529 51.743842 -80
-41.369130 52.485908 -77
-40.903527 52.844378 -75
-39.496065 53.905562 -70
-38.057628 54.923837 -65
-37.574764 55.258184 -63
-36.591266 55.900480 -60
-35.607768 56.542522 -56
-35.107388 56.849964 -55
-33.597360 57.756792 -50
-32.060929 58.617922 -45
-31.546077 58.899722 -43
-30.501141 59.434879 -40
-29.456208 59.969788 -37
-28.926632 60.223152 -36
-27.330542 60.965980 -31
-25.713126 61.660829 -27
-25.171617 61.887027 -25
-24.076669 62.309218 -23
-22.981975 62.731404 -20
-22.429042 62.927392 -19
-20.764154 63.498603 -15
-19.083270 64.019548 -11
-18.521452 64.187359 -10
-17.388677 64.492514 -8
-16.255903 64.797159 -6
-15.685453 64.934248 -5
-13.970551 65.327494 -2
-12.244732 65.668950 0
-11.668190 65.776846 0
-10.510028 65.961157 1
-9.351612 66.145468 2
-8.770246 66.221629 3
-7.023864 66.432598 4
-5.271897 66.591013 6
-4.687230 66.637982 6
-3.516121 66.699671 6
-2.345011 66.761106 7
-1.758822 66.775833 7
0.000000 66.802236 7
1.758822 66.775833 7
2.345011 66.761106 7
3.516121 66.699671 6
4.687230 66.637982 6
5.271897 66.591013 6
7.023864 66.432598 4
8.770246 66.221629 3
9.351612 66.145468 2
10.510028 65.961157 1
11.668190 65.776846 0
12.244732 65.668950 0
13.970551 65.327494 -2
15.685453 64.934248 -5
16.255903 64.797159 -6
17.388677 64.492514 -8
18.521452 64.187359 -10
19.083270 64.019548 -11
20.764154 63.498603 -15
22.429042 62.927392 -19
22.981975 62.731404 -20
24.076669 62.309218 -23
25.171617 61.887027 -25
25.713126 61.660829 -27
27.330542 60.965980 -31
28.926632 60.223152 -36
29.456208 59.969788 -37
30.501141 59.434879 -40
31.546077 58.899722 -43
32.060929 58.617922 -45
33.597360 57.756792 -50
35.107388 56.849964 -55
35.607768 56.542522 -56
36.591266 55.900480 -60
37.574764 55.258184 -63
38.057628 54.923837 -65
39.496065 53.905562 -70
40.903527 52.844378 -75
41.369130 52.485908 -77
42.280529 51.743842 -80
43.191926 51.001522 -83
43.637217 50.617922 -85
44.961921 49.453668 -90
46.251586 48.250062 -95
46.677329 47.844376 -96
47.506474 47.009900 -100
48.335871 46.175425 -102
48.739019 45.657526 -104
49.935262 44.467630 -108
-49.675551 41.290681 -103
-48.268851 42.967250 -99
-46.694086 44.614369 -94
-45.119574 46.250319 -88
-43.434883 47.781924 -83
-41.750446 49.302870 -77
-39.964203 50.712111 -71
-38.177963 52.110431 -65
-36.298554 53.390710 -59
-34.419397 54.659813 -53
-32.456206 55.804770 -47
-30.493273 56.938565 -41
-28.455699 57.942876 -35
-26.418380 58.936024 -30
-24.316578 59.794874 -25
-22.215029 60.642802 -20
-20.059152 61.351863 -15
-17.903276 62.050264 -11
-15.703732 62.606501 -7
-13.504189 63.152325 -4
-11.271896 63.552935 -1
-9.039604 63.943386 0
-6.785224 64.186343 2
-4.530845 64.419141 3
-2.265296 64.503936 4
0.000000 64.578065 5
2.265296 64.503936 4
4.530845 64.419141 3
6.785224 64.186343 2
9.039604 63.943386 0
11.271896 63.552935 -1
13.504189 63.152325 -4
15.703732 62.606501 -7
17.903276 62.050264 -11
20.059152 61.351863 -15
22.215029 60.642802 -20
24.316578 59.794874 -25
26.418380 58.936024 -30
28.455699 57.942876 -35
30.493273 56.938565 -41
32.456206 55.804770 -47
34.419397 54.659813 -53
36.298554 53.390710 -59
38.177963 52.110431 -65
39.964203 50.712111 -71
41.750446 49.302870 -77
43.434883 47.781924 -83
45.119574 46.250319 -88
46.694086 44.614369 -94
48.268851 42.967250 -99
49.675551 41.290681 -103
-48.009138 39.790047 -93
-46.602438 41.466616 -89
-45.082001 43.052042 -85
-43.561818 44.636964 -80
-41.935262 46.111194 -75
-40.308962 47.584920 -70
-38.584411 48.940849 -65
-36.859864 50.296269 -59
-35.045442 51.527292 -54
-33.231022 52.758058 -49
-31.335620 53.858339 -43
-29.440468 54.958621 -38
-27.473472 55.923078 -33
-25.506220 56.887536 -28
-23.477025 57.711602 -23
-21.448084 58.535668 -19
-19.366590 59.215029 -15
-17.285097 59.894643 -11
-15.161715 60.426757 -8
-13.038081 60.958871 -5
-10.882712 61.340695 -2
-8.727596 61.722518 0
-6.550901 61.952273 0
-4.374460 62.182282 2
-2.187103 62.258698 2
0.000000 62.335616 3
2.187103 62.258698 2
4.374460 62.182282 2
6.550901 61.952273 0
8.727596 61.722518 0
10.882712 61.340695 -2
13.038081 60.958871 -5
15.161715 60.426757 -8
17.285097 59.894643 -11
19.366590 59.215029 -15
21.448084 58.535668 -19
23.477025 57.711602 -23
25.506220 56.887536 -28
27.473472 55.923078 -33
29.440468 54.958621 -38
31.335620 53.858339 -43
33.231022 52.758058 -49
35.045442 51.527292 -54
36.859864 50.296269 -59
38.584411 48.940849 -65
40.308962 47.584920 -70
41.935262 46.111194 -75
43.561818 44.636964 -80
45.082001 43.052042 -85
46.602438 41.466616 -89
48.009138 39.790047 -93
-47.614116 36.703986 -87
-46.258695 38.332065 -84
-44.903021 39.959889 -80
-43.438183 41.487940 -76
-41.973342 43.015486 -72
-40.406448 44.436150 -68
-38.839299 45.856564 -63
-37.177457 47.163240 -59
-35.515866 48.469407 -54
-33.767707 49.655749 -49
-32.019294 50.841839 -44
-30.193198 51.902261 -40
-28.366844 52.962426 -35
-26.471693 53.892106 -30
-24.576288 54.821272 -26
-22.621223 55.615383 -22
-20.665906 56.409240 -18
-18.660321 57.064230 -14
-16.654988 57.719220 -11
-14.608784 58.231785 -8
-12.562579 58.744604 -5
-10.485910 59.112209 -3
-8.409241 59.480069 -1
-6.312008 59.701698 0
-4.215029 59.923328 0
-2.107388 59.997208 1
0.000000 60.071083 1
2.107388 59.997208 1
4.215029 59.923328 0
6.312008 59.701698 0
8.409241 59.480069 -1
10.485910 59.112209 -3
12.562579 58.744604 -5
14.608784 58.231785 -8
16.654988 57.719220 -11
18.660321 57.064230 -14
20.665906 56.409240 -18
22.621223 55.615383 -22
24.576288 54.821272 -26
26.471693 53.892106 -30
28.366844 52.962426 -35
30.193198 51.902261 -40
32.019294 50.841839 -44
33.767707 49.655749 -49
35.515866 48.469407 -54
37.177457 47.163240 -59
38.839299 45.856564 -63
40.406448 44.436150 -68
41.973342 43.015486 -72
43.438183 41.487940 -76
44.903021 39.959889 -80
46.258695 38.332065 -84
47.614116 36.703986 -87
-47.004824 33.664383 -79
-45.812136 35.296013 -76
-44.507998 36.863164 -74
-43.203860 38.429805 -71
-41.794365 39.900481 -68
-40.385124 41.370652 -64
-38.877380 42.738003 -60
-37.369383 44.104850 -56
-35.770754 45.362527 -52
-34.171872 46.619446 -48
-32.489719 47.761359 -44
-30.807820 48.902768 -40
-29.050522 49.923330 -36
-27.293475 50.943642 -32
-25.469916 51.838031 -28
-23.646357 52.732416 -24
-21.765169 53.496572 -20
-19.883980 54.260728 -17
-17.954302 54.890833 -14
-16.024626 55.521198 -11
-14.055851 56.014468 -8
-12.087332 56.507745 -6
-10.089109 56.861895 -4
-8.091140 57.215790 -2
-6.073115 57.429040 -1
-4.055344 57.642042 0
-2.027672 57.713381 0
0.000000 57.784460 0
2.027672 57.713381 0
4.055344 57.642042 0
6.073115 57.429040 -1
8.091140 57.215790 -2
10.089109 56.861895 -4
12.087332 56.507745 -6
14.055851 56.014468 -8
16.024626 55.521198 -11
17.954302 54.890833 -14
19.883980 54.260728 -17
21.765169 53.496572 -20
23.646357 52.732416 -24
25.469916 51.838031 -28
27.293475 50.943642 -32
29.050522 49.923330 -36
30.807820 48.902768 -40
32.489719 47.761359 -44
34.171872 46.619446 -48
35.770754 45.362527 -52
37.369383 44.104850 -56
38.877380 42.738003 -60
40.385124 41.370652 -64
41.794365 39.900481 -68
43.203860 38.429805 -71
44.507998 36.863164 -74
45.812136 35.296013 -76
47.004824 33.664383 -79
-45.128205 32.300837 -68
-43.983244 33.890834 -66
-42.731151 35.396040 -64
-41.478801 36.900483 -62
-40.125668 38.312770 -59
-38.772531 39.725058 -56
-37.324955 41.037826 -53
-35.877379 42.350598 -50
-34.342473 43.558010 -46
-32.807566 44.765170 -43
-31.192436 45.861640 -39
-29.577559 46.957604 -35
-27.890581 47.937548 -32
-26.203860 48.917237 -28
-24.452907 49.776087 -25
-22.702208 50.634679 -21
-20.896166 51.368622 -18
-19.089871 52.102058 -15
-17.237369 52.707283 -12
-15.384870 53.312261 -10
-13.494796 53.785729 -7
-11.604722 54.259457 -5
-9.686215 54.599643 -4
-7.767962 54.939326 -2
-5.830668 55.143948 -1
-3.893374 55.348564 0
-1.946687 55.416860 0
0.000000 55.485404 0
1.946687 55.416860 0
3.893374 55.348564 0
5.830668 55.143948 -1
7.767962 54.939326 -2
9.686215 54.599643 -4
11.604722 54.259457 -5
13.494796 53.785729 -7
15.384870 53.312261 -10
17.237369 52.707283 -12
19.089871 52.102058 -15
20.896166 51.368622 -18
22.702208 50.634679 -21
24.452907 49.776087 -25
26.203860 48.917237 -28
27.890581 47.937548 -32
29.577559 46.957604 -35
31.192436 45.861640 -39
32.807566 44.765170 -43
34.342473 43.558010 -46
35.877379 42.350598 -50
37.324955 41.037826 -53
38.772531 39.725058 -56
40.125668 38.312770 -59
41.478801 36.900483 -62
42.731151 35.396040 -64
43.983244 33.890834 -66
45.128205 32.300837 -68
-44.348820 29.412289 -59
-43.251334 30.937294 -58
-42.154099 32.461793 -56
-40.954051 33.905053 -55
-39.753999 35.347295 -53
-38.456967 36.701448 -51
-37.160193 38.055344 -48
-35.772784 39.313784 -46
-34.385376 40.572481 -43
-32.914191 41.729880 -40
-31.443007 42.887280 -37
-29.895404 43.938309 -34
-28.347550 44.989083 -31
-26.730898 45.928408 -28
-25.113988 46.867733 -25
-23.436152 47.691040 -22
-21.758060 48.514343 -19
-20.027164 49.217569 -16
-18.296014 49.920792 -13
-16.520436 50.501142 -11
-14.745113 51.080984 -9
-12.933486 51.534906 -6
-11.122112 51.989083 -5
-9.283574 52.315053 -3
-7.445037 52.640772 -2
-5.588220 52.837014 -1
-3.731658 53.033003 0
-1.865702 53.098503 0
0.000000 53.164252 0
1.865702 53.098503 0
3.731658 53.033003 0
5.588220 52.837014 -1
7.445037 52.640772 -2
9.283574 52.315053 -3
11.122112 51.989083 -5
12.933486 51.534906 -6
14.745113 51.080984 -9
16.520436 50.501142 -11
18.296014 49.920792 -13
20.027164 49.217569 -16
21.758060 48.514343 -19
23.436152 47.691040 -22
25.113988 46.867733 -25
26.730898 45.928408 -28
28.347550 44.989083 -31
29.895404 43.938309 -34
31.443007 42.887280 -37
32.914191 41.729880 -40
34.385376 40.572481 -43
35.772784 39.313784 -46
37.160193 38.055344 -48
38.456967 36.701448 -51
39.753999 35.347295 -53
40.954051 33.905053 -55
42.154099 32.461793 -56
43.251334 30.937294 -58
44.348820 29.412289 -59
-43.298554 26.677836 -48
-42.396293 28.121603 -48
-41.347297 29.580602 -48
-40.298298 31.038588 -47
-39.151054 32.418633 -46
-38.003807 33.798171 -44
-36.764154 35.092915 -42
-35.524246 36.387409 -40
-34.198021 37.591012 -38
-32.871794 38.794364 -36
-31.465348 39.900989 -34
-30.058899 41.007617 -31
-28.579335 42.012440 -28
-27.099771 43.017011 -26
-25.553948 43.915206 -23
-24.008378 44.813152 -21
-22.404418 45.600154 -18
-20.800203 46.387156 -16
-19.145469 47.059661 -13
-17.490734 47.731913 -11
-15.793348 48.286621 -9
-14.095963 48.841076 -7
-12.364052 49.275196 -5
-10.632394 49.709318 -4
-8.874841 50.020562 -2
-7.117289 50.332063 -1
-5.342219 50.519674 0
-3.567403 50.707286 0
-1.783702 50.769737 0
0.000000 50.832446 0
1.783702 50.769737 0
3.567403 50.707286 0
5.342219 50.519674 0
7.117289 50.332063 -1
8.874841 50.020562 -2
10.632394 49.709318 -4
12.364052 49.275196 -5
14.095963 48.841076 -7
15.793348 48.286621 -9
17.490734 47.731913 -11
19.145469 47.059661 -13
20.800203 46.387156 -16
22.404418 45.600154 -18
24.008378 44.813152 -21
25.553948 43.915206 -23
27.099771 43.017011 -26
28.579335 42.012440 -28
30.058899 41.007617 -31
31.465348 39.900989 -34
32.871794 38.794364 -36
34.198021 37.591012 -38
35.524246 36.387409 -40
36.764154 35.092915 -42
38.003807 33.798171 -44
39.151054 32.418633 -46
40.298298 31.038588 -47
41.347297 29.580602 -48
42.396293 28.121603 -48
43.298554 26.677836 -48
-41.346281 25.361005 -38
-40.444020 26.804772 -38
-39.443261 28.197260 -38
-38.442498 29.588728 -37
-37.348312 30.905814 -36
-36.253873 32.222391 -35
-35.071083 33.457985 -34
-33.888550 34.693322 -33
-32.623255 35.842091 -31
-31.357957 36.990354 -29
-30.016247 38.046459 -27
-28.674791 39.102564 -25
-27.263265 40.061437 -23
-25.851739 41.019802 -21
-24.377252 41.876873 -19
-22.902768 42.733689 -16
-21.372683 43.484640 -14
-19.842346 44.235845 -12
-18.263772 44.877379 -10
-16.685199 45.519167 -8
-15.066007 46.048235 -6
-13.446813 46.577305 -5
-11.794872 46.991622 -3
-10.142930 47.405688 -2
-8.466108 47.702971 -1
-6.789541 47.999999 0
-5.096217 48.178980 0
-3.403148 48.357958 0
-1.701447 48.417620 1
0.000000 48.477533 1
1.701447 48.417620 1
3.403148 48.357958 0
5.096217 48.178980 0
6.789541 47.999999 0
8.466108 47.702971 -1
10.142930 47.405688 -2
11.794872 46.991622 -3
13.446813 46.577305 -5
15.066007 46.048235 -6
16.685199 45.519167 -8
18.263772 44.877379 -10
19.842346 44.235845 -12
21.372683 43.484640 -14
22.902768 42.733689 -16
24.377252 41.876873 -19
25.851739 41.019802 -21
27.263265 40.061437 -23
28.674791 39.102564 -25
30.016247 38.046459 -27
31.357957 36.990354 -29
32.623255 35.842091 -31
33.888550 34.693322 -33
35.071083 33.457985 -34
36.253873 32.222391 -35
37.348312 30.905814 -36
38.442498 29.588728 -37
39.443261 28.197260 -38
40.444020 26.804772 -38
41.346281 25.361005 -38
-40.180756 22.718965 -27
-39.322672 24.109420 -28
-38.464585 25.499112 -28
-37.512821 26.824066 -28
-36.561056 28.148261 -28
-35.520437 29.401371 -28
-34.479564 30.653718 -27
-33.354658 31.829399 -26
-32.230009 33.004317 -25
-31.026657 34.096978 -24
-29.823305 35.189388 -22
-28.547347 36.193956 -21
-27.271388 37.198273 -19
-25.928917 38.110435 -17
-24.586444 39.022086 -16
-23.184310 39.837267 -14
-21.781924 40.652197 -12
-20.326732 41.366338 -10
-18.871288 42.080733 -9
-17.369891 42.690784 -7
-15.868749 43.301092 -5
-14.328763 43.804264 -4
-12.788779 44.307439 -2
-11.217568 44.701448 -1
-9.646357 45.095203 0
-8.051790 45.378016 0
-6.457223 45.660572 1
-4.846915 45.830922 1
-3.236354 46.001015 2
-1.618177 46.057882 2
0.000000 46.114749 2
1.618177 46.057882 2
3.236354 46.001015 2
4.846915 45.830922 1
6.457223 45.660572 1
8.051790 45.378016 0
9.646357 45.095203 0
11.217568 44.701448 -1
12.788779 44.307439 -2
14.328763 43.804264 -4
15.868749 43.301092 -5
17.369891 42.690784 -7
18.871288 42.080733 -9
20.326732 41.366338 -10
21.781924 40.652197 -12
23.184310 39.837267 -14
24.586444 39.022086 -16
25.928917 38.110435 -17
27.271388 37.198273 -19
28.547347 36.193956 -21
29.823305 35.189388 -22
31.026657 34.096978 -24
32.230009 33.004317 -25
33.354658 31.829399 -26
34.479564 30.653718 -27
35.520437 29.401371 -28
36.561056 28.148261 -28
37.512821 26.824066 -28
38.464585 25.499112 -28
39.322672 24.109420 -28
40.180756 22.718965 -27
-38.834223 20.182788 -15
-38.113227 21.525260 -17
-37.299314 22.845138 -18
-36.485403 24.164003 -18
-35.582635 25.421426 -19
-34.679869 26.678090 -19
-33.692562 27.867481 -19
-32.705255 29.056106 -18
-31.638233 30.171616 -18
-30.571464 31.286875 -17
-29.430058 32.323686 -16
-28.288653 33.360496 -15
-27.078192 34.313531 -14
-25.867987 35.266566 -13
-24.594568 36.132013 -12
-23.321401 36.997206 -10
-21.991114 37.770755 -9
-20.661082 38.543793 -7
-19.280529 39.221628 -6
-17.900229 39.899467 -5
-16.476009 40.478547 -3
-15.052044 41.057375 -2
-13.591266 41.534906 -1
-12.130490 42.012440 0
-10.640264 42.386138 0
-9.150038 42.759839 1
-7.637471 43.028180 2
-6.124905 43.296270 3
-4.597360 43.457986 3
-3.069815 43.619194 4
-1.534907 43.673014 4
0.000000 43.727089 4
1.534907 43.673014 4
3.069815 43.619194 4
4.597360 43.457986 3
6.124905 43.296270 3
7.637471 43.028180 2
9.150038 42.759839 1
10.640264 42.386138 0
12.130490 42.012440 0
13.591266 41.534906 -1
15.052044 41.057375 -2
16.476009 40.478547 -3
17.900229 39.899467 -5
19.280529 39.221628 -6
20.661082 38.543793 -7
21.991114 37.770755 -9
23.321401 36.997206 -10
24.594568 36.132013 -12
25.867987 35.266566 -13
27.078192 34.313531 -14
28.288653 33.360496 -15
29.430058 32.323686 -16
30.571464 31.286875 -17
31.638233 30.171616 -18
32.705255 29.056106 -18
33.692562 27.867481 -19
34.679869 26.678090 -19
35.582635 25.421426 -19
36.485403 24.164003 -18
37.299314 22.845138 -18
38.113227 21.525260 -17
38.834223 20.182788 -15
-36.700178 19.048237 -5
-36.018787 20.349075 -7
-35.249555 21.597613 -8
-34.480326 22.844630 -9
-33.627061 24.033767 -9
-32.774054 25.221629 -10
-31.841076 26.346027 -10
-30.908098 27.469663 -10
-29.899721 28.524246 -10
-28.891344 29.578319 -9
-27.812644 30.558008 -9
-26.733944 31.537955 -8
-25.590251 32.438690 -7
-24.446560 33.339426 -7
-23.243209 34.157399 -6
-22.039858 34.974868 -5
-20.782686 35.705762 -4
-19.525768 36.436659 -2
-18.221122 37.077176 -1
-16.916477 37.717694 0
-15.570704 38.264788 0
-14.224930 38.811882 1
-12.844377 39.263264 2
-11.464077 39.714394 3
-10.055598 40.067530 3
-8.647118 40.420666 4
-7.217822 40.674284 5
-5.788271 40.927647 5
-4.344758 41.080224 6
-2.901244 41.232801 6
-1.450622 41.283829 6
0.000000 41.334604 6
1.450622 41.283829 6
2.901244 41.232801 6
4.344758 41.080224 6
5.788271 40.927647 5
7.217822 40.674284 5
8.647118 40.420666 4
10.055598 40.067530 3
11.464077 39.714394 3
12.844377 39.263264 2
14.224930 38.811882 1
15.570704 38.264788 0
16.916477 37.717694 0
18.221122 37.077176 -1
19.525768 36.436659 -2
20.782686 35.705762 -4
22.039858 34.974868 -5
23.243209 34.157399 -6
24.446560 33.339426 -7
25.590251 32.438690 -7
26.733944 31.537955 -8
27.812644 30.558008 -9
28.891344 29.578319 -9
29.899721 28.524246 -10
30.908098 27.469663 -10
31.841076 26.346027 -10
32.774054 25.221629 -10
33.627061 24.033767 -9
34.480326 22.844630 -9
35.249555 21.597613 -8
36.018787 20.349075 -7
36.700178 19.048237 -5
-35.207920 16.686215 5
-34.566135 17.913429 4
-33.924347 19.139884 2
-33.199797 20.316832 1
-32.475246 21.492259 0
-31.671745 22.613099 0
-30.868241 23.732926 -1
-29.989592 24.792589 -2
-29.110689 25.851486 -2
-28.160955 26.845140 -2
-27.211475 27.838539 -2
-26.195480 28.761870 -2
-25.179487 29.685201 -1
-24.102311 30.534145 -1
-23.024880 31.382839 0
-21.891597 32.153847 0
-20.758314 32.924093 0
-19.574258 33.612592 1
-18.390201 34.301346 2
-17.161462 34.904799 2
-15.932725 35.508252 3
-14.665397 36.023863 4
-13.397816 36.539478 5
-12.097486 36.964459 6
-10.797410 37.389694 6
-9.470932 37.722265 7
-8.144453 38.055090 7
-6.798172 38.293984 8
-5.451638 38.532624 8
-4.092155 38.676567 9
-2.732419 38.820259 9
-1.366337 38.868241 9
0.000000 38.916223 9
1.366337 38.868241 9
2.732419 38.820259 9
4.092155 38.676567 9
5.451638 38.532624 8
6.798172 38.293984 8
8.144453 38.055090 7
9.470932 37.722265 7
10.797410 37.389694 6
12.097486 36.964459 6
13.397816 36.539478 5
14.665397 36.023863 4
15.932725 35.508252 3
17.161462 34.904799 2
18.390201 34.301346 2
19.574258 33.612592 1
20.758314 32.924093 0
21.891597 32.153847 0
23.024880 31.382839 0
24.102311 30.534145 -1
25.179487 29.685201 -1
26.195480 28.761870 -2
27.211475 27.838539 -2
28.160955 26.845140 -2
29.110689 25.851486 -2
29.989592 24.792589 -2
30.868241 23.732926 -1
31.671745 22.613099 0
32.475246 21.492259 0
33.199797 20.316832 1
33.924347 19.139884 2
34.566135 17.913429 4
35.207920 16.686215 5
-33.008122 15.650926 15
-32.406448 16.802996 13
-31.804774 17.953797 11
-31.125413 19.057630 10
-30.446307 20.160447 8
-29.693069 21.211475 7
-28.939580 22.261742 6
-28.115765 23.255396 6
-27.291953 24.248287 5
-26.401624 25.180248 5
-25.511298 26.111450 5
-24.558771 26.977152 5
-23.606245 27.842853 5
-22.596344 28.638743 5
-21.586443 29.434375 5
-20.523737 30.156639 6
-19.461285 30.878902 6
-18.351358 31.524753 7
-17.241432 32.170092 7
-16.089363 32.735719 8
-14.937294 33.301345 8
-13.748921 33.784718 9
-12.560549 34.267833 9
-11.341711 34.666667 10
-10.122874 35.064990 10
-8.879157 35.376999 11
-7.635441 35.688754 11
-6.373445 35.912668 11
-5.111196 36.136584 12
-3.836507 36.271388 12
-2.561818 36.406195 12
-1.280782 36.451128 12
0.000000 36.496318 12
1.280782 36.451128 12
2.561818 36.406195 12
3.836507 36.271388 12
5.111196 36.136584 12
6.373445 35.912668 11
7.635441 35.688754 11
8.879157 35.376999 11
10.122874 35.064990 10
11.341711 34.666667 10
12.560549 34.267833 9
13.748921 33.784718 9
14.937294 33.301345 8
16.089363 32.735719 8
17.241432 32.170092 7
18.351358 31.524753 7
19.461285 30.878902 6
20.523737 30.156639 6
21.586443 29.434375 5
22.596344 28.638743 5
23.606245 27.842853 5
24.558771 26.977152 5
25.511298 26.111450 5
26.401624 25.180248 5
27.291953 24.248287 5
28.115765 23.255396 6
28.939580 22.261742 6
29.693069 21.211475 7
30.446307 20.160447 8
31.125413 19.057630 10
31.804774 17.953797 11
32.406448 16.802996 13
33.008122 15.650926 15
-31.294998 13.502411 26
-30.808328 14.577811 24
-30.246764 15.654735 22
-29.685201 16.730135 20
-29.051281 17.761615 19
-28.417364 18.792078 17
-27.714142 19.773801 16
-27.011170 20.755015 15
-26.242195 21.683168 14
-25.473217 22.610561 13
-24.642042 23.481088 13
-23.811119 24.350852 12
-22.922062 25.159686 12
-22.033258 25.968012 12
-21.090378 26.711349 12
-20.147753 27.454431 12
-19.156131 28.128967 12
-18.164255 28.803505 12
-17.128205 29.406447 12
-16.092409 30.009138 13
-15.017010 30.537192 13
-13.941863 31.065500 13
-12.832699 31.516881 14
-11.723534 31.968011 14
-10.585936 32.340442 14
-9.448083 32.712365 15
-8.287383 33.003809 15
-7.126682 33.294998 15
-5.948718 33.503934 15
-4.770500 33.712870 16
-3.580858 33.838792 16
-2.390962 33.964712 16
-1.195481 34.006601 16
0.000000 34.048742 16
1.195481 34.006601 16
2.390962 33.964712 16
3.580858 33.838792 16
4.770500 33.712870 16
5.948718 33.503934 15
7.126682 33.294998 15
8.287383 33.003809 15
9.448083 32.712365 15
10.585936 32.340442 14
11.723534 31.968011 14
12.832699 31.516881 14
13.941863 31.065500 13
15.017010 30.537192 13
16.092409 30.009138 13
17.128205 29.406447 12
18.164255 28.803505 12
19.156131 28.128967 12
20.147753 27.454431 12
21.090378 26.711349 12
22.033258 25.968012 12
22.922062 25.159686 12
23.811119 24.350852 12
24.642042 23.481088 13
25.473217 22.610561 13
26.242195 21.683168 14
27.011170 20.755015 15
27.714142 19.773801 16
28.417364 18.792078 17
29.051281 17.761615 19
29.685201 16.730135 20
30.246764 15.654735 22
30.808328 14.577811 24
31.294998 13.502411 26
-29.512567 11.468138 38
-29.060928 12.507744 35
-28.609039 13.545063 33
-28.087586 14.546331 31
-27.565878 15.545569 29
-26.977406 16.503934 27
-26.388676 17.461286 26
-25.735719 18.373445 24
-25.082762 19.284590 23
-24.368622 20.146740 22
-23.654735 21.007870 21
-22.882965 21.815945 21
-22.111196 22.623763 20
-21.285860 23.374714 19
-20.460269 24.125414 19
-19.584920 24.815689 19
-18.709570 25.505459 19
-17.788525 26.131761 18
-16.867478 26.758060 19
-15.905560 27.317848 18
-14.943387 27.877379 19
-13.945163 28.367861 19
-12.946687 28.858339 19
-11.916730 29.277481 19
-10.886773 29.696369 19
-9.830160 30.041888 19
-8.773546 30.387407 19
-7.695862 30.658035 20
-6.617923 30.928155 20
-5.523991 31.122367 20
-4.430058 31.316325 20
-3.325209 31.433105 20
-2.220360 31.550140 20
-1.110180 31.588983 20
0.000000 31.628077 20
1.110180 31.588983 20
2.220360 31.550140 20
3.325209 31.433105 20
4.430058 31.316325 20
5.523991 31.122367 20
6.617923 30.928155 20
7.695862 30.658035 20
8.773546 30.387407 19
9.830160 30.041888 19
10.886773 29.696369 19
11.916730 29.277481 19
12.946687 28.858339 19
13.945163 28.367861 19
14.943387 27.877379 19
15.905560 27.317848 18
16.867478 26.758060 19
17.788525 26.131761 18
18.709570 25.505459 19
19.584920 24.815689 19
20.460269 24.125414 19
21.285860 23.374714 19
22.111196 22.623763 20
22.882965 21.815945 21
23.654735 21.007870 21
24.368622 20.146740 22
25.082762 19.284590 23
25.735719 18.373445 24
26.388676 17.461286 26
26.977406 16.503934 27
27.565878 15.545569 29
28.087586 14.546331 31
28.609039 13.545063 33
29.060928 12.507744 35
29.512567 11.468138 38
-27.243717 10.551408 46
-26.409495 12.472709 41
-25.446813 14.322164 37
-24.359989 16.092918 34
-23.154354 17.778117 31
-21.835999 19.370653 29
-20.411272 20.863673 28
-18.887280 22.250824 26
-17.271135 23.525769 26
-15.570704 24.682915 25
-13.794618 25.716933 25
-11.951257 26.623002 25
-10.049758 27.397056 25
-8.099264 28.035036 25
-6.109165 28.534653 25
-4.089363 28.893374 25
-2.049759 29.108910 25
0.000000 29.181009 25
2.049759 29.108910 25
4.089363 28.893374 25
6.109165 28.534653 25
8.099264 28.035036 25
10.049758 27.397056 25
11.951257 26.623002 25
13.794618 25.716933 25
15.570704 24.682915 25
17.271135 23.525769 26
18.887280 22.250824 26
20.411272 20.863673 28
21.835999 19.370653 29
23.154354 17.778117 31
24.359989 16.092918 34
25.446813 14.322164 37
26.409495 12.472709 41
27.243717 10.551408 46
-24.923839 9.669204 54
-24.160701 11.429044 49
-23.223153 13.095963 45
-22.285606 14.741814 42
-21.130997 16.249049 39
-19.976644 17.739528 37
-18.627824 19.063469 35
-17.279005 20.373699 34
-15.761868 21.491497 33
-14.244986 22.597613 32
-12.589236 23.489973 31
-10.933486 24.371668 31
-9.171617 25.022341 30
-7.409494 25.663112 30
-5.575273 26.060168 30
-3.741051 26.447830 30
-1.870526 26.583905 30
0.000000 26.710841 30
1.870526 26.583905 30
3.741051 26.447830 30
5.575273 26.060168 30
7.409494 25.663112 30
9.171617 25.022341 30
10.933486 24.371668 31
12.589236 23.489973 31
14.244986 22.597613 32
15.761868 21.491497 33
17.279005 20.373699 34
18.627824 19.063469 35
19.976644 17.739528 37
21.130997 16.249049 39
22.285606 14.741814 42
23.223153 13.095963 45
24.160701 11.429044 49
24.923839 9.669204 54
-22.603960 8.731659 61
-21.911906 10.332063 57
-21.061437 11.840314 53
-20.211221 13.342474 50
-19.164255 14.705509 47
-18.117289 16.065246 45
-16.893882 17.261997 43
-15.670729 18.456715 41
-14.294745 19.466617 40
-12.919015 20.475756 39
-11.417365 21.280782 38
-9.915968 22.085808 37
-8.317848 22.671999 37
-6.719726 23.257679 36
-5.056359 23.613862 36
-3.392993 23.970045 36
-1.696370 24.089363 36
0.000000 24.208684 36
1.696370 24.089363 36
3.392993 23.970045 36
5.056359 23.613862 36
6.719726 23.257679 36
8.317848 22.671999 37
9.915968 22.085808 37
11.417365 21.280782 38
12.919015 20.475756 39
14.294745 19.466617 40
15.670729 18.456715 41
16.893882 17.261997 43
18.117289 16.065246 45
19.164255 14.705509 47
20.211221 13.342474 50
21.061437 11.840314 53
21.911906 10.332063 57
22.603960 8.731659 61
-20.265296 7.846409 69
-19.644834 9.282305 65
-18.882458 10.634425 61
-18.120081 11.980706 58
-17.181519 13.202082 55
-16.242701 14.420412 52
-15.145976 15.492511 50
-14.049252 16.563088 48
-12.815689 17.468141 47
-11.582382 18.372177 46
-10.236101 19.093678 45
-8.890073 19.814928 44
-7.457222 20.340190 43
-6.024625 20.865194 43
-4.533130 21.184058 42
-3.041889 21.503174 42
-1.520944 21.610307 42
0.000000 21.717189 42
1.520944 21.610307 42
3.041889 21.503174 42
4.533130 21.184058 42
6.024625 20.865194 43
7.457222 20.340190 43
8.890073 19.814928 44
10.236101 19.093678 45
11.582382 18.372177 46
12.815689 17.468141 47
14.049252 16.563088 48
15.145976 15.492511 50
16.242701 14.420412 52
17.181519 13.202082 55
18.120081 11.980706 58
18.882458 10.634425 61
19.644834 9.282305 65
20.265296 7.846409 69
-17.926631 6.901496 75
-17.377761 8.176442 72
-16.703224 9.376239 68
-16.028941 10.570194 65
-15.198527 11.652957 62
-14.368367 12.732673 60
-13.398071 13.682409 58
-12.428028 14.630872 56
-11.336887 15.432343 54
-10.245747 16.233055 53
-9.054837 16.872048 52
-7.863925 17.510535 51
-6.596598 17.975630 50
-5.329271 18.440467 50
-4.010155 18.723026 49
-2.690784 19.005331 49
-1.345519 19.100279 49
0.000000 19.194721 49
1.345519 19.100279 49
2.690784 19.005331 49
4.010155 18.723026 49
5.329271 18.440467 50
6.596598 17.975630 50
7.863925 17.510535 51
9.054837 16.872048 52
10.245747 16.233055 53
11.336887 15.432343 54
12.428028 14.630872 56
13.398071 13.682409 58
14.368367 12.732673 60
15.198527 11.652957 62
16.028941 10.570194 65
16.703224 9.376239 68
17.377761 8.176442 72
17.926631 6.901496 75
-15.621224 6.033257 82
-15.142675 7.143945 79
-14.555217 8.188627 75
-13.967504 9.228230 72
-13.243970 10.170601 70
-12.520436 11.110688 67
-11.675045 11.937800 65
-10.829652 12.763391 64
-9.878903 13.461284 62
-8.928154 14.158418 61
-7.890327 14.714902 59
-6.852754 15.270881 58
-5.748413 15.676059 57
-4.643818 16.080732 57
-3.494288 16.326732 56
-2.344758 16.572735 56
-1.172379 16.655244 56
0.000000 16.737752 56
1.172379 16.655244 56
2.344758 16.572735 56
3.494288 16.326732 56
4.643818 16.080732 57
5.748413 15.676059 57
6.852754 15.270881 58
7.890327 14.714902 59
8.928154 14.158418 61
9.878903 13.461284 62
10.829652 12.763391 64
11.675045 11.937800 65
12.520436 11.110688 67
13.243970 10.170601 70
13.967504 9.228230 72
14.555217 8.188627 75
15.142675 7.143945 79
15.621224 6.033257 82
-12.907845 6.054074 85
-11.906068 7.838029 80
-10.672506 9.447067 75
-9.231277 10.858846 71
-7.610307 12.049758 68
-5.841330 12.999493 66
-3.958619 13.690531 65
-1.998731 14.110436 64
0.000000 14.251332 63
1.998731 14.110436 64
3.958619 13.690531 65
5.841330 12.999493 66
7.610307 12.049758 68
9.231277 10.858846 71
10.672506 9.447067 75
11.906068 7.838029 80
12.907845 6.054074 85
-10.597868 5.000761 91
-9.680122 6.401879 86
-8.762630 7.778370 82
-7.505459 8.850977 79
-6.248286 9.911145 76
-4.749175 10.588221 74
-3.250064 11.256410 73
-1.625032 11.490225 72
0.000000 11.715917 72
1.625032 11.490225 72
3.250064 11.256410 73
4.749175 10.588221 74
6.248286 9.911145 76
7.505459 8.850977 79
8.762630 7.778370 82
9.680122 6.401879 86
10.597868 5.000761 91
-8.287637 3.874079 97
-7.569941 4.971819 93
-6.852501 6.058390 90
-5.869256 6.896420 87
-4.886266 7.731404 85
-3.713887 8.258950 83
-2.541508 8.785733 81
-1.270881 8.965727 81
0.000000 9.145721 80
1.270881 8.965727 81
2.541508 8.785733 81
3.713887 8.258950 83
4.886266 7.731404 85
5.869256 6.896420 87
6.852501 6.058390 90
7.569941 4.971819 93
8.287637 3.874079 97
-5.638995 3.304647 100
-4.921554 4.368623 97
-4.215537 4.968519 95
-3.509520 5.566641 93
-2.667428 5.944656 91
-1.825336 6.322417 91
-0.912668 6.451383 90
0.000000 6.580351 90
0.912668 6.451383 90
1.825336 6.322417 91
2.667428 5.944656 91
3.509520 5.566641 93
4.215537 4.968519 95
4.921554 4.368623 97
5.638995 3.304647 100
-2.990607 2.630111 105
-2.132521 3.363289 102
-1.109165 3.824575 100
0.000000 3.981974 99
1.109165 3.824575 100
2.132521 3.363289 102
2.990607 2.630111 105
