# Active surface commands at 21.973674
# Zero points are Off, FEM corrections are Off
-12.741051 103.255394 33
-10.929931 103.478548 28
-9.111958 103.637726 23
-7.293983 103.797412 19
-5.471693 103.893116 14
-3.649150 103.988833 9
-1.824575 104.021075 4
0.000000 104.052809 0
1.824575 104.021075 -4
3.649150 103.988833 -9
5.471693 103.893116 -14
7.293983 103.797412 -19
9.111958 103.637726 -23
10.929931 103.478548 -28
12.741051 103.255394 -33
-23.048235 99.466362 60
-21.336126 99.861387 55
-19.578065 100.204114 51
-17.820005 100.546840 46
-16.051028 100.827872 41
-14.282051 101.109163 37
-12.504442 101.327749 32
-10.726834 101.546838 28
-8.942625 101.703220 23
-7.158416 101.859863 18
-5.369891 101.953794 14
-3.581366 102.047726 9
-1.790810 102.079205 4
0.000000 102.110431 0
1.790810 102.079205 -4
3.581366 102.047726 -9
5.369891 101.953794 -14
7.158416 101.859863 -18
8.942625 101.703220 -23
10.726834 101.546838 -28
12.504442 101.327749 -32
14.282051 101.109163 -37
16.051028 100.827872 -41
17.820005 100.546840 -46
19.578065 100.204114 -51
21.336126 99.861387 -55
23.048235 99.466362 -60
-29.431075 95.752474 76
-27.750698 96.268088 71
-26.053567 96.724041 67
-24.356436 97.180501 63
-22.644327 97.566385 58
-20.932217 97.961664 54
-19.207413 98.297790 49
-17.482610 98.634170 45
-15.747145 98.909623 40
-14.011678 99.185578 36
-12.267835 99.400352 31
-10.523737 99.615127 27
-8.773292 99.768466 22
-7.023103 99.922314 18
-5.268342 100.014472 13
-3.513582 100.106625 9
-1.756791 100.137596 4
0.000000 100.168314 0
1.756791 100.137596 -4
3.513582 100.106625 -9
5.268342 100.014472 -13
7.023103 99.922314 -18
8.773292 99.768466 -22
10.523737 99.615127 -27
12.267835 99.400352 -31
14.011678 99.185578 -36
15.747145 98.909623 -40
17.482610 98.634170 -45
19.207413 98.297790 -49
20.932217 97.961664 -54
22.644327 97.566385 -58
24.356436 97.180501 -63
26.053567 96.724041 -67
27.750698 96.268088 -71
29.431075 95.752474 -76
-33.758314 92.233310 86
-32.129727 92.795887 82
-30.500890 93.358464 78
-28.853517 93.863672 74
-27.206144 94.368874 69
-25.542269 94.816198 65
-23.878396 95.263517 61
-22.200051 95.651942 57
-20.521453 96.040875 52
-18.830413 96.370399 48
-17.139629 96.700178 44
-15.438182 96.970295 39
-13.736736 97.240672 35
-12.026910 97.451380 30
-10.317339 97.661841 26
-8.601167 97.812391 22
-6.885250 97.963189 17
-5.165016 98.053569 13
-3.444783 98.143942 8
-1.722264 98.174158 4
0.000000 98.204367 0
1.722264 98.174158 -4
3.444783 98.143942 -8
5.165016 98.053569 -13
6.885250 97.963189 -17
8.601167 97.812391 -22
10.317339 97.661841 -26
12.026910 97.451380 -30
13.736736 97.240672 -35
15.438182 96.970295 -39
17.139629 96.700178 -44
18.830413 96.370399 -48
20.521453 96.040875 -52
22.200051 95.651942 -57
23.878396 95.263517 -61
25.542269 94.816198 -65
27.206144 94.368874 -69
28.853517 93.863672 -74
30.500890 93.358464 -78
32.129727 92.795887 -82
33.758314 92.233310 -86
-37.788525 88.513329 96
-36.234578 89.175168 92
-34.658542 89.781925 88
-33.082762 90.376744 84
-31.486418 90.928152 80
-29.890328 91.479560 76
-28.275959 91.974610 72
-26.661588 92.469659 67
-25.030972 92.908096 63
-23.400355 93.346279 59
-21.755522 93.727340 55
-20.110687 94.108401 51
-18.453669 94.431325 47
-16.796395 94.754503 42
-15.129221 95.019296 38
-13.461793 95.284336 34
-11.786240 95.490731 30
-10.110688 95.696877 25
-8.429043 95.844632 21
-6.747398 95.992127 17
-5.061437 96.080728 12
-3.375730 96.169329 8
-1.687992 96.199036 4
0.000000 96.228737 0
1.687992 96.199036 -4
3.375730 96.169329 -8
5.061437 96.080728 -12
6.747398 95.992127 -17
8.429043 95.844632 -21
10.110688 95.696877 -25
11.786240 95.490731 -30
13.461793 95.284336 -34
15.129221 95.019296 -38
16.796395 94.754503 -42
18.453669 94.431325 -47
20.110687 94.108401 -51
21.755522 93.727340 -55
23.400355 93.346279 -59
25.030972 92.908096 -63
26.661588 92.469659 -67
28.275959 91.974610 -72
29.890328 91.479560 -76
31.486418 90.928152 -80
33.082762 90.376744 -84
34.658542 89.781925 -88
36.234578 89.175168 -92
37.788525 88.513329 -96
-39.992131 85.333588 101
-38.525769 86.017008 97
-37.004061 86.665143 93
-35.482357 87.313278 89
-33.939070 87.907589 85
-32.395784 88.501900 81
-30.832953 89.041885 77
-29.269864 89.581871 74
-27.689008 90.067022 70
-26.108150 90.551913 66
-24.511297 90.980959 61
-22.914699 91.410254 57
-21.303884 91.783444 53
-19.693322 92.156386 49
-18.070576 92.472709 45
-16.447830 92.789286 41
-14.815182 93.048742 37
-13.182280 93.308198 33
-11.541508 93.510279 29
-9.900736 93.712366 25
-8.254126 93.856817 20
-6.607261 94.001522 16
-4.956588 94.088345 12
-3.305662 94.175173 8
-1.652704 94.203857 4
0.000000 94.233050 0
1.652704 94.203857 -4
3.305662 94.175173 -8
4.956588 94.088345 -12
6.607261 94.001522 -16
8.254126 93.856817 -20
9.900736 93.712366 -25
11.541508 93.510279 -29
13.182280 93.308198 -33
14.815182 93.048742 -37
16.447830 92.789286 -41
18.070576 92.472709 -45
19.693322 92.156386 -49
21.303884 91.783444 -53
22.914699 91.410254 -57
24.511297 90.980959 -61
26.108150 90.551913 -66
27.689008 90.067022 -70
29.269864 89.581871 -74
30.832953 89.041885 -77
32.395784 88.501900 -81
33.939070 87.907589 -85
35.482357 87.313278 -89
37.004061 86.665143 -93
38.525769 86.017008 -97
39.992131 85.333588 -101
-43.525259 81.348821 109
-42.083525 82.085805 105
-40.641787 82.823303 101
-39.175425 83.498858 98
-37.709063 84.182532 94
-36.219597 84.816957 90
-34.730135 85.451382 87
-33.219599 86.033253 83
-31.709064 86.614877 79
-30.179234 87.143439 75
-28.649403 87.671995 71
-27.102058 88.146988 67
-25.554709 88.621479 64
-23.991623 89.041631 60
-22.428788 89.461790 56
-20.852247 89.827114 52
-19.275705 90.192179 48
-17.687485 90.501901 44
-16.099010 90.811629 40
-14.500889 91.065755 36
-12.902767 91.319626 32
-11.297029 91.517387 28
-9.691039 91.715154 24
-8.078954 91.856816 20
-6.467124 91.998224 16
-4.851485 92.083268 12
-3.235593 92.168317 8
-1.617669 92.196493 4
0.000000 92.224930 0
1.617669 92.196493 -4
3.235593 92.168317 -8
4.851485 92.083268 -12
6.467124 91.998224 -16
8.078954 91.856816 -20
9.691039 91.715154 -24
11.297029 91.517387 -28
12.902767 91.319626 -32
14.500889 91.065755 -36
16.099010 90.811629 -40
17.687485 90.501901 -44
19.275705 90.192179 -48
20.852247 89.827114 -52
22.428788 89.461790 -56
23.991623 89.041631 -60
25.554709 88.621479 -64
27.102058 88.146988 -67
28.649403 87.671995 -71
30.179234 87.143439 -75
31.709064 86.614877 -79
33.219599 86.033253 -83
34.730135 85.451382 -87
36.219597 84.816957 -90
37.709063 84.182532 -94
39.175425 83.498858 -98
40.641787 82.823303 -101
42.083525 82.085805 -105
43.525259 81.348821 -109
-45.334856 78.006345 112
-43.951002 78.776593 109
-42.566894 79.546588 105
-41.156894 80.267326 102
-39.747144 80.988573 98
-38.313024 81.659560 95
-36.878650 82.331049 91
-35.422189 82.951255 88
-33.965474 83.571716 84
-32.488194 84.140900 80
-31.010917 84.710078 77
-29.514851 85.226957 73
-28.018533 85.744096 69
-26.505205 86.208174 65
-24.992130 86.672506 62
-23.463569 87.083523 58
-21.935009 87.494540 54
-20.393246 87.851739 50
-18.851231 88.208683 46
-17.298045 88.511805 43
-15.744605 88.814672 39
-14.181772 89.063213 35
-12.618685 89.311500 31
-11.048236 89.505201 27
-9.477533 89.698400 23
-7.901244 89.836759 19
-6.324702 89.975371 15
-4.744605 90.058388 11
-3.164255 90.141404 7
-1.582127 90.169079 3
0.000000 90.197001 0
1.582127 90.169079 -3
3.164255 90.141404 -7
4.744605 90.058388 -11
6.324702 89.975371 -15
7.901244 89.836759 -19
9.477533 89.698400 -23
11.048236 89.505201 -27
12.618685 89.311500 -31
14.181772 89.063213 -35
15.744605 88.814672 -39
17.298045 88.511805 -43
18.851231 88.208683 -46
20.393246 87.851739 -50
21.935009 87.494540 -54
23.463569 87.083523 -58
24.992130 86.672506 -62
26.505205 86.208174 -65
28.018533 85.744096 -69
29.514851 85.226957 -73
31.010917 84.710078 -77
32.488194 84.140900 -80
33.965474 83.571716 -84
35.422189 82.951255 -88
36.878650 82.331049 -91
38.313024 81.659560 -95
39.747144 80.988573 -98
41.156894 80.267326 -102
42.566894 79.546588 -105
43.951002 78.776593 -109
45.334856 78.006345 -112
-46.965981 74.651943 115
-45.640265 75.489211 112
-44.314294 76.238640 109
-42.961412 76.991367 106
-41.608529 77.744100 102
-40.230517 78.448847 99
-38.852247 79.153843 95
-37.450369 79.809849 92
-36.048488 80.466110 88
-34.624778 81.072606 85
-33.200813 81.679357 81
-31.756792 82.235593 78
-30.312770 82.791823 74
-28.850217 83.297286 71
-27.387663 83.802742 67
-25.908606 84.256407 63
-24.429297 84.710332 60
-22.935262 85.111959 56
-21.441229 85.513833 52
-19.933994 85.863161 49
-18.427013 86.211980 45
-16.908607 86.508252 41
-15.390200 86.804518 37
-13.862401 87.047475 34
-12.334602 87.290172 30
-10.799442 87.479311 26
-9.264281 87.668444 22
-7.723280 87.803753 19
-6.182534 87.939069 15
-4.637725 88.020307 11
-3.093171 88.101550 7
-1.546585 88.128456 3
0.000000 88.155622 0
1.546585 88.128456 -3
3.093171 88.101550 -7
4.637725 88.020307 -11
6.182534 87.939069 -15
7.723280 87.803753 -19
9.264281 87.668444 -22
10.799442 87.479311 -26
12.334602 87.290172 -30
13.862401 87.047475 -34
15.390200 86.804518 -37
16.908607 86.508252 -41
18.427013 86.211980 -45
19.933994 85.863161 -49
21.441229 85.513833 -52
22.935262 85.111959 -56
24.429297 84.710332 -60
25.908606 84.256407 -63
27.387663 83.802742 -67
28.850217 83.297286 -71
30.312770 82.791823 -74
31.756792 82.235593 -78
33.200813 81.679357 -81
34.624778 81.072606 -85
36.048488 80.466110 -88
37.450369 79.809849 -92
38.852247 79.153843 -95
40.230517 78.448847 -99
41.608529 77.744100 -102
42.961412 76.991367 -106
44.314294 76.238640 -109
45.640265 75.489211 -112
46.965981 74.651943 -115
-47.107389 72.095458 115
-45.870779 72.898959 112
-45.226199 73.294493 110
-44.575780 73.680122 109
-43.280781 74.461285 105
-41.959635 75.196496 102
-41.301599 75.569178 101
-40.638233 75.931707 99
-39.292205 76.620210 96
-37.946178 77.308960 92
-37.264025 77.634680 91
-36.577051 77.949478 89
-35.207920 78.590503 86
-33.817214 79.183042 82
-33.124143 79.484638 81
-32.426505 79.775580 79
-31.016247 80.318863 75
-29.605739 80.862400 72
-28.893628 81.114746 70
-28.177457 81.356179 69
-26.748921 81.849710 65
-25.304392 82.292968 61
-24.583650 82.520182 60
-23.859609 82.736227 58
-22.400355 83.128711 54
-20.941102 83.521196 51
-20.206397 83.697381 49
-19.469155 83.862150 47
-17.997207 84.203097 44
-16.514344 84.492509 40
-15.773801 84.642805 38
-15.031227 84.781672 36
-13.539223 85.019038 33
-12.046966 85.256156 29
-11.298045 85.354147 27
-10.547601 85.440721 25
-9.048236 85.625795 22
-7.543285 85.757807 18
-6.791318 85.829654 16
-6.038335 85.890073 14
-4.529576 85.969284 11
-3.021071 86.048742 7
-2.265804 86.067529 5
-1.510536 86.075146 3
0.000000 86.101295 0
1.510536 86.075146 -3
2.265804 86.067529 -5
3.021071 86.048742 -7
4.529576 85.969284 -11
6.038335 85.890073 -14
6.791318 85.829654 -16
7.543285 85.757807 -18
9.048236 85.625795 -22
10.547601 85.440721 -25
11.298045 85.354147 -27
12.046966 85.256156 -29
13.539223 85.019038 -33
15.031227 84.781672 -36
15.773801 84.642805 -38
16.514344 84.492509 -40
17.997207 84.203097 -44
19.469155 83.862150 -47
20.206397 83.697381 -49
20.941102 83.521196 -51
22.400355 83.128711 -54
23.859609 82.736227 -58
24.583650 82.520182 -60
25.304392 82.292968 -61
26.748921 81.849710 -65
28.177457 81.356179 -69
28.893628 81.114746 -70
29.605739 80.862400 -72
31.016247 80.318863 -75
32.426505 79.775580 -79
33.124143 79.484638 -81
33.817214 79.183042 -82
35.207920 78.590503 -86
36.577051 77.949478 -89
37.264025 77.634680 -91
37.946178 77.308960 -92
39.292205 76.620210 -96
40.638233 75.931707 -99
41.301599 75.569178 -101
41.959635 75.196496 -102
43.280781 74.461285 -105
44.575780 73.680122 -109
45.226199 73.294493 -110
45.870779 72.898959 -112
47.107389 72.095458 -115
-49.664637 67.850213 120
-47.856056 69.128712 116
-46.012187 70.342728 111
-44.146231 71.532112 107
-42.247271 72.671237 102
-40.315563 73.752726 97
-38.353897 74.778879 93
-36.374207 75.768978 88
-34.367098 76.702210 83
-32.333079 77.575017 78
-30.275452 78.389439 73
-28.203603 79.166289 68
-26.110180 79.883978 63
-23.996699 80.538459 58
-21.865449 81.132522 53
-19.724041 81.687482 47
-17.567402 82.181515 42
-15.397309 82.610562 37
-13.215791 82.977659 32
-11.028180 83.304897 26
-8.832191 83.569943 21
-6.629094 83.769229 16
-4.421427 83.905561 10
-2.211729 84.001525 5
0.000000 84.034523 0
2.211729 84.001525 -5
4.421427 83.905561 -10
6.629094 83.769229 -16
8.832191 83.569943 -21
11.028180 83.304897 -26
13.215791 82.977659 -32
15.397309 82.610562 -37
17.567402 82.181515 -42
19.724041 81.687482 -47
21.865449 81.132522 -53
23.996699 80.538459 -58
26.110180 79.883978 -63
28.203603 79.166289 -68
30.275452 78.389439 -73
32.333079 77.575017 -78
34.367098 76.702210 -83
36.374207 75.768978 -88
38.353897 74.778879 -93
40.315563 73.752726 -97
42.247271 72.671237 -102
44.146231 71.532112 -107
46.012187 70.342728 -111
47.856056 69.128712 -116
49.664637 67.850213 -120
-49.543539 65.365829 120
-48.424472 66.143181 116
-46.661081 67.389946 112
-44.863164 68.586440 108
-43.043920 69.749173 103
-41.192433 70.860115 99
-39.308708 71.914953 94
-37.396294 72.915458 90
-35.465854 73.880932 85
-33.509014 74.791064 80
-31.525769 75.642042 75
-29.519676 76.436407 71
-27.499364 77.193702 66
-25.458238 77.893627 61
-23.397309 78.531858 56
-21.319625 79.110940 51
-19.231532 79.652196 46
-17.128713 80.134044 41
-15.012693 80.552423 36
-12.885758 80.910639 31
-10.752983 81.229751 25
-8.611576 81.487943 20
-6.463570 81.682152 15
-4.310993 81.815180 10
-2.156385 81.908603 5
0.000000 81.941100 0
2.156385 81.908603 -5
4.310993 81.815180 -10
6.463570 81.682152 -15
8.611576 81.487943 -20
10.752983 81.229751 -25
12.885758 80.910639 -31
15.012693 80.552423 -36
17.128713 80.134044 -41
19.231532 79.652196 -46
21.319625 79.110940 -51
23.397309 78.531858 -56
25.458238 77.893627 -61
27.499364 77.193702 -66
29.519676 76.436407 -71
31.525769 75.642042 -75
33.509014 74.791064 -80
35.465854 73.880932 -85
37.396294 72.915458 -90
39.308708 71.914953 -94
41.192433 70.860115 -99
43.043920 69.749173 -103
44.863164 68.586440 -108
46.661081 67.389946 -112
48.424472 66.143181 -116
49.543539 65.365829 -120
-50.511044 61.871792 120
-48.865955 63.241688 116
-47.184310 64.435894 112
-45.466109 65.651435 108
-43.714141 66.816957 104
-41.941608 67.950243 100
-40.137345 69.032748 95
-38.302106 70.060674 91
-36.438438 71.035798 87
-34.557501 71.976387 82
-32.650672 72.863673 77
-30.718456 73.692816 73
-28.763646 74.466870 68
-26.795125 75.205130 63
-24.806296 75.887026 59
-22.798173 76.508757 54
-20.773547 77.073367 49
-18.739020 77.600659 44
-16.690022 78.070067 39
-14.628333 78.477786 34
-12.555725 78.826859 29
-10.477532 79.137852 25
-8.390962 79.389691 20
-6.298045 79.578830 15
-4.200559 79.708301 10
-2.101295 79.799443 5
0.000000 79.831177 0
2.101295 79.799443 -5
4.200559 79.708301 -10
6.298045 79.578830 -15
8.390962 79.389691 -20
10.477532 79.137852 -25
12.555725 78.826859 -29
14.628333 78.477786 -34
16.690022 78.070067 -39
18.739020 77.600659 -44
20.773547 77.073367 -49
22.798173 76.508757 -54
24.806296 75.887026 -59
26.795125 75.205130 -63
28.763646 74.466870 -68
30.718456 73.692816 -73
32.650672 72.863673 -77
34.557501 71.976387 -82
36.438438 71.035798 -87
38.302106 70.060674 -91
40.137345 69.032748 -95
41.941608 67.950243 -100
43.714141 66.816957 -104
45.466109 65.651435 -108
47.184310 64.435894 -112
48.865955 63.241688 -116
50.511044 61.871792 -120
-51.221884 58.386649 120
-49.161462 60.205382 116
-47.560295 61.484390 112
-45.923837 62.716931 108
-44.251334 63.899975 104
-42.546332 65.034526 100
-40.821019 66.137850 96
-39.064992 67.191417 92
-37.278752 68.191929 88
-35.464838 69.141152 84
-33.634425 70.057122 79
-31.778370 70.920286 75
-29.897691 71.727598 70
-27.995176 72.481087 66
-26.079208 73.199799 61
-24.143438 73.863162 57
-22.189135 74.468649 52
-20.218583 75.018278 47
-18.238132 75.531606 43
-16.244224 75.988574 38
-14.237370 76.385379 33
-12.220360 76.724802 28
-10.197512 77.027669 24
-8.166794 77.272659 19
-6.129728 77.456715 14
-4.088347 77.582889 9
-2.045189 77.671744 4
0.000000 77.702461 0
2.045189 77.671744 -4
4.088347 77.582889 -9
6.129728 77.456715 -14
8.166794 77.272659 -19
10.197512 77.027669 -24
12.220360 76.724802 -28
14.237370 76.385379 -33
16.244224 75.988574 -38
18.238132 75.531606 -43
20.218583 75.018278 -47
22.189135 74.468649 -52
24.143438 73.863162 -57
26.079208 73.199799 -61
27.995176 72.481087 -66
29.897691 71.727598 -70
31.778370 70.920286 -75
33.634425 70.057122 -79
35.464838 69.141152 -84
37.278752 68.191929 -88
39.064992 67.191417 -92
40.821019 66.137850 -96
42.546332 65.034526 -100
44.251334 63.899975 -104
45.923837 62.716931 -108
47.560295 61.484390 -112
49.161462 60.205382 -116
51.221884 58.386649 -120
-50.844123 55.968014 119
-49.346281 57.283826 115
-47.811883 58.538972 112
-46.254887 59.782942 108
-44.663113 60.981723 104
-43.036557 62.132518 101
-41.378269 63.235849 97
-39.700433 64.309213 93
-37.992638 65.333841 89
-36.255394 66.307187 85
-34.491495 67.230514 81
-32.711094 68.121352 76
-30.906068 68.960901 72
-29.076922 69.746384 68
-27.226706 70.479054 63
-25.363290 71.177963 59
-23.480832 71.823556 55
-21.580096 72.412289 50
-19.663366 72.946938 46
-17.737497 73.446307 41
-15.798172 73.890583 37
-13.846661 74.276720 32
-11.884996 74.607007 27
-9.917746 74.901495 23
-7.942625 75.139629 18
-5.961412 75.318864 14
-3.976136 75.441480 9
-1.989083 75.527800 4
0.000000 75.557755 0
1.989083 75.527800 -4
3.976136 75.441480 -9
5.961412 75.318864 -14
7.942625 75.139629 -18
9.917746 74.901495 -23
11.884996 74.607007 -27
13.846661 74.276720 -32
15.798172 73.890583 -37
17.737497 73.446307 -41
19.663366 72.946938 -46
21.580096 72.412289 -50
23.480832 71.823556 -55
25.363290 71.177963 -59
27.226706 70.479054 -63
29.076922 69.746384 -68
30.906068 68.960901 -72
32.711094 68.121352 -76
34.491495 67.230514 -81
36.255394 66.307187 -85
37.992638 65.333841 -89
39.700433 64.309213 -93
41.378269 63.235849 -97
43.036557 62.132518 -101
44.663113 60.981723 -104
46.254887 59.782942 -108
47.811883 58.538972 -112
49.346281 57.283826 -115
50.844123 55.968014 -119
-51.183549 52.517642 118
-49.385378 54.348058 115
-47.930439 55.626050 111
-46.440214 56.862149 108
-44.927645 58.070320 104
-43.381824 59.235340 101
-41.801979 60.353137 97
-40.191165 61.425236 93
-38.561311 62.467634 89
-36.902767 63.463571 86
-35.215283 64.408735 82
-33.501904 65.305659 78
-31.772532 66.171109 74
-30.019293 66.986801 69
-28.242701 67.749680 65
-26.445543 68.461537 61
-24.635695 69.140389 57
-22.807058 69.767451 53
-20.960904 70.339424 48
-19.099264 70.858590 44
-17.228739 71.343742 40
-15.345011 71.775323 35
-13.449353 72.150546 31
-11.544047 72.471437 26
-9.633156 72.757297 22
-7.714649 72.988830 17
-5.790556 73.162983 13
-3.862148 73.282053 9
-1.931962 73.365826 4
0.000000 73.395025 0
1.931962 73.365826 -4
3.862148 73.282053 -9
5.790556 73.162983 -13
7.714649 72.988830 -17
9.633156 72.757297 -22
11.544047 72.471437 -26
13.449353 72.150546 -31
15.345011 71.775323 -35
17.228739 71.343742 -40
19.099264 70.858590 -44
20.960904 70.339424 -48
22.807058 69.767451 -53
24.635695 69.140389 -57
26.445543 68.461537 -61
28.242701 67.749680 -65
30.019293 66.986801 -69
31.772532 66.171109 -74
33.501904 65.305659 -78
35.215283 64.408735 -82
36.902767 63.463571 -86
38.561311 62.467634 -89
40.191165 61.425236 -93
41.801979 60.353137 -97
43.381824 59.235340 -101
44.927645 58.070320 -104
46.440214 56.862149 -108
47.930439 55.626050 -111
49.385378 54.348058 -115
51.183549 52.517642 -118
-50.639250 50.142676 117
-49.301345 51.358721 113
-47.926884 52.727848 110
-46.514851 53.968522 107
-45.068545 55.168319 104
-43.600661 56.340950 100
-42.100278 57.471695 97
-40.567148 58.556487 93
-39.004062 59.597107 90
-37.422441 60.609035 86
-35.812644 61.575526 82
-34.175172 62.493021 79
-32.512314 63.363541 75
-30.833969 64.203604 71
-29.132776 64.995174 67
-27.408479 65.735722 63
-25.664381 66.426505 59
-23.907844 67.085555 55
-22.133537 67.694084 51
-20.341711 68.249304 47
-18.535161 68.753235 42
-16.719727 69.223914 38
-14.891851 69.643056 34
-13.052044 70.007110 30
-11.203097 70.318611 25
-9.348565 70.596091 21
-7.486926 70.820764 17
-5.619447 70.989846 12
-3.747906 71.105359 8
-1.874841 71.186851 4
0.000000 71.215027 0
1.874841 71.186851 -4
3.747906 71.105359 -8
5.619447 70.989846 -12
7.486926 70.820764 -17
9.348565 70.596091 -21
11.203097 70.318611 -25
13.052044 70.007110 -30
14.891851 69.643056 -34
16.719727 69.223914 -38
18.535161 68.753235 -42
20.341711 68.249304 -47
22.133537 67.694084 -51
23.907844 67.085555 -55
25.664381 66.426505 -59
27.408479 65.735722 -63
29.132776 64.995174 -67
30.833969 64.203604 -71
32.512314 63.363541 -75
34.175172 62.493021 -79
35.812644 61.575526 -82
37.422441 60.609035 -86
39.004062 59.597107 -90
40.567148 58.556487 -93
42.100278 57.471695 -97
43.600661 56.340950 -100
45.068545 55.168319 -104
46.514851 53.968522 -107
47.926884 52.727848 -110
49.301345 51.358721 -113
50.639250 50.142676 -117
-50.729118 46.764663 115
-49.072861 48.576290 112
-47.776340 49.856816 109
-46.444274 51.100024 106
-45.076163 52.302614 103
-43.674536 53.465347 100
-42.252096 54.601930 96
-40.798173 55.697891 93
-39.312516 56.749432 90
-37.797664 57.758063 86
-36.265041 58.738765 83
-34.705002 59.675555 79
-33.118051 60.564862 75
-31.506729 61.408730 72
-29.880426 62.222644 68
-28.231532 62.989843 64
-26.560802 63.707538 60
-24.870526 64.377255 57
-23.168316 65.015739 53
-21.448845 65.605737 49
-19.712617 66.143689 45
-17.961920 66.632137 41
-16.202589 67.088350 37
-14.431074 67.494544 33
-12.648388 67.847169 29
-10.856563 68.149020 24
-9.059406 68.417872 20
-7.255395 68.635696 16
-5.445545 68.799442 12
-3.632140 68.911651 8
-1.816959 68.990354 4
0.000000 69.017774 0
1.816959 68.990354 -4
3.632140 68.911651 -8
5.445545 68.799442 -12
7.255395 68.635696 -16
9.059406 68.417872 -20
10.856563 68.149020 -24
12.648388 67.847169 -29
14.431074 67.494544 -33
16.202589 67.088350 -37
17.961920 66.632137 -41
19.712617 66.143689 -45
21.448845 65.605737 -49
23.168316 65.015739 -53
24.870526 64.377255 -57
26.560802 63.707538 -60
28.231532 62.989843 -64
29.880426 62.222644 -68
31.506729 61.408730 -72
33.118051 60.564862 -75
34.705002 59.675555 -79
36.265041 58.738765 -83
37.797664 57.758063 -86
39.312516 56.749432 -90
40.798173 55.697891 -93
42.252096 54.601930 -96
43.674536 53.465347 -100
45.076163 52.302614 -103
46.444274 51.100024 -106
47.776340 49.856816 -109
49.072861 48.576290 -112
50.729118 46.764663 -115
-49.935262 44.467630 113
-48.739019 45.657526 110
-48.335871 46.175425 109
-47.506474 47.009900 108
-46.677329 47.844376 106
-46.251586 48.250062 105
-44.961921 49.453668 102
-43.637217 50.617922 99
-43.191926 51.001522 98
-42.280529 51.743842 96
-41.369130 52.485908 94
-40.903527 52.844378 93
-39.496065 53.905562 89
-38.057628 54.923837 86
-37.574764 55.258184 85
-36.591266 55.900480 83
-35.607768 56.542522 80
-35.107388 56.849964 79
-33.597360 57.756792 76
-32.060929 58.617922 72
-31.546077 58.899722 71
-30.501141 59.434879 69
-29.456208 59.969788 66
-28.926632 60.223152 65
-27.330542 60.965980 62
-25.713126 61.660829 58
-25.171617 61.887027 57
-24.076669 62.309218 54
-22.981975 62.731404 52
-22.429042 62.927392 51
-20.764154 63.498603 47
-19.083270 64.019548 43
-18.521452 64.187359 42
-17.388677 64.492514 39
-16.255903 64.797159 36
-15.685453 64.934248 35
-13.970551 65.327494 31
-12.244732 65.668950 27
-11.668190 65.776846 26
-10.510028 65.961157 23
-9.351612 66.145468 21
-8.770246 66.221629 19
-7.023864 66.432598 15
-5.271897 66.591013 12
-4.687230 66.637982 10
-3.516121 66.699671 8
-2.345011 66.761106 5
-1.758822 66.775833 4
0.000000 66.802236 0
1.758822 66.775833 -4
2.345011 66.761106 -5
3.516121 66.699671 -8
4.687230 66.637982 -10
5.271897 66.591013 -12
7.023864 66.432598 -15
8.770246 66.221629 -19
9.351612 66.145468 -21
10.510028 65.961157 -23
11.668190 65.776846 -26
12.244732 65.668950 -27
13.970551 65.327494 -31
15.685453 64.934248 -35
16.255903 64.797159 -36
17.388677 64.492514 -39
18.521452 64.187359 -42
19.083270 64.019548 -43
20.764154 63.498603 -47
22.429042 62.927392 -51
22.981975 62.731404 -52
24.076669 62.309218 -54
25.171617 61.887027 -57
25.713126 61.660829 -58
27.330542 60.965980 -62
28.926632 60.223152 -65
29.456208 59.969788 -66
30.501141 59.434879 -69
31.546077 58.899722 -71
32.060929 58.617922 -72
33.597360 57.756792 -76
35.107388 56.849964 -79
35.607768 56.542522 -80
36.591266 55.900480 -83
37.574764 55.258184 -85
38.057628 54.923837 -86
39.496065 53.905562 -89
40.903527 52.844378 -93
41.369130 52.485908 -94
42.280529 51.743842 -96
43.191926 51.001522 -98
43.637217 50.617922 -99
44.961921 49.453668 -102
46.251586 48.250062 -105
46.677329 47.844376 -106
47.506474 47.009900 -108
48.335871 46.175425 -109
48.739019 45.657526 -110
49.935262 44.467630 -113
-49.675551 41.290681 112
-48.268851 42.967250 108
-46.694086 44.614369 105
-45.119574 46.250319 101
-43.434883 47.781924 98
-41.750446 49.302870 94
-39.964203 50.712111 90
-38.177963 52.110431 86
-36.298554 53.390710 81
-34.419397 54.659813 77
-32.456206 55.804770 73
-30.493273 56.938565 68
-28.455699 57.942876 64
-26.418380 58.936024 59
-24.316578 59.794874 54
-22.215029 60.642802 50
-20.059152 61.351863 45
-17.903276 62.050264 40
-15.703732 62.606501 35
-13.504189 63.152325 30
-11.271896 63.552935 25
-9.039604 63.943386 20
-6.785224 64.186343 15
-4.530845 64.419141 10
-2.265296 64.503936 5
0.000000 64.578065 0
2.265296 64.503936 -5
4.530845 64.419141 -10
6.785224 64.186343 -15
9.039604 63.943386 -20
11.271896 63.552935 -25
13.504189 63.152325 -30
15.703732 62.606501 -35
17.903276 62.050264 -40
20.059152 61.351863 -45
22.215029 60.642802 -50
24.316578 59.794874 -54
26.418380 58.936024 -59
28.455699 57.942876 -64
30.493273 56.938565 -68
32.456206 55.804770 -73
34.419397 54.659813 -77
36.298554 53.390710 -81
38.177963 52.110431 -86
39.964203 50.712111 -90
41.750446 49.302870 -94
43.434883 47.781924 -98
45.119574 46.250319 -101
46.694086 44.614369 -105
48.268851 42.967250 -108
49.675551 41.290681 -112
-48.009138 39.790047 107
-46.602438 41.466616 104
-45.082001 43.052042 101
-43.561818 44.636964 97
-41.935262 46.111194 93
-40.308962 47.584920 90
-38.584411 48.940849 86
-36.859864 50.296269 82
-35.045442 51.527292 78
-33.231022 52.758058 74
-31.335620 53.858339 70
-29.440468 54.958621 65
-27.473472 55.923078 61
-25.506220 56.887536 57
-23.477025 57.711602 52
-21.448084 58.535668 48
-19.366590 59.215029 43
-17.285097 59.894643 38
-15.161715 60.426757 33
-13.038081 60.958871 29
-10.882712 61.340695 24
-8.727596 61.722518 19
-6.550901 61.952273 14
-4.374460 62.182282 9
-2.187103 62.258698 4
0.000000 62.335616 0
2.187103 62.258698 -4
4.374460 62.182282 -9
6.550901 61.952273 -14
8.727596 61.722518 -19
10.882712 61.340695 -24
13.038081 60.958871 -29
15.161715 60.426757 -33
17.285097 59.894643 -38
19.366590 59.215029 -43
21.448084 58.535668 -48
23.477025 57.711602 -52
25.506220 56.887536 -57
27.473472 55.923078 -61
29.440468 54.958621 -65
31.335620 53.858339 -70
33.231022 52.758058 -74
35.045442 51.527292 -78
36.859864 50.296269 -82
38.584411 48.940849 -86
40.308962 47.584920 -90
41.935262 46.111194 -93
43.561818 44.636964 -97
45.082001 43.052042 -101
46.602438 41.466616 -104
48.009138 39.790047 -107
-47.614116 36.703986 105
-46.258695 38.332065 102
-44.903021 39.959889 99
-43.438183 41.487940 96
-41.973342 43.015486 93
-40.406448 44.436150 89
-38.839299 45.856564 86
-37.177457 47.163240 82
-35.515866 48.469407 78
-33.767707 49.655749 75
-32.019294 50.841839 71
-30.193198 51.902261 67
-28.366844 52.962426 63
-26.471693 53.892106 58
-24.576288 54.821272 54
-22.621223 55.615383 50
-20.665906 56.409240 45
-18.660321 57.064230 41
-16.654988 57.719220 37
-14.608784 58.231785 32
-12.562579 58.744604 27
-10.485910 59.112209 23
-8.409241 59.480069 18
-6.312008 59.701698 14
-4.215029 59.923328 9
-2.107388 59.997208 4
0.000000 60.071083 0
2.107388 59.997208 -4
4.215029 59.923328 -9
6.312008 59.701698 -14
8.409241 59.480069 -18
10.485910 59.112209 -23
12.562579 58.744604 -27
14.608784 58.231785 -32
16.654988 57.719220 -37
18.660321 57.064230 -41
20.665906 56.409240 -45
22.621223 55.615383 -50
24.576288 54.821272 -54
26.471693 53.892106 -58
28.366844 52.962426 -63
30.193198 51.902261 -67
32.019294 50.841839 -71
33.767707 49.655749 -75
35.515866 48.469407 -78
37.177457 47.163240 -82
38.839299 45.856564 -86
40.406448 44.436150 -89
41.973342 43.015486 -93
43.438183 41.487940 -96
44.903021 39.959889 -99
46.258695 38.332065 -102
47.614116 36.703986 -105
-47.004824 33.664383 103
-45.812136 35.296013 101
-44.507998 36.863164 98
-43.203860 38.429805 95
-41.794365 39.900481 92
-40.385124 41.370652 89
-38.877380 42.738003 85
-37.369383 44.104850 82
-35.770754 45.362527 78
-34.171872 46.619446 75
-32.489719 47.761359 71
-30.807820 48.902768 67
-29.050522 49.923330 64
-27.293475 50.943642 60
-25.469916 51.838031 56
-23.646357 52.732416 52
-21.765169 53.496572 48
-19.883980 54.260728 43
-17.954302 54.890833 39
-16.024626 55.521198 35
-14.055851 56.014468 31
-12.087332 56.507745 26
-10.089109 56.861895 22
-8.091140 57.215790 17
-6.073115 57.429040 13
-4.055344 57.642042 8
-2.027672 57.713381 4
0.000000 57.784460 0
2.027672 57.713381 -4
4.055344 57.642042 -8
6.073115 57.429040 -13
8.091140 57.215790 -17
10.089109 56.861895 -22
12.087332 56.507745 -26
14.055851 56.014468 -31
16.024626 55.521198 -35
17.954302 54.890833 -39
19.883980 54.260728 -43
21.765169 53.496572 -48
23.646357 52.732416 -52
25.469916 51.838031 -56
27.293475 50.943642 -60
29.050522 49.923330 -64
30.807820 48.902768 -67
32.489719 47.761359 -71
34.171872 46.619446 -75
35.770754 45.362527 -78
37.369383 44.104850 -82
38.877380 42.738003 -85
40.385124 41.370652 -89
41.794365 39.900481 -92
43.203860 38.429805 -95
44.507998 36.863164 -98
45.812136 35.296013 -101
47.004824 33.664383 -103
-45.128205 32.300837 98
-43.983244 33.890834 96
-42.731151 35.396040 93
-41.478801 36.900483 90
-40.125668 38.312770 87
-38.772531 39.725058 84
-37.324955 41.037826 81
-35.877379 42.350598 78
-34.342473 43.558010 75
-32.807566 44.765170 71
-31.192436 45.861640 68
-29.577559 46.957604 64
-27.890581 47.937548 61
-26.203860 48.917237 57
-24.452907 49.776087 53
-22.702208 50.634679 49
-20.896166 51.368622 45
-19.089871 52.102058 41
-17.237369 52.707283 37
-15.384870 53.312261 33
-13.494796 53.785729 29
-11.604722 54.259457 25
-9.686215 54.599643 21
-7.767962 54.939326 17
-5.830668 55.143948 12
-3.893374 55.348564 8
-1.946687 55.416860 4
0.000000 55.485404 0
1.946687 55.416860 -4
3.893374 55.348564 -8
5.830668 55.143948 -12
7.767962 54.939326 -17
9.686215 54.599643 -21
11.604722 54.259457 -25
13.494796 53.785729 -29
15.384870 53.312261 -33
17.237369 52.707283 -37
19.089871 52.102058 -41
20.896166 51.368622 -45
22.702208 50.634679 -49
24.452907 49.776087 -53
26.203860 48.917237 -57
27.890581 47.937548 -61
29.577559 46.957604 -64
31.192436 45.861640 -68
32.807566 44.765170 -71
34.342473 43.558010 -75
35.877379 42.350598 -78
37.324955 41.037826 -81
38.772531 39.725058 -84
40.125668 38.312770 -87
41.478801 36.900483 -90
42.731151 35.396040 -93
43.983244 33.890834 -96
45.128205 32.300837 -98
-44.348820 29.412289 96
-43.251334 30.937294 94
-42.154099 32.461793 91
-40.954051 33.905053 89
-39.753999 35.347295 86
-38.456967 36.701448 83
-37.160193 38.055344 80
-35.772784 39.313784 77
-34.385376 40.572481 74
-32.914191 41.729880 71
-31.443007 42.887280 68
-29.895404 43.938309 65
-28.347550 44.989083 61
-26.730898 45.928408 58
-25.113988 46.867733 54
-23.436152 47.691040 50
-21.758060 48.514343 47
-20.027164 49.217569 43
-18.296014 49.920792 39
-16.520436 50.501142 35
-14.745113 51.080984 32
-12.933486 51.534906 28
-11.122112 51.989083 24
-9.283574 52.315053 20
-7.445037 52.640772 16
-5.588220 52.837014 12
-3.731658 53.033003 8
-1.865702 53.098503 4
0.000000 53.164252 0
1.865702 53.098503 -4
3.731658 53.033003 -8
5.588220 52.837014 -12
7.445037 52.640772 -16
9.283574 52.315053 -20
11.122112 51.989083 -24
12.933486 51.534906 -28
14.745113 51.080984 -32
16.520436 50.501142 -35
18.296014 49.920792 -39
20.027164 49.217569 -43
21.758060 48.514343 -47
23.436152 47.691040 -50
25.113988 46.867733 -54
26.730898 45.928408 -58
28.347550 44.989083 -61
29.895404 43.938309 -65
31.443007 42.887280 -68
32.914191 41.729880 -71
34.385376 40.572481 -74
35.772784 39.313784 -77
37.160193 38.055344 -80
38.456967 36.701448 -83
39.753999 35.347295 -86
40.954051 33.905053 -89
42.154099 32.461793 -91
43.251334 30.937294 -94
44.348820 29.412289 -96
-43.298554 26.677836 93
-42.396293 28.121603 91
-41.347297 29.580602 89
-40.298298 31.038588 86
-39.151054 32.418633 84
-38.003807 33.798171 82
-36.764154 35.092915 79
-35.524246 36.387409 76
-34.198021 37.591012 73
-32.871794 38.794364 70
-31.465348 39.900989 67
-30.058899 41.007617 64
-28.579335 42.012440 61
-27.099771 43.017011 58
-25.553948 43.915206 55
-24.008378 44.813152 51
-22.404418 45.600154 48
-20.800203 46.387156 44
-19.145469 47.059661 41
-17.490734 47.731913 37
-15.793348 48.286621 34
-14.095963 48.841076 30
-12.364052 49.275196 26
-10.632394 49.709318 22
-8.874841 50.020562 19
-7.117289 50.332063 15
-5.342219 50.519674 11
-3.567403 50.707286 7
-1.783702 50.769737 3
0.000000 50.832446 0
1.783702 50.769737 -3
3.567403 50.707286 -7
5.342219 50.519674 -11
7.117289 50.332063 -15
8.874841 50.020562 -19
10.632394 49.709318 -22
12.364052 49.275196 -26
14.095963 48.841076 -30
15.793348 48.286621 -34
17.490734 47.731913 -37
19.145469 47.059661 -41
20.800203 46.387156 -44
22.404418 45.600154 -48
24.008378 44.813152 -51
25.553948 43.915206 -55
27.099771 43.017011 -58
28.579335 42.012440 -61
30.058899 41.007617 -64
31.465348 39.900989 -67
32.871794 38.794364 -70
34.198021 37.591012 -73
35.524246 36.387409 -76
36.764154 35.092915 -79
38.003807 33.798171 -82
39.151054 32.418633 -84
40.298298 31.038588 -86
41.347297 29.580602 -89
42.396293 28.121603 -91
43.298554 26.677836 -93
-41.346281 25.361005 88
-40.444020 26.804772 86
-39.443261 28.197260 84
-38.442498 29.588728 82
-37.348312 30.905814 80
-36.253873 32.222391 77
-35.071083 33.457985 75
-33.888550 34.693322 72
-32.623255 35.842091 69
-31.357957 36.990354 67
-30.016247 38.046459 64
-28.674791 39.102564 61
-27.263265 40.061437 58
-25.851739 41.019802 55
-24.377252 41.876873 52
-22.902768 42.733689 49
-21.372683 43.484640 45
-19.842346 44.235845 42
-18.263772 44.877379 39
-16.685199 45.519167 35
-15.066007 46.048235 32
-13.446813 46.577305 28
-11.794872 46.991622 25
-10.142930 47.405688 21
-8.466108 47.702971 18
-6.789541 47.999999 14
-5.096217 48.178980 10
-3.403148 48.357958 7
-1.701447 48.417620 3
0.000000 48.477533 0
1.701447 48.417620 -3
3.403148 48.357958 -7
5.096217 48.178980 -10
6.789541 47.999999 -14
8.466108 47.702971 -18
10.142930 47.405688 -21
11.794872 46.991622 -25
13.446813 46.577305 -28
15.066007 46.048235 -32
16.685199 45.519167 -35
18.263772 44.877379 -39
19.842346 44.235845 -42
21.372683 43.484640 -45
22.902768 42.733689 -49
24.377252 41.876873 -52
25.851739 41.019802 -55
27.263265 40.061437 -58
28.674791 39.102564 -61
30.016247 38.046459 -64
31.357957 36.990354 -67
32.623255 35.842091 -69
33.888550 34.693322 -72
35.071083 33.457985 -75
36.253873 32.222391 -77
37.348312 30.905814 -80
38.442498 29.588728 -82
39.443261 28.197260 -84
40.444020 26.804772 -86
41.346281 25.361005 -88
-40.180756 22.718965 85
-39.322672 24.109420 83
-38.464585 25.499112 81
-37.512821 26.824066 79
-36.561056 28.148261 77
-35.520437 29.401371 75
-34.479564 30.653718 73
-33.354658 31.829399 71
-32.230009 33.004317 68
-31.026657 34.096978 66
-29.823305 35.189388 63
-28.547347 36.193956 60
-27.271388 37.198273 58
-25.928917 38.110435 55
-24.586444 39.022086 52
-23.184310 39.837267 49
-21.781924 40.652197 46
-20.326732 41.366338 43
-18.871288 42.080733 40
-17.369891 42.690784 37
-15.868749 43.301092 33
-14.328763 43.804264 30
-12.788779 44.307439 27
-11.217568 44.701448 23
-9.646357 45.095203 20
-8.051790 45.378016 17
-6.457223 45.660572 13
-4.846915 45.830922 10
-3.236354 46.001015 6
-1.618177 46.057882 3
0.000000 46.114749 0
1.618177 46.057882 -3
3.236354 46.001015 -6
4.846915 45.830922 -10
6.457223 45.660572 -13
8.051790 45.378016 -17
9.646357 45.095203 -20
11.217568 44.701448 -23
12.788779 44.307439 -27
14.328763 43.804264 -30
15.868749 43.301092 -33
17.369891 42.690784 -37
18.871288 42.080733 -40
20.326732 41.366338 -43
21.781924 40.652197 -46
23.184310 39.837267 -49
24.586444 39.022086 -52
25.928917 38.110435 -55
27.271388 37.198273 -58
28.547347 36.193956 -60
29.823305 35.189388 -63
31.026657 34.096978 -66
32.230009 33.004317 -68
33.354658 31.829399 -71
34.479564 30.653718 -73
35.520437 29.401371 -75
36.561056 28.148261 -77
37.512821 26.824066 -79
38.464585 25.499112 -81
39.322672 24.109420 -83
40.180756 22.718965 -85
-38.834223 20.182788 82
-38.113227 21.525260 80
-37.299314 22.845138 78
-36.485403 24.164003 77
-35.582635 25.421426 75
-34.679869 26.678090 73
-33.692562 27.867481 71
-32.705255 29.056106 69
-31.638233 30.171616 66
-30.571464 31.286875 64
-29.430058 32.323686 62
-28.288653 33.360496 59
-27.078192 34.313531 57
-25.867987 35.266566 54
-24.594568 36.132013 52
-23.321401 36.997206 49
-21.991114 37.770755 46
-20.661082 38.543793 43
-19.280529 39.221628 40
-17.900229 39.899467 37
-16.476009 40.478547 34
-15.052044 41.057375 31
-13.591266 41.534906 28
-12.130490 42.012440 25
-10.640264 42.386138 22
-9.150038 42.759839 19
-7.637471 43.028180 16
-6.124905 43.296270 12
-4.597360 43.457986 9
-3.069815 43.619194 6
-1.534907 43.673014 3
0.000000 43.727089 0
1.534907 43.673014 -3
3.069815 43.619194 -6
4.597360 43.457986 -9
6.124905 43.296270 -12
7.637471 43.028180 -16
9.150038 42.759839 -19
10.640264 42.386138 -22
12.130490 42.012440 -25
13.591266 41.534906 -28
15.052044 41.057375 -31
16.476009 40.478547 -34
17.900229 39.899467 -37
19.280529 39.221628 -40
20.661082 38.543793 -43
21.991114 37.770755 -46
23.321401 36.997206 -49
24.594568 36.132013 -52
25.867987 35.266566 -54
27.078192 34.313531 -57
28.288653 33.360496 -59
29.430058 32.323686 -62
30.571464 31.286875 -64
31.638233 30.171616 -66
32.705255 29.056106 -69
33.692562 27.867481 -71
34.679869 26.678090 -73
35.582635 25.421426 -75
36.485403 24.164003 -77
37.299314 22.845138 -78
38.113227 21.525260 -80
38.834223 20.182788 -82
-36.700178 19.048237 77
-36.018787 20.349075 75
-35.249555 21.597613 74
-34.480326 22.844630 72
-33.627061 24.033767 70
-32.774054 25.221629 68
-31.841076 26.346027 66
-30.908098 27.469663 64
-29.899721 28.524246 62
-28.891344 29.578319 60
-27.812644 30.558008 58
-26.733944 31.537955 56
-25.590251 32.438690 53
-24.446560 33.339426 51
-23.243209 34.157399 48
-22.039858 34.974868 46
-20.782686 35.705762 43
-19.525768 36.436659 41
-18.221122 37.077176 38
-16.916477 37.717694 35
-15.570704 38.264788 32
-14.224930 38.811882 29
-12.844377 39.263264 27
-11.464077 39.714394 24
-10.055598 40.067530 21
-8.647118 40.420666 18
-7.217822 40.674284 15
-5.788271 40.927647 12
-4.344758 41.080224 9
-2.901244 41.232801 6
-1.450622 41.283829 3
0.000000 41.334604 0
1.450622 41.283829 -3
2.901244 41.232801 -6
4.344758 41.080224 -9
5.788271 40.927647 -12
7.217822 40.674284 -15
8.647118 40.420666 -18
10.055598 40.067530 -21
11.464077 39.714394 -24
12.844377 39.263264 -27
14.224930 38.811882 -29
15.570704 38.264788 -32
16.916477 37.717694 -35
18.221122 37.077176 -38
19.525768 36.436659 -41
20.782686 35.705762 -43
22.039858 34.974868 -46
23.243209 34.157399 -48
24.446560 33.339426 -51
25.590251 32.438690 -53
26.733944 31.537955 -56
27.812644 30.558008 -58
28.891344 29.578319 -60
29.899721 28.524246 -62
30.908098 27.469663 -64
31.841076 26.346027 -66
32.774054 25.221629 -68
33.627061 24.033767 -70
34.480326 22.844630 -72
35.249555 21.597613 -74
36.018787 20.349075 -75
36.700178 19.048237 -77
-35.207920 16.686215 73
-34.566135 17.913429 72
-33.924347 19.139884 70
-33.199797 20.316832 69
-32.475246 21.492259 67
-31.671745 22.613099 66
-30.868241 23.732926 64
-29.989592 24.792589 62
-29.110689 25.851486 60
-28.160955 26.845140 58
-27.211475 27.838539 56
-26.195480 28.761870 54
-25.179487 29.685201 52
-24.102311 30.534145 50
-23.024880 31.382839 48
-21.891597 32.153847 45
-20.758314 32.924093 43
-19.574258 33.612592 40
-18.390201 34.301346 38
-17.161462 34.904799 35
-15.932725 35.508252 33
-14.665397 36.023863 30
-13.397816 36.539478 27
-12.097486 36.964459 25
-10.797410 37.389694 22
-9.470932 37.722265 19
-8.144453 38.055090 17
-6.798172 38.293984 14
-5.451638 38.532624 11
-4.092155 38.676567 8
-2.732419 38.820259 5
-1.366337 38.868241 2
0.000000 38.916223 0
1.366337 38.868241 -2
2.732419 38.820259 -5
4.092155 38.676567 -8
5.451638 38.532624 -11
6.798172 38.293984 -14
8.144453 38.055090 -17
9.470932 37.722265 -19
10.797410 37.389694 -22
12.097486 36.964459 -25
13.397816 36.539478 -27
14.665397 36.023863 -30
15.932725 35.508252 -33
17.161462 34.904799 -35
18.390201 34.301346 -38
19.574258 33.612592 -40
20.758314 32.924093 -43
21.891597 32.153847 -45
23.024880 31.382839 -48
24.102311 30.534145 -50
25.179487 29.685201 -52
26.195480 28.761870 -54
27.211475 27.838539 -56
28.160955 26.845140 -58
29.110689 25.851486 -60
29.989592 24.792589 -62
30.868241 23.732926 -64
31.671745 22.613099 -66
32.475246 21.492259 -67
33.199797 20.316832 -69
33.924347 19.139884 -70
34.566135 17.913429 -72
35.207920 16.686215 -73
-33.008122 15.650926 68
-32.406448 16.802996 67
-31.804774 17.953797 66
-31.125413 19.057630 64
-30.446307 20.160447 63
-29.693069 21.211475 61
-28.939580 22.261742 60
-28.115765 23.255396 58
-27.291953 24.248287 56
-26.401624 25.180248 54
-25.511298 26.111450 52
-24.558771 26.977152 51
-23.606245 27.842853 49
-22.596344 28.638743 46
-21.586443 29.434375 44
-20.523737 30.156639 42
-19.461285 30.878902 40
-18.351358 31.524753 38
-17.241432 32.170092 35
-16.089363 32.735719 33
-14.937294 33.301345 31
-13.748921 33.784718 28
-12.560549 34.267833 26
-11.341711 34.666667 23
-10.122874 35.064990 21
-8.879157 35.376999 18
-7.635441 35.688754 15
-6.373445 35.912668 13
-5.111196 36.136584 10
-3.836507 36.271388 7
-2.561818 36.406195 5
-1.280782 36.451128 2
0.000000 36.496318 0
1.280782 36.451128 -2
2.561818 36.406195 -5
3.836507 36.271388 -7
5.111196 36.136584 -10
6.373445 35.912668 -13
7.635441 35.688754 -15
8.879157 35.376999 -18
10.122874 35.064990 -21
11.341711 34.666667 -23
12.560549 34.267833 -26
13.748921 33.784718 -28
14.937294 33.301345 -31
16.089363 32.735719 -33
17.241432 32.170092 -35
18.351358 31.524753 -38
19.461285 30.878902 -40
20.523737 30.156639 -42
21.586443 29.434375 -44
22.596344 28.638743 -46
23.606245 27.842853 -49
24.558771 26.977152 -51
25.511298 26.111450 -52
26.401624 25.180248 -54
27.291953 24.248287 -56
28.115765 23.255396 -58
28.939580 22.261742 -60
29.693069 21.211475 -61
30.446307 20.160447 -63
31.125413 19.057630 -64
31.804774 17.953797 -66
32.406448 16.802996 -67
33.008122 15.650926 -68
-31.294998 13.502411 64
-30.808328 14.577811 63
-30.246764 15.654735 62
-29.685201 16.730135 61
-29.051281 17.761615 60
-28.417364 18.792078 58
-27.714142 19.773801 57
-27.011170 20.755015 55
-26.242195 21.683168 54
-25.473217 22.610561 52
-24.642042 23.481088 50
-23.811119 24.350852 49
-22.922062 25.159686 47
-22.033258 25.968012 45
-21.090378 26.711349 43
-20.147753 27.454431 41
-19.156131 28.128967 39
-18.164255 28.803505 37
-17.128205 29.406447 35
-16.092409 30.009138 33
-15.017010 30.537192 31
-13.941863 31.065500 28
-12.832699 31.516881 26
-11.723534 31.968011 24
-10.585936 32.340442 21
-9.448083 32.712365 19
-8.287383 33.003809 17
-7.126682 33.294998 14
-5.948718 33.503934 12
-4.770500 33.712870 9
-3.580858 33.838792 7
-2.390962 33.964712 4
-1.195481 34.006601 2
0.000000 34.048742 0
1.195481 34.006601 -2
2.390962 33.964712 -4
3.580858 33.838792 -7
4.770500 33.712870 -9
5.948718 33.503934 -12
7.126682 33.294998 -14
8.287383 33.003809 -17
9.448083 32.712365 -19
10.585936 32.340442 -21
11.723534 31.968011 -24
12.832699 31.516881 -26
13.941863 31.065500 -28
15.017010 30.537192 -31
16.092409 30.009138 -33
17.128205 29.406447 -35
18.164255 28.803505 -37
19.156131 28.128967 -39
20.147753 27.454431 -41
21.090378 26.711349 -43
22.033258 25.968012 -45
22.922062 25.159686 -47
23.811119 24.350852 -49
24.642042 23.481088 -50
25.473217 22.610561 -52
26.242195 21.683168 -54
27.011170 20.755015 -55
27.714142 19.773801 -57
28.417364 18.792078 -58
29.051281 17.761615 -60
29.685201 16.730135 -61
30.246764 15.654735 -62
30.808328 14.577811 -63
31.294998 13.502411 -64
-29.512567 11.468138 60
-29.060928 12.507744 59
-28.609039 13.545063 58
-28.087586 14.546331 57
-27.565878 15.545569 56
-26.977406 16.503934 55
-26.388676 17.461286 54
-25.735719 18.373445 52
-25.082762 19.284590 51
-24.368622 20.146740 50
-23.654735 21.007870 48
-22.882965 21.815945 47
-22.111196 22.623763 45
-21.285860 23.374714 43
-20.460269 24.125414 42
-19.584920 24.815689 40
-18.709570 25.505459 38
-17.788525 26.131761 36
-16.867478 26.758060 34
-15.905560 27.317848 32
-14.943387 27.877379 30
-13.945163 28.367861 28
-12.946687 28.858339 26
-11.916730 29.277481 24
-10.886773 29.696369 22
-9.830160 30.041888 20
-8.773546 30.387407 18
-7.695862 30.658035 15
-6.617923 30.928155 13
-5.523991 31.122367 11
-4.430058 31.316325 9
-3.325209 31.433105 6
-2.220360 31.550140 4
-1.110180 31.588983 2
0.000000 31.628077 0
1.110180 31.588983 -2
2.220360 31.550140 -4
3.325209 31.433105 -6
4.430058 31.316325 -9
5.523991 31.122367 -11
6.617923 30.928155 -13
7.695862 30.658035 -15
8.773546 30.387407 -18
9.830160 30.041888 -20
10.886773 29.696369 -22
11.916730 29.277481 -24
12.946687 28.858339 -26
13.945163 28.367861 -28
14.943387 27.877379 -30
15.905560 27.317848 -32
16.867478 26.758060 -34
17.788525 26.131761 -36
18.709570 25.505459 -38
19.584920 24.815689 -40
20.460269 24.125414 -42
21.285860 23.374714 -43
22.111196 22.623763 -45
22.882965 21.815945 -47
23.654735 21.007870 -48
24.368622 20.146740 -50
25.082762 19.284590 -51
25.735719 18.373445 -52
26.388676 17.461286 -54
26.977406 16.503934 -55
27.565878 15.545569 -56
28.087586 14.546331 -57
28.609039 13.545063 -58
29.060928 12.507744 -59
29.512567 11.468138 -60
-27.243717 10.551408 55
-26.409495 12.472709 53
-25.446813 14.322164 51
-24.359989 16.092918 49
-23.154354 17.778117 47
-21.835999 19.370653 44
-20.411272 20.863673 41
-18.887280 22.250824 38
-17.271135 23.525769 35
-15.570704 24.682915 31
-13.794618 25.716933 28
-11.951257 26.623002 24
-10.049758 27.397056 20
-8.099264 28.035036 16
-6.109165 28.534653 12
-4.089363 28.893374 8
-2.049759 29.108910 4
0.000000 29.181009 0
2.049759 29.108910 -4
4.089363 28.893374 -8
6.109165 28.534653 -12
8.099264 28.035036 -16
10.049758 27.397056 -20
11.951257 26.623002 -24
13.794618 25.716933 -28
15.570704 24.682915 -31
17.271135 23.525769 -35
18.887280 22.250824 -38
20.411272 20.863673 -41
21.835999 19.370653 -44
23.154354 17.778117 -47
24.359989 16.092918 -49
25.446813 14.322164 -51
26.409495 12.472709 -53
27.243717 10.551408 -55
-24.923839 9.669204 50
-24.160701 11.429044 49
-23.223153 13.095963 47
-22.285606 14.741814 45
-21.130997 16.249049 43
-19.976644 17.739528 40
-18.627824 19.063469 37
-17.279005 20.373699 35
-15.761868 21.491497 32
-14.244986 22.597613 28
-12.589236 23.489973 25
-10.933486 24.371668 22
-9.171617 25.022341 18
-7.409494 25.663112 15
-5.575273 26.060168 11
-3.741051 26.447830 7
-1.870526 26.583905 3
0.000000 26.710841 0
1.870526 26.583905 -3
3.741051 26.447830 -7
5.575273 26.060168 -11
7.409494 25.663112 -15
9.171617 25.022341 -18
10.933486 24.371668 -22
12.589236 23.489973 -25
14.244986 22.597613 -28
15.761868 21.491497 -32
17.279005 20.373699 -35
18.627824 19.063469 -37
19.976644 17.739528 -40
21.130997 16.249049 -43
22.285606 14.741814 -45
23.223153 13.095963 -47
24.160701 11.429044 -49
24.923839 9.669204 -50
-22.603960 8.731659 45
-21.911906 10.332063 44
-21.061437 11.840314 42
-20.211221 13.342474 40
-19.164255 14.705509 38
-18.117289 16.065246 36
-16.893882 17.261997 34
-15.670729 18.456715 31
-14.294745 19.466617 28
-12.919015 20.475756 26
-11.417365 21.280782 23
-9.915968 22.085808 20
-8.317848 22.671999 16
-6.719726 23.257679 13
-5.056359 23.613862 10
-3.392993 23.970045 6
-1.696370 24.089363 3
0.000000 24.208684 0
1.696370 24.089363 -3
3.392993 23.970045 -6
5.056359 23.613862 -10
6.719726 23.257679 -13
8.317848 22.671999 -16
9.915968 22.085808 -20
11.417365 21.280782 -23
12.919015 20.475756 -26
14.294745 19.466617 -28
15.670729 18.456715 -31
16.893882 17.261997 -34
18.117289 16.065246 -36
19.164255 14.705509 -38
20.211221 13.342474 -40
21.061437 11.840314 -42
21.911906 10.332063 -44
22.603960 8.731659 -45
-20.265296 7.846409 40
-19.644834 9.282305 39
-18.882458 10.634425 38
-18.120081 11.980706 36
-17.181519 13.202082 34
-16.242701 14.420412 32
-15.145976 15.492511 30
-14.049252 16.563088 28
-12.815689 17.468141 25
-11.582382 18.372177 23
-10.236101 19.093678 20
-8.890073 19.814928 17
-7.457222 20.340190 15
-6.024625 20.865194 12
-4.533130 21.184058 9
-3.041889 21.503174 6
-1.520944 21.610307 3
0.000000 21.717189 0
1.520944 21.610307 -3
3.041889 21.503174 -6
4.533130 21.184058 -9
6.024625 20.865194 -12
7.457222 20.340190 -15
8.890073 19.814928 -17
10.236101 19.093678 -20
11.582382 18.372177 -23
12.815689 17.468141 -25
14.049252 16.563088 -28
15.145976 15.492511 -30
16.242701 14.420412 -32
17.181519 13.202082 -34
18.120081 11.980706 -36
18.882458 10.634425 -38
19.644834 9.282305 -39
20.265296 7.846409 -40
-17.926631 6.901496 36
-17.377761 8.176442 34
-16.703224 9.376239 33
-16.028941 10.570194 32
-15.198527 11.652957 30
-14.368367 12.732673 28
-13.398071 13.682409 26
-12.428028 14.630872 24
-11.336887 15.432343 22
-10.245747 16.233055 20
-9.054837 16.872048 18
-7.863925 17.510535 15
-6.596598 17.975630 13
-5.329271 18.440467 10
-4.010155 18.723026 8
-2.690784 19.005331 5
-1.345519 19.100279 2
0.000000 19.194721 0
1.345519 19.100279 -2
2.690784 19.005331 -5
4.010155 18.723026 -8
5.329271 18.440467 -10
6.596598 17.975630 -13
7.863925 17.510535 -15
9.054837 16.872048 -18
10.245747 16.233055 -20
11.336887 15.432343 -22
12.428028 14.630872 -24
13.398071 13.682409 -26
14.368367 12.732673 -28
15.198527 11.652957 -30
16.028941 10.570194 -32
16.703224 9.376239 -33
17.377761 8.176442 -34
17.926631 6.901496 -36
-15.621224 6.033257 31
-15.142675 7.143945 30
-14.555217 8.188627 29
-13.967504 9.228230 27
-13.243970 10.170601 26
-12.520436 11.110688 24
-11.675045 11.937800 23
-10.829652 12.763391 21
-9.878903 13.461284 19
-8.928154 14.158418 17
-7.890327 14.714902 15
-6.852754 15.270881 13
-5.748413 15.676059 11
-4.643818 16.080732 9
-3.494288 16.326732 7
-2.344758 16.572735 4
-1.172379 16.655244 2
0.000000 16.737752 0
1.172379 16.655244 -2
2.344758 16.572735 -4
3.494288 16.326732 -7
4.643818 16.080732 -9
5.748413 15.676059 -11
6.852754 15.270881 -13
7.890327 14.714902 -15
8.928154 14.158418 -17
9.878903 13.461284 -19
10.829652 12.763391 -21
11.675045 11.937800 -23
12.520436 11.110688 -24
13.243970 10.170601 -26
13.967504 9.228230 -27
14.555217 8.188627 -29
15.142675 7.143945 -30
15.621224 6.033257 -31
-12.907845 6.054074 25
-11.906068 7.838029 23
-10.672506 9.447067 21
-9.231277 10.858846 18
-7.610307 12.049758 15
-5.841330 12.999493 11
-3.958619 13.690531 7
-1.998731 14.110436 3
0.000000 14.251332 0
1.998731 14.110436 -3
3.958619 13.690531 -7
5.841330 12.999493 -11
7.610307 12.049758 -15
9.231277 10.858846 -18
10.672506 9.447067 -21
11.906068 7.838029 -23
12.907845 6.054074 -25
-10.597868 5.000761 20
-9.680122 6.401879 19
-8.762630 7.778370 17
-7.505459 8.850977 15
-6.248286 9.911145 12
-4.749175 10.588221 9
-3.250064 11.256410 6
-1.625032 11.490225 3
0.000000 11.715917 0
1.625032 11.490225 -3
3.250064 11.256410 -6
4.749175 10.588221 -9
6.248286 9.911145 -12
7.505459 8.850977 -15
8.762630 7.778370 -17
9.680122 6.401879 -19
10.597868 5.000761 -20
-8.287637 3.874079 16
-7.569941 4.971819 15
-6.852501 6.058390 13
-5.869256 6.896420 11
-4.886266 7.731404 9
-3.713887 8.258950 7
-2.541508 8.785733 5
-1.270881 8.965727 2
0.000000 9.145721 0
1.270881 8.965727 -2
2.541508 8.785733 -5
3.713887 8.258950 -7
4.886266 7.731404 -9
5.869256 6.896420 -11
6.852501 6.058390 -13
7.569941 4.971819 -15
8.287637 3.874079 -16
-5.638995 3.304647 10
-4.921554 4.368623 9
-4.215537 4.968519 8
-3.509520 5.566641 6
-2.667428 5.944656 5
-1.825336 6.322417 3
-0.912668 6.451383 1
0.000000 6.580351 0
0.912668 6.451383 -1
1.825336 6.322417 -3
2.667428 5.944656 -5
3.509520 5.566641 -6
4.215537 4.968519 -8
4.921554 4.368623 -9
5.638995 3.304647 -10
-2.990607 2.630111 5
-2.132521 3.363289 4
-1.109165 3.824575 2
0.000000 3.981974 0
1.109165 3.824575 -2
2.132521 3.363289 -4
2.990607 2.630111 -5
