# Active surface commands at 22.676148
# Zero points are Off, FEM corrections are Off
-12.741051 103.255394 -132
-10.929931 103.478548 -132
-9.111958 103.637726 -132
-7.293983 103.797412 -132
-5.471693 103.893116 -132
-3.649150 103.988833 -132
-1.824575 104.021075 -132
0.000000 104.052809 -132
1.824575 104.021075 -132
3.649150 103.988833 -132
5.471693 103.893116 -132
7.293983 103.797412 -132
9.111958 103.637726 -132
10.929931 103.478548 -132
12.741051 103.255394 -132
-23.048235 99.466362 -131
-21.336126 99.861387 -131
-19.578065 100.204114 -131
-17.820005 100.546840 -131
-16.051028 100.827872 -131
-14.282051 101.109163 -131
-12.504442 101.327749 -131
-10.726834 101.546838 -131
-8.942625 101.703220 -131
-7.158416 101.859863 -131
-5.369891 101.953794 -131
-3.581366 102.047726 -131
-1.790810 102.079205 -131
0.000000 102.110431 -131
1.790810 102.079205 -131
3.581366 102.047726 -131
5.369891 101.953794 -131
7.158416 101.859863 -131
8.942625 101.703220 -131
10.726834 101.546838 -131
12.504442 101.327749 -131
14.282051 101.109163 -131
16.051028 100.827872 -131
17.820005 100.546840 -131
19.578065 100.204114 -131
21.336126 99.861387 -131
23.048235 99.466362 -131
-29.431075 95.752474 -130
-27.750698 96.268088 -130
-26.053567 96.724041 -130
-24.356436 97.180501 -130
-22.644327 97.566385 -130
-20.932217 97.961664 -130
-19.207413 98.297790 -130
-17.482610 98.634170 -130
-15.747145 98.909623 -130
-14.011678 99.185578 -130
-12.267835 99.400352 -130
-10.523737 99.615127 -130
-8.773292 99.768466 -130
-7.023103 99.922314 -130
-5.268342 100.014472 -130
-3.513582 100.106625 -130
-1.756791 100.137596 -130
0.000000 100.168314 -130
1.756791 100.137596 -130
3.513582 100.106625 -130
5.268342 100.014472 -130
7.023103 99.922314 -130
8.773292 99.768466 -130
10.523737 99.615127 -130
12.267835 99.400352 -130
14.011678 99.185578 -130
15.747145 98.909623 -130
17.482610 98.634170 -130
19.207413 98.297790 -130
20.932217 97.961664 -130
22.644327 97.566385 -130
24.356436 97.180501 -130
26.053567 96.724041 -130
27.750698 96.268088 -130
29.431075 95.752474 -130
-33.758314 92.233310 -129
-32.129727 92.795887 -129
-30.500890 93.358464 -129
-28.853517 93.863672 -129
-27.206144 94.368874 -129
-25.542269 94.816198 -129
-23.878396 95.263517 -129
-22.200051 95.651942 -129
-20.521453 96.040875 -129
-18.830413 96.370399 -129
-17.139629 96.700178 -129
-15.438182 96.970295 -129
-13.736736 97.240672 -129
-12.026910 97.451380 -129
-10.317339 97.661841 -129
-8.601167 97.812391 -129
-6.885250 97.963189 -129
-5.165016 98.053569 -129
-3.444783 98.143942 -129
-1.722264 98.174158 -129
0.000000 98.204367 -129
1.722264 98.174158 -129
3.444783 98.143942 -129
5.165016 98.053569 -129
6.885250 97.963189 -129
8.601167 97.812391 -129
10.317339 97.661841 -129
12.026910 97.451380 -129
13.736736 97.240672 -129
15.438182 96.970295 -129
17.139629 96.700178 -129
18.830413 96.370399 -129
20.521453 96.040875 -129
22.200051 95.651942 -129
23.878396 95.263517 -129
25.542269 94.816198 -129
27.206144 94.368874 -129
28.853517 93.863672 -129
30.500890 93.358464 -129
32.129727 92.795887 -129
33.758314 92.233310 -129
-37.788525 88.513329 -128
-36.234578 89.175168 -128
-34.658542 89.781925 -128
-33.082762 90.376744 -128
-31.486418 90.928152 -128
-29.890328 91.479560 -128
-28.275959 91.974610 -128
-26.661588 92.469659 -128
-25.030972 92.908096 -128
-23.400355 93.346279 -128
-21.755522 93.727340 -128
-20.110687 94.108401 -128
-18.453669 94.431325 -128
-16.796395 94.754503 -128
-15.129221 95.019296 -128
-13.461793 95.284336 -128
-11.786240 95.490731 -128
-10.110688 95.696877 -128
-8.429043 95.844632 -128
-6.747398 95.992127 -128
-5.061437 96.080728 -128
-3.375730 96.169329 -128
-1.687992 96.199036 -128
0.000000 96.228737 -128
1.687992 96.199036 -128
3.375730 96.169329 -128
5.061437 96.080728 -128
6.747398 95.992127 -128
8.429043 95.844632 -128
10.110688 95.696877 -128
11.786240 95.490731 -128
13.461793 95.284336 -128
15.129221 95.019296 -128
16.796395 94.754503 -128
18.453669 94.431325 -128
20.110687 94.108401 -128
21.755522 93.727340 -128
23.400355 93.346279 -128
25.030972 92.908096 -128
26.661588 92.469659 -128
28.275959 91.974610 -128
29.890328 91.479560 -128
31.486418 90.928152 -128
33.082762 90.376744 -128
34.658542 89.781925 -128
36.234578 89.175168 -128
37.788525 88.513329 -128
-39.992131 85.333588 -127
-38.525769 86.017008 -127
-37.004061 86.665143 -127
-35.482357 87.313278 -127
-33.939070 87.907589 -127
-32.395784 88.501900 -127
-30.832953 89.041885 -127
-29.269864 89.581871 -127
-27.689008 90.067022 -127
-26.108150 90.551913 -127
-24.511297 90.980959 -127
-22.914699 91.410254 -127
-21.303884 91.783444 -127
-19.693322 92.156386 -127
-18.070576 92.472709 -127
-16.447830 92.789286 -127
-14.815182 93.048742 -127
-13.182280 93.308198 -127
-11.541508 93.510279 -127
-9.900736 93.712366 -127
-8.254126 93.856817 -127
-6.607261 94.001522 -127
-4.956588 94.088345 -127
-3.305662 94.175173 -127
-1.652704 94.203857 -127
0.000000 94.233050 -127
1.652704 94.203857 -127
3.305662 94.175173 -127
4.956588 94.088345 -127
6.607261 94.001522 -127
8.254126 93.856817 -127
9.900736 93.712366 -127
11.541508 93.510279 -127
13.182280 93.308198 -127
14.815182 93.048742 -127
16.447830 92.789286 -127
18.070576 92.472709 -127
19.693322 92.156386 -127
21.303884 91.783444 -127
22.914699 91.410254 -127
24.511297 90.980959 -127
26.108150 90.551913 -127
27.689008 90.067022 -127
29.269864 89.581871 -127
30.832953 89.041885 -127
32.395784 88.501900 -127
33.939070 87.907589 -127
35.482357 87.313278 -127
37.004061 86.665143 -127
38.525769 86.017008 -127
39.992131 85.333588 -127
-43.525259 81.348821 -126
-42.083525 82.085805 -126
-40.641787 82.823303 -126
-39.175425 83.498858 -126
-37.709063 84.182532 -126
-36.219597 84.816957 -126
-34.730135 85.451382 -126
-33.219599 86.033253 -126
-31.709064 86.614877 -126
-30.179234 87.143439 -126
-28.649403 87.671995 -126
-27.102058 88.146988 -126
-25.554709 88.621479 -126
-23.991623 89.041631 -126
-22.428788 89.461790 -126
-20.852247 89.827114 -126
-19.275705 90.192179 -126
-17.687485 90.501901 -126
-16.099010 90.811629 -126
-14.500889 91.065755 -126
-12.902767 91.319626 -126
-11.297029 91.517387 -126
-9.691039 91.715154 -126
-8.078954 91.856816 -126
-6.467124 91.998224 -126
-4.851485 92.083268 -126
-3.235593 92.168317 -126
-1.617669 92.196493 -126
0.000000 92.224930 -126
1.617669 92.196493 -126
3.235593 92.168317 -126
4.851485 92.083268 -126
6.467124 91.998224 -126
8.078954 91.856816 -126
9.691039 91.715154 -126
11.297029 91.517387 -126
12.902767 91.319626 -126
14.500889 91.065755 -126
16.099010 90.811629 -126
17.687485 90.501901 -126
19.275705 90.192179 -126
20.852247 89.827114 -126
22.428788 89.461790 -126
23.991623 89.041631 -126
25.554709 88.621479 -126
27.102058 88.146988 -126
28.649403 87.671995 -126
30.179234 87.143439 -126
31.709064 86.614877 -126
33.219599 86.033253 -126
34.730135 85.451382 -126
36.219597 84.816957 -126
37.709063 84.182532 -126
39.175425 83.498858 -126
40.641787 82.823303 -126
42.083525 82.085805 -126
43.525259 81.348821 -126
-45.334856 78.006345 -125
-43.951002 78.776593 -125
-42.566894 79.546588 -125
-41.156894 80.267326 -125
-39.747144 80.988573 -125
-38.313024 81.659560 -125
-36.878650 82.331049 -125
-35.422189 82.951255 -125
-33.965474 83.571716 -125
-32.488194 84.140900 -125
-31.010917 84.710078 -125
-29.514851 85.226957 -125
-28.018533 85.744096 -125
-26.505205 86.208174 -125
-24.992130 86.672506 -125
-23.463569 87.083523 -125
-21.935009 87.494540 -125
-20.393246 87.851739 -125
-18.851231 88.208683 -125
-17.298045 88.511805 -125
-15.744605 88.814672 -125
-14.181772 89.063213 -125
-12.618685 89.311500 -125
-11.048236 89.505201 -125
-9.477533 89.698400 -125
-7.901244 89.836759 -125
-6.324702 89.975371 -125
-4.744605 90.058388 -125
-3.164255 90.141404 -125
-1.582127 90.169079 -125
0.000000 90.197001 -125
1.582127 90.169079 -125
3.164255 90.141404 -125
4.744605 90.058388 -125
6.324702 89.975371 -125
7.901244 89.836759 -125
9.477533 89.698400 -125
11.048236 89.505201 -125
12.618685 89.311500 -125
14.181772 89.063213 -125
15.744605 88.814672 -125
17.298045 88.511805 -125
18.851231 88.208683 -125
20.393246 87.851739 -125
21.935009 87.494540 -125
23.463569 87.083523 -125
24.992130 86.672506 -125
26.505205 86.208174 -125
28.018533 85.744096 -125
29.514851 85.226957 -125
31.010917 84.710078 -125
32.488194 84.140900 -125
33.965474 83.571716 -125
35.422189 82.951255 -125
36.878650 82.331049 -125
38.313024 81.659560 -125
39.747144 80.988573 -125
41.156894 80.267326 -125
42.566894 79.546588 -125
43.951002 78.776593 -125
45.334856 78.006345 -125
-46.965981 74.651943 -124
-45.640265 75.489211 -124
-44.314294 76.238640 -124
-42.961412 76.991367 -124
-41.608529 77.744100 -124
-40.230517 78.448847 -124
-38.852247 79.153843 -124
-37.450369 79.809849 -124
-36.048488 80.466110 -124
-34.624778 81.072606 -124
-33.200813 81.679357 -124
-31.756792 82.235593 -124
-30.312770 82.791823 -124
-28.850217 83.297286 -124
-27.387663 83.802742 -124
-25.908606 84.256407 -124
-24.429297 84.710332 -124
-22.935262 85.111959 -124
-21.441229 85.513833 -124
-19.933994 85.863161 -124
-18.427013 86.211980 -124
-16.908607 86.508252 -124
-15.390200 86.804518 -124
-13.862401 87.047475 -124
-12.334602 87.290172 -124
-10.799442 87.479311 -124
-9.264281 87.668444 -124
-7.723280 87.803753 -124
-6.182534 87.939069 -124
-4.637725 88.020307 -124
-3.093171 88.101550 -124
-1.546585 88.128456 -124
0.000000 88.155622 -124
1.546585 88.128456 -124
3.093171 88.101550 -124
4.637725 88.020307 -124
6.182534 87.939069 -124
7.723280 87.803753 -124
9.264281 87.668444 -124
10.799442 87.479311 -124
12.334602 87.290172 -124
13.862401 87.047475 -124
15.390200 86.804518 -124
16.908607 86.508252 -124
18.427013 86.211980 -124
19.933994 85.863161 -124
21.441229 85.513833 -124
22.935262 85.111959 -124
24.429297 84.710332 -124
25.908606 84.256407 -124
27.387663 83.802742 -124
28.850217 83.297286 -124
30.312770 82.791823 -124
31.756792 82.235593 -124
33.200813 81.679357 -124
34.624778 81.072606 -124
36.048488 80.466110 -124
37.450369 79.809849 -124
38.852247 79.153843 -124
40.230517 78.448847 -124
41.608529 77.744100 -124
42.961412 76.991367 -124
44.314294 76.238640 -124
45.640265 75.489211 -124
46.965981 74.651943 -124
-47.107389 72.095458 -123
-45.870779 72.898959 -123
-45.226199 73.294493 -123
-44.575780 73.680122 -123
-43.280781 74.461285 -123
-41.959635 75.196496 -123
-41.301599 75.569178 -123
-40.638233 75.931707 -123
-39.292205 76.620210 -123
-37.946178 77.308960 -123
-37.264025 77.634680 -123
-36.577051 77.949478 -123
-35.207920 78.590503 -123
-33.817214 79.183042 -123
-33.124143 79.484638 -123
-32.426505 79.775580 -123
-31.016247 80.318863 -123
-29.605739 80.862400 -123
-28.893628 81.114746 -123
-28.177457 81.356179 -123
-26.748921 81.849710 -123
-25.304392 82.292968 -123
-24.583650 82.520182 -123
-23.859609 82.736227 -123
-22.400355 83.128711 -123
-20.941102 83.521196 -123
-20.206397 83.697381 -123
-19.469155 83.862150 -123
-17.997207 84.203097 -123
-16.514344 84.492509 -123
-15.773801 84.642805 -123
-15.031227 84.781672 -123
-13.539223 85.019038 -123
-12.046966 85.256156 -123
-11.298045 85.354147 -123
-10.547601 85.440721 -123
-9.048236 85.625795 -123
-7.543285 85.757807 -123
-6.791318 85.829654 -123
-6.038335 85.890073 -123
-4.529576 85.969284 -123
-3.021071 86.048742 -123
-2.265804 86.067529 -123
-1.510536 86.075146 -123
0.000000 86.101295 -123
1.510536 86.075146 -123
2.265804 86.067529 -123
3.021071 86.048742 -123
4.529576 85.969284 -123
6.038335 85.890073 -123
6.791318 85.829654 -123
7.543285 85.757807 -123
9.048236 85.625795 -123
10.547601 85.440721 -123
11.298045 85.354147 -123
12.046966 85.256156 -123
13.539223 85.019038 -123
15.031227 84.781672 -123
15.773801 84.642805 -123
16.514344 84.492509 -123
17.997207 84.203097 -123
19.469155 83.862150 -123
20.206397 83.697381 -123
20.941102 83.521196 -123
22.400355 83.128711 -123
23.859609 82.736227 -123
24.583650 82.520182 -123
25.304392 82.292968 -123
26.748921 81.849710 -123
28.177457 81.356179 -123
28.893628 81.114746 -123
29.605739 80.862400 -123
31.016247 80.318863 -123
32.426505 79.775580 -123
33.124143 79.484638 -123
33.817214 79.183042 -123
35.207920 78.590503 -123
36.577051 77.949478 -123
37.264025 77.634680 -123
37.946178 77.308960 -123
39.292205 76.620210 -123
40.638233 75.931707 -123
41.301599 75.569178 -123
41.959635 75.196496 -123
43.280781 74.461285 -123
44.575780 73.680122 -123
45.226199 73.294493 -123
45.870779 72.898959 -123
47.107389 72.095458 -123
-49.664637 67.850213 -122
-47.856056 69.128712 -122
-46.012187 70.342728 -122
-44.146231 71.532112 -122
-42.247271 72.671237 -122
-40.315563 73.752726 -122
-38.353897 74.778879 -122
-36.374207 75.768978 -122
-34.367098 76.702210 -122
-32.333079 77.575017 -122
-30.275452 78.389439 -122
-28.203603 79.166289 -122
-26.110180 79.883978 -122
-23.996699 80.538459 -122
-21.865449 81.132522 -122
-19.724041 81.687482 -122
-17.567402 82.181515 -122
-15.397309 82.610562 -122
-13.215791 82.977659 -122
-11.028180 83.304897 -122
-8.832191 83.569943 -122
-6.629094 83.769229 -122
-4.421427 83.905561 -122
-2.211729 84.001525 -122
0.000000 84.034523 -122
2.211729 84.001525 -122
4.421427 83.905561 -122
6.629094 83.769229 -122
8.832191 83.569943 -122
11.028180 83.304897 -122
13.215791 82.977659 -122
15.397309 82.610562 -122
17.567402 82.181515 -122
19.724041 81.687482 -122
21.865449 81.132522 -122
23.996699 80.538459 -122
26.110180 79.883978 -122
28.203603 79.166289 -122
30.275452 78.389439 -122
32.333079 77.575017 -122
34.367098 76.702210 -122
36.374207 75.768978 -122
38.353897 74.778879 -122
40.315563 73.752726 -122
42.247271 72.671237 -122
44.146231 71.532112 -122
46.012187 70.342728 -122
47.856056 69.128712 -122
49.664637 67.850213 -122
-49.543539 65.365829 -121
-48.424472 66.143181 -121
-46.661081 67.389946 -121
-44.863164 68.586440 -121
-43.043920 69.749173 -121
-41.192433 70.860115 -121
-39.308708 71.914953 -121
-37.396294 72.915458 -121
-35.465854 73.880932 -121
-33.509014 74.791064 -121
-31.525769 75.642042 -121
-29.519676 76.436407 -121
-27.499364 77.193702 -121
-25.458238 77.893627 -121
-23.397309 78.531858 -121
-21.319625 79.110940 -121
-19.231532 79.652196 -121
-17.128713 80.134044 -121
-15.012693 80.552423 -121
-12.885758 80.910639 -121
-10.752983 81.229751 -121
-8.611576 81.487943 -121
-6.463570 81.682152 -121
-4.310993 81.815180 -121
-2.156385 81.908603 -121
0.000000 81.941100 -121
2.156385 81.908603 -121
4.310993 81.815180 -121
6.463570 81.682152 -121
8.611576 81.487943 -121
10.752983 81.229751 -121
12.885758 80.910639 -121
15.012693 80.552423 -121
17.128713 80.134044 -121
19.231532 79.652196 -121
21.319625 79.110940 -121
23.397309 78.531858 -121
25.458238 77.893627 -121
27.499364 77.193702 -121
29.519676 76.436407 -121
31.525769 75.642042 -121
33.509014 74.791064 -121
35.465854 73.880932 -121
37.396294 72.915458 -121
39.308708 71.914953 -121
41.192433 70.860115 -121
43.043920 69.749173 -121
44.863164 68.586440 -121
46.661081 67.389946 -121
48.424472 66.143181 -121
49.543539 65.365829 -121
-50.511044 61.871792 -120
-48.865955 63.241688 -120
-47.184310 64.435894 -120
-45.466109 65.651435 -120
-43.714141 66.816957 -120
-41.941608 67.950243 -120
-40.137345 69.032748 -120
-38.302106 70.060674 -120
-36.438438 71.035798 -120
-34.557501 71.976387 -120
-32.650672 72.863673 -120
-30.718456 73.692816 -120
-28.763646 74.466870 -120
-26.795125 75.205130 -120
-24.806296 75.887026 -120
-22.798173 76.508757 -120
-20.773547 77.073367 -120
-18.739020 77.600659 -120
-16.690022 78.070067 -120
-14.628333 78.477786 -120
-12.555725 78.826859 -120
-10.477532 79.137852 -120
-8.390962 79.389691 -120
-6.298045 79.578830 -120
-4.200559 79.708301 -120
-2.101295 79.799443 -120
0.000000 79.831177 -120
2.101295 79.799443 -120
4.200559 79.708301 -120
6.298045 79.578830 -120
8.390962 79.389691 -120
10.477532 79.137852 -120
12.555725 78.826859 -120
14.628333 78.477786 -120
16.690022 78.070067 -120
18.739020 77.600659 -120
20.773547 77.073367 -120
22.798173 76.508757 -120
24.806296 75.887026 -120
26.795125 75.205130 -120
28.763646 74.466870 -120
30.718456 73.692816 -120
32.650672 72.863673 -120
34.557501 71.976387 -120
36.438438 71.035798 -120
38.302106 70.060674 -120
40.137345 69.032748 -120
41.941608 67.950243 -120
43.714141 66.816957 -120
45.466109 65.651435 -120
47.184310 64.435894 -120
48.865955 63.241688 -120
50.511044 61.871792 -120
-51.221884 58.386649 -119
-49.161462 60.205382 -119
-47.560295 61.484390 -119
-45.923837 62.716931 -119
-44.251334 63.899975 -119
-42.546332 65.034526 -119
-40.821019 66.137850 -119
-39.064992 67.191417 -119
-37.278752 68.191929 -119
-35.464838 69.141152 -119
-33.634425 70.057122 -119
-31.778370 70.920286 -119
-29.897691 71.727598 -119
-27.995176 72.481087 -119
-26.079208 73.199799 -119
-24.143438 73.863162 -119
-22.189135 74.468649 -119
-20.218583 75.018278 -119
-18.238132 75.531606 -119
-16.244224 75.988574 -119
-14.237370 76.385379 -119
-12.220360 76.724802 -119
-10.197512 77.027669 -119
-8.166794 77.272659 -119
-6.129728 77.456715 -119
-4.088347 77.582889 -119
-2.045189 77.671744 -119
0.000000 77.702461 -119
2.045189 77.671744 -119
4.088347 77.582889 -119
6.129728 77.456715 -119
8.166794 77.272659 -119
10.197512 77.027669 -119
12.220360 76.724802 -119
14.237370 76.385379 -119
16.244224 75.988574 -119
18.238132 75.531606 -119
20.218583 75.018278 -119
22.189135 74.468649 -119
24.143438 73.863162 -119
26.079208 73.199799 -119
27.995176 72.481087 -119
29.897691 71.727598 -119
31.778370 70.920286 -119
33.634425 70.057122 -119
35.464838 69.141152 -119
37.278752 68.191929 -119
39.064992 67.191417 -119
40.821019 66.137850 -119
42.546332 65.034526 -119
44.251334 63.899975 -119
45.923837 62.716931 -119
47.560295 61.484390 -119
49.161462 60.205382 -119
51.221884 58.386649 -119
-50.844123 55.968014 -118
-49.346281 57.283826 -118
-47.811883 58.538972 -118
-46.254887 59.782942 -118
-44.663113 60.981723 -118
-43.036557 62.132518 -118
-41.378269 63.235849 -118
-39.700433 64.309213 -118
-37.992638 65.333841 -118
-36.255394 66.307187 -118
-34.491495 67.230514 -118
-32.711094 68.121352 -118
-30.906068 68.960901 -118
-29.076922 69.746384 -118
-27.226706 70.479054 -118
-25.363290 71.177963 -118
-23.480832 71.823556 -118
-21.580096 72.412289 -118
-19.663366 72.946938 -118
-17.737497 73.446307 -118
-15.798172 73.890583 -118
-13.846661 74.276720 -118
-11.884996 74.607007 -118
-9.917746 74.901495 -118
-7.942625 75.139629 -118
-5.961412 75.318864 -118
-3.976136 75.441480 -118
-1.989083 75.527800 -118
0.000000 75.557755 -118
1.989083 75.527800 -118
3.976136 75.441480 -118
5.961412 75.318864 -118
7.942625 75.139629 -118
9.917746 74.901495 -118
11.884996 74.607007 -118
13.846661 74.276720 -118
15.798172 73.890583 -118
17.737497 73.446307 -118
19.663366 72.946938 -118
21.580096 72.412289 -118
23.480832 71.823556 -118
25.363290 71.177963 -118
27.226706 70.479054 -118
29.076922 69.746384 -118
30.906068 68.960901 -118
32.711094 68.121352 -118
34.491495 67.230514 -118
36.255394 66.307187 -118
37.992638 65.333841 -118
39.700433 64.309213 -118
41.378269 63.235849 -118
43.036557 62.132518 -118
44.663113 60.981723 -118
46.254887 59.782942 -118
47.811883 58.538972 -118
49.346281 57.283826 -118
50.844123 55.968014 -118
-51.183549 52.517642 -117
-49.385378 54.348058 -117
-47.930439 55.626050 -117
-46.440214 56.862149 -117
-44.927645 58.070320 -117
-43.381824 59.235340 -117
-41.801979 60.353137 -117
-40.191165 61.425236 -117
-38.561311 62.467634 -117
-36.902767 63.463571 -117
-35.215283 64.408735 -117
-33.501904 65.305659 -117
-31.772532 66.171109 -117
-30.019293 66.986801 -117
-28.242701 67.749680 -117
-26.445543 68.461537 -117
-24.635695 69.140389 -117
-22.807058 69.767451 -117
-20.960904 70.339424 -117
-19.099264 70.858590 -117
-17.228739 71.343742 -117
-15.345011 71.775323 -117
-13.449353 72.150546 -117
-11.544047 72.471437 -117
-9.633156 72.757297 -117
-7.714649 72.988830 -117
-5.790556 73.162983 -117
-3.862148 73.282053 -117
-1.931962 73.365826 -117
0.000000 73.395025 -117
1.931962 73.365826 -117
3.862148 73.282053 -117
5.790556 73.162983 -117
7.714649 72.988830 -117
9.633156 72.757297 -117
11.544047 72.471437 -117
13.449353 72.150546 -117
15.345011 71.775323 -117
17.228739 71.343742 -117
19.099264 70.858590 -117
20.960904 70.339424 -117
22.807058 69.767451 -117
24.635695 69.140389 -117
26.445543 68.461537 -117
28.242701 67.749680 -117
30.019293 66.986801 -117
31.772532 66.171109 -117
33.501904 65.305659 -117
35.215283 64.408735 -117
36.902767 63.463571 -117
38.561311 62.467634 -117
40.191165 61.425236 -117
41.801979 60.353137 -117
43.381824 59.235340 -117
44.927645 58.070320 -117
46.440214 56.862149 -117
47.930439 55.626050 -117
49.385378 54.348058 -117
51.183549 52.517642 -117
-50.639250 50.142676 -116
-49.301345 51.358721 -116
-47.926884 52.727848 -116
-46.514851 53.968522 -116
-45.068545 55.168319 -116
-43.600661 56.340950 -116
-42.100278 57.471695 -116
-40.567148 58.556487 -116
-39.004062 59.597107 -116
-37.422441 60.609035 -116
-35.812644 61.575526 -116
-34.175172 62.493021 -116
-32.512314 63.363541 -116
-30.833969 64.203604 -116
-29.132776 64.995174 -116
-27.408479 65.735722 -116
-25.664381 66.426505 -116
-23.907844 67.085555 -116
-22.133537 67.694084 -116
-20.341711 68.249304 -116
-18.535161 68.753235 -116
-16.719727 69.223914 -116
-14.891851 69.643056 -116
-13.052044 70.007110 -116
-11.203097 70.318611 -116
-9.348565 70.596091 -116
-7.486926 70.820764 -116
-5.619447 70.989846 -116
-3.747906 71.105359 -116
-1.874841 71.186851 -116
0.000000 71.215027 -116
1.874841 71.186851 -116
3.747906 71.105359 -116
5.619447 70.989846 -116
7.486926 70.820764 -116
9.348565 70.596091 -116
11.203097 70.318611 -116
13.052044 70.007110 -116
14.891851 69.643056 -116
16.719727 69.223914 -116
18.535161 68.753235 -116
20.341711 68.249304 -116
22.133537 67.694084 -116
23.907844 67.085555 -116
25.664381 66.426505 -116
27.408479 65.735722 -116
29.132776 64.995174 -116
30.833969 64.203604 -116
32.512314 63.363541 -116
34.175172 62.493021 -116
35.812644 61.575526 -116
37.422441 60.609035 -116
39.004062 59.597107 -116
40.567148 58.556487 -116
42.100278 57.471695 -116
43.600661 56.340950 -116
45.068545 55.168319 -116
46.514851 53.968522 -116
47.926884 52.727848 -116
49.301345 51.358721 -116
50.639250 50.142676 -116
-50.729118 46.764663 -115
-49.072861 48.576290 -115
-47.776340 49.856816 -115
-46.444274 51.100024 -115
-45.076163 52.302614 -115
-43.674536 53.465347 -115
-42.252096 54.601930 -115
-40.798173 55.697891 -115
-39.312516 56.749432 -115
-37.797664 57.758063 -115
-36.265041 58.738765 -115
-34.705002 59.675555 -115
-33.118051 60.564862 -115
-31.506729 61.408730 -115
-29.880426 62.222644 -115
-28.231532 62.989843 -115
-26.560802 63.707538 -115
-24.870526 64.377255 -115
-23.168316 65.015739 -115
-21.448845 65.605737 -115
-19.712617 66.143689 -115
-17.961920 66.632137 -115
-16.202589 67.088350 -115
-14.431074 67.494544 -115
-12.648388 67.847169 -115
-10.856563 68.149020 -115
-9.059406 68.417872 -115
-7.255395 68.635696 -115
-5.445545 68.799442 -115
-3.632140 68.911651 -115
-1.816959 68.990354 -115
0.000000 69.017774 -115
1.816959 68.990354 -115
3.632140 68.911651 -115
5.445545 68.799442 -115
7.255395 68.635696 -115
9.059406 68.417872 -115
10.856563 68.149020 -115
12.648388 67.847169 -115
14.431074 67.494544 -115
16.202589 67.088350 -115
17.961920 66.632137 -115
19.712617 66.143689 -115
21.448845 65.605737 -115
23.168316 65.015739 -115
24.870526 64.377255 -115
26.560802 63.707538 -115
28.231532 62.989843 -115
29.880426 62.222644 -115
31.506729 61.408730 -115
33.118051 60.564862 -115
34.705002 59.675555 -115
36.265041 58.738765 -115
37.797664 57.758063 -115
39.312516 56.749432 -115
40.798173 55.697891 -115
42.252096 54.601930 -115
43.674536 53.465347 -115
45.076163 52.302614 -115
46.444274 51.100024 -115
47.776340 49.856816 -115
49.072861 48.576290 -115
50.729118 46.764663 -115
-49.935262 44.467630 -114
-48.739019 45.657526 -114
-48.335871 46.175425 -114
-47.506474 47.009900 -114
-46.677329 47.844376 -114
-46.251586 48.250062 -114
-44.961921 49.453668 -114
-43.637217 50.617922 -114
-43.191926 51.001522 -114
-42.280529 51.743842 -114
-41.369130 52.485908 -114
-40.903527 52.844378 -114
-39.496065 53.905562 -114
-38.057628 54.923837 -114
-37.574764 55.258184 -114
-36.591266 55.900480 -114
-35.607768 56.542522 -114
-35.107388 56.849964 -114
-33.597360 57.756792 -114
-32.060929 58.617922 -114
-31.546077 58.899722 -114
-30.501141 59.434879 -114
-29.456208 59.969788 -114
-28.926632 60.223152 -114
-27.330542 60.965980 -114
-25.713126 61.660829 -114
-25.171617 61.887027 -114
-24.076669 62.309218 -114
-22.981975 62.731404 -114
-22.429042 62.927392 -114
-20.764154 63.498603 -114
-19.083270 64.019548 -114
-18.521452 64.187359 -114
-17.388677 64.492514 -114
-16.255903 64.797159 -114
-15.685453 64.934248 -114
-13.970551 65.327494 -114
-12.244732 65.668950 -114
-11.668190 65.776846 -114
-10.510028 65.961157 -114
-9.351612 66.145468 -114
-8.770246 66.221629 -114
-7.023864 66.432598 -114
-5.271897 66.591013 -114
-4.687230 66.637982 -114
-3.516121 66.699671 -114
-2.345011 66.761106 -114
-1.758822 66.775833 -114
0.000000 66.802236 -114
1.758822 66.775833 -114
2.345011 66.761106 -114
3.516121 66.699671 -114
4.687230 66.637982 -114
5.271897 66.591013 -114
7.023864 66.432598 -114
8.770246 66.221629 -114
9.351612 66.145468 -114
10.510028 65.961157 -114
11.668190 65.776846 -114
12.244732 65.668950 -114
13.970551 65.327494 -114
15.685453 64.934248 -114
16.255903 64.797159 -114
17.388677 64.492514 -114
18.521452 64.187359 -114
19.083270 64.019548 -114
20.764154 63.498603 -114
22.429042 62.927392 -114
22.981975 62.731404 -114
24.076669 62.309218 -114
25.171617 61.887027 -114
25.713126 61.660829 -114
27.330542 60.965980 -114
28.926632 60.223152 -114
29.456208 59.969788 -114
30.501141 59.434879 -114
31.546077 58.899722 -114
32.060929 58.617922 -114
33.597360 57.756792 -114
35.107388 56.849964 -114
35.607768 56.542522 -114
36.591266 55.900480 -114
37.574764 55.258184 -114
38.057628 54.923837 -114
39.496065 53.905562 -114
40.903527 52.844378 -114
41.369130 52.485908 -114
42.280529 51.743842 -114
43.191926 51.001522 -114
43.637217 50.617922 -114
44.961921 49.453668 -114
46.251586 48.250062 -114
46.677329 47.844376 -114
47.506474 47.009900 -114
48.335871 46.175425 -114
48.739019 45.657526 -114
49.935262 44.467630 -114
-49.675551 41.290681 -113
-48.268851 42.967250 -113
-46.694086 44.614369 -113
-45.119574 46.250319 -113
-43.434883 47.781924 -113
-41.750446 49.302870 -113
-39.964203 50.712111 -113
-38.177963 52.110431 -113
-36.298554 53.390710 -113
-34.419397 54.659813 -113
-32.456206 55.804770 -113
-30.493273 56.938565 -113
-28.455699 57.942876 -113
-26.418380 58.936024 -113
-24.316578 59.794874 -113
-22.215029 60.642802 -113
-20.059152 61.351863 -113
-17.903276 62.050264 -113
-15.703732 62.606501 -113
-13.504189 63.152325 -113
-11.271896 63.552935 -113
-9.039604 63.943386 -113
-6.785224 64.186343 -113
-4.530845 64.419141 -113
-2.265296 64.503936 -113
0.000000 64.578065 -113
2.265296 64.503936 -113
4.530845 64.419141 -113
6.785224 64.186343 -113
9.039604 63.943386 -113
11.271896 63.552935 -113
13.504189 63.152325 -113
15.703732 62.606501 -113
17.903276 62.050264 -113
20.059152 61.351863 -113
22.215029 60.642802 -113
24.316578 59.794874 -113
26.418380 58.936024 -113
28.455699 57.942876 -113
30.493273 56.938565 -113
32.456206 55.804770 -113
34.419397 54.659813 -113
36.298554 53.390710 -113
38.177963 52.110431 -113
39.964203 50.712111 -113
41.750446 49.302870 -113
43.434883 47.781924 -113
45.119574 46.250319 -113
46.694086 44.614369 -113
48.268851 42.967250 -113
49.675551 41.290681 -113
-48.009138 39.790047 -112
-46.602438 41.466616 -112
-45.082001 43.052042 -112
-43.561818 44.636964 -112
-41.935262 46.111194 -112
-40.308962 47.584920 -112
-38.584411 48.940849 -112
-36.859864 50.296269 -112
-35.045442 51.527292 -112
-33.231022 52.758058 -112
-31.335620 53.858339 -112
-29.440468 54.958621 -112
-27.473472 55.923078 -112
-25.506220 56.887536 -112
-23.477025 57.711602 -112
-21.448084 58.535668 -112
-19.366590 59.215029 -112
-17.285097 59.894643 -112
-15.161715 60.426757 -112
-13.038081 60.958871 -112
-10.882712 61.340695 -112
-8.727596 61.722518 -112
-6.550901 61.952273 -112
-4.374460 62.182282 -112
-2.187103 62.258698 -112
0.000000 62.335616 -112
2.187103 62.258698 -112
4.374460 62.182282 -112
6.550901 61.952273 -112
8.727596 61.722518 -112
10.882712 61.340695 -112
13.038081 60.958871 -112
15.161715 60.426757 -112
17.285097 59.894643 -112
19.366590 59.215029 -112
21.448084 58.535668 -112
23.477025 57.711602 -112
25.506220 56.887536 -112
27.473472 55.923078 -112
29.440468 54.958621 -112
31.335620 53.858339 -112
33.231022 52.758058 -112
35.045442 51.527292 -112
36.859864 50.296269 -112
38.584411 48.940849 -112
40.308962 47.584920 -112
41.935262 46.111194 -112
43.561818 44.636964 -112
45.082001 43.052042 -112
46.602438 41.466616 -112
48.009138 39.790047 -112
-47.614116 36.703986 -111
-46.258695 38.332065 -111
-44.903021 39.959889 -111
-43.438183 41.487940 -111
-41.973342 43.015486 -111
-40.406448 44.436150 -111
-38.839299 45.856564 -111
-37.177457 47.163240 -111
-35.515866 48.469407 -111
-33.767707 49.655749 -111
-32.019294 50.841839 -111
-30.193198 51.902261 -111
-28.366844 52.962426 -111
-26.471693 53.892106 -111
-24.576288 54.821272 -111
-22.621223 55.615383 -111
-20.665906 56.409240 -111
-18.660321 57.064230 -111
-16.654988 57.719220 -111
-14.608784 58.231785 -111
-12.562579 58.744604 -111
-10.485910 59.112209 -111
-8.409241 59.480069 -111
-6.312008 59.701698 -111
-4.215029 59.923328 -111
-2.107388 59.997208 -111
0.000000 60.071083 -111
2.107388 59.997208 -111
4.215029 59.923328 -111
6.312008 59.701698 -111
8.409241 59.480069 -111
10.485910 59.112209 -111
12.562579 58.744604 -111
14.608784 58.231785 -111
16.654988 57.719220 -111
18.660321 57.064230 -111
20.665906 56.409240 -111
22.621223 55.615383 -111
24.576288 54.821272 -111
26.471693 53.892106 -111
28.366844 52.962426 -111
30.193198 51.902261 -111
32.019294 50.841839 -111
33.767707 49.655749 -111
35.515866 48.469407 -111
37.177457 47.163240 -111
38.839299 45.856564 -111
40.406448 44.436150 -111
41.973342 43.015486 -111
43.438183 41.487940 -111
44.903021 39.959889 -111
46.258695 38.332065 -111
47.614116 36.703986 -111
-47.004824 33.664383 -110
-45.812136 35.296013 -110
-44.507998 36.863164 -110
-43.203860 38.429805 -110
-41.794365 39.900481 -110
-40.385124 41.370652 -110
-38.877380 42.738003 -110
-37.369383 44.104850 -110
-35.770754 45.362527 -110
-34.171872 46.619446 -110
-32.489719 47.761359 -110
-30.807820 48.902768 -110
-29.050522 49.923330 -110
-27.293475 50.943642 -110
-25.469916 51.838031 -110
-23.646357 52.732416 -110
-21.765169 53.496572 -110
-19.883980 54.260728 -110
-17.954302 54.890833 -110
-16.024626 55.521198 -110
-14.055851 56.014468 -110
-12.087332 56.507745 -110
-10.089109 56.861895 -110
-8.091140 57.215790 -110
-6.073115 57.429040 -110
-4.055344 57.642042 -110
-2.027672 57.713381 -110
0.000000 57.784460 -110
2.027672 57.713381 -110
4.055344 57.642042 -110
6.073115 57.429040 -110
8.091140 57.215790 -110
10.089109 56.861895 -110
12.087332 56.507745 -110
14.055851 56.014468 -110
16.024626 55.521198 -110
17.954302 54.890833 -110
19.883980 54.260728 -110
21.765169 53.496572 -110
23.646357 52.732416 -110
25.469916 51.838031 -110
27.293475 50.943642 -110
29.050522 49.923330 -110
30.807820 48.902768 -110
32.489719 47.761359 -110
34.171872 46.619446 -110
35.770754 45.362527 -110
37.369383 44.104850 -110
38.877380 42.738003 -110
40.385124 41.370652 -110
41.794365 39.900481 -110
43.203860 38.429805 -110
44.507998 36.863164 -110
45.812136 35.296013 -110
47.004824 33.664383 -110
-45.128205 32.300837 -110
-43.983244 33.890834 -110
-42.731151 35.396040 -110
-41.478801 36.900483 -110
-40.125668 38.312770 -110
-38.772531 39.725058 -110
-37.324955 41.037826 -110
-35.877379 42.350598 -110
-34.342473 43.558010 -110
-32.807566 44.765170 -110
-31.192436 45.861640 -110
-29.577559 46.957604 -110
-27.890581 47.937548 -110
-26.203860 48.917237 -110
-24.452907 49.776087 -110
-22.702208 50.634679 -110
-20.896166 51.368622 -110
-19.089871 52.102058 -110
-17.237369 52.707283 -110
-15.384870 53.312261 -110
-13.494796 53.785729 -110
-11.604722 54.259457 -110
-9.686215 54.599643 -110
-7.767962 54.939326 -110
-5.830668 55.143948 -110
-3.893374 55.348564 -110
-1.946687 55.416860 -110
0.000000 55.485404 -110
1.946687 55.416860 -110
3.893374 55.348564 -110
5.830668 55.143948 -110
7.767962 54.939326 -110
9.686215 54.599643 -110
11.604722 54.259457 -110
13.494796 53.785729 -110
15.384870 53.312261 -110
17.237369 52.707283 -110
19.089871 52.102058 -110
20.896166 51.368622 -110
22.702208 50.634679 -110
24.452907 49.776087 -110
26.203860 48.917237 -110
27.890581 47.937548 -110
29.577559 46.957604 -110
31.192436 45.861640 -110
32.807566 44.765170 -110
34.342473 43.558010 -110
35.877379 42.350598 -110
37.324955 41.037826 -110
38.772531 39.725058 -110
40.125668 38.312770 -110
41.478801 36.900483 -110
42.731151 35.396040 -110
43.983244 33.890834 -110
45.128205 32.300837 -110
-44.348820 29.412289 -109
-43.251334 30.937294 -109
-42.154099 32.461793 -109
-40.954051 33.905053 -109
-39.753999 35.347295 -109
-38.456967 36.701448 -109
-37.160193 38.055344 -109
-35.772784 39.313784 -109
-34.385376 40.572481 -109
-32.914191 41.729880 -109
-31.443007 42.887280 -109
-29.895404 43.938309 -109
-28.347550 44.989083 -109
-26.730898 45.928408 -109
-25.113988 46.867733 -109
-23.436152 47.691040 -109
-21.758060 48.514343 -109
-20.027164 49.217569 -109
-18.296014 49.920792 -109
-16.520436 50.501142 -109
-14.745113 51.080984 -109
-12.933486 51.534906 -109
-11.122112 51.989083 -109
-9.283574 52.315053 -109
-7.445037 52.640772 -109
-5.588220 52.837014 -109
-3.731658 53.033003 -109
-1.865702 53.098503 -109
0.000000 53.164252 -109
1.865702 53.098503 -109
3.731658 53.033003 -109
5.588220 52.837014 -109
7.445037 52.640772 -109
9.283574 52.315053 -109
11.122112 51.989083 -109
12.933486 51.534906 -109
14.745113 51.080984 -109
16.520436 50.501142 -109
18.296014 49.920792 -109
20.027164 49.217569 -109
21.758060 48.514343 -109
23.436152 47.691040 -109
25.113988 46.867733 -109
26.730898 45.928408 -109
28.347550 44.989083 -109
29.895404 43.938309 -109
31.443007 42.887280 -109
32.914191 41.729880 -109
34.385376 40.572481 -109
35.772784 39.313784 -109
37.160193 38.055344 -109
38.456967 36.701448 -109
39.753999 35.347295 -109
40.954051 33.905053 -109
42.154099 32.461793 -109
43.251334 30.937294 -109
44.348820 29.412289 -109
-43.298554 26.677836 -108
-42.396293 28.121603 -108
-41.347297 29.580602 -108
-40.298298 31.038588 -108
-39.151054 32.418633 -108
-38.003807 33.798171 -108
-36.764154 35.092915 -108
-35.524246 36.387409 -108
-34.198021 37.591012 -108
-32.871794 38.794364 -108
-31.465348 39.900989 -108
-30.058899 41.007617 -108
-28.579335 42.012440 -108
-27.099771 43.017011 -108
-25.553948 43.915206 -108
-24.008378 44.813152 -108
-22.404418 45.600154 -108
-20.800203 46.387156 -108
-19.145469 47.059661 -108
-17.490734 47.731913 -108
-15.793348 48.286621 -108
-14.095963 48.841076 -108
-12.364052 49.275196 -108
-10.632394 49.709318 -108
-8.874841 50.020562 -108
-7.117289 50.332063 -108
-5.342219 50.519674 -108
-3.567403 50.707286 -108
-1.783702 50.769737 -108
0.000000 50.832446 -108
1.783702 50.769737 -108
3.567403 50.707286 -108
5.342219 50.519674 -108
7.117289 50.332063 -108
8.874841 50.020562 -108
10.632394 49.709318 -108
12.364052 49.275196 -108
14.095963 48.841076 -108
15.793348 48.286621 -108
17.490734 47.731913 -108
19.145469 47.059661 -108
20.800203 46.387156 -108
22.404418 45.600154 -108
24.008378 44.813152 -108
25.553948 43.915206 -108
27.099771 43.017011 -108
28.579335 42.012440 -108
30.058899 41.007617 -108
31.465348 39.900989 -108
32.871794 38.794364 -108
34.198021 37.591012 -108
35.524246 36.387409 -108
36.764154 35.092915 -108
38.003807 33.798171 -108
39.151054 32.418633 -108
40.298298 31.038588 -108
41.347297 29.580602 -108
42.396293 28.121603 -108
43.298554 26.677836 -108
-41.346281 25.361005 -107
-40.444020 26.804772 -107
-39.443261 28.197260 -107
-38.442498 29.588728 -107
-37.348312 30.905814 -107
-36.253873 32.222391 -107
-35.071083 33.457985 -107
-33.888550 34.693322 -107
-32.623255 35.842091 -107
-31.357957 36.990354 -107
-30.016247 38.046459 -107
-28.674791 39.102564 -107
-27.263265 40.061437 -107
-25.851739 41.019802 -107
-24.377252 41.876873 -107
-22.902768 42.733689 -107
-21.372683 43.484640 -107
-19.842346 44.235845 -107
-18.263772 44.877379 -107
-16.685199 45.519167 -107
-15.066007 46.048235 -107
-13.446813 46.577305 -107
-11.794872 46.991622 -107
-10.142930 47.405688 -107
-8.466108 47.702971 -107
-6.789541 47.999999 -107
-5.096217 48.178980 -107
-3.403148 48.357958 -107
-1.701447 48.417620 -107
0.000000 48.477533 -107
1.701447 48.417620 -107
3.403148 48.357958 -107
5.096217 48.178980 -107
6.789541 47.999999 -107
8.466108 47.702971 -107
10.142930 47.405688 -107
11.794872 46.991622 -107
13.446813 46.577305 -107
15.066007 46.048235 -107
16.685199 45.519167 -107
18.263772 44.877379 -107
19.842346 44.235845 -107
21.372683 43.484640 -107
22.902768 42.733689 -107
24.377252 41.876873 -107
25.851739 41.019802 -107
27.263265 40.061437 -107
28.674791 39.102564 -107
30.016247 38.046459 -107
31.357957 36.990354 -107
32.623255 35.842091 -107
33.888550 34.693322 -107
35.071083 33.457985 -107
36.253873 32.222391 -107
37.348312 30.905814 -107
38.442498 29.588728 -107
39.443261 28.197260 -107
40.444020 26.804772 -107
41.346281 25.361005 -107
-40.180756 22.718965 -107
-39.322672 24.109420 -107
-38.464585 25.499112 -107
-37.512821 26.824066 -107
-36.561056 28.148261 -107
-35.520437 29.401371 -107
-34.479564 30.653718 -107
-33.354658 31.829399 -107
-32.230009 33.004317 -107
-31.026657 34.096978 -107
-29.823305 35.189388 -107
-28.547347 36.193956 -107
-27.271388 37.198273 -107
-25.928917 38.110435 -107
-24.586444 39.022086 -107
-23.184310 39.837267 -107
-21.781924 40.652197 -107
-20.326732 41.366338 -107
-18.871288 42.080733 -107
-17.369891 42.690784 -107
-15.868749 43.301092 -107
-14.328763 43.804264 -107
-12.788779 44.307439 -107
-11.217568 44.701448 -107
-9.646357 45.095203 -107
-8.051790 45.378016 -107
-6.457223 45.660572 -107
-4.846915 45.830922 -107
-3.236354 46.001015 -107
-1.618177 46.057882 -107
0.000000 46.114749 -107
1.618177 46.057882 -107
3.236354 46.001015 -107
4.846915 45.830922 -107
6.457223 45.660572 -107
8.051790 45.378016 -107
9.646357 45.095203 -107
11.217568 44.701448 -107
12.788779 44.307439 -107
14.328763 43.804264 -107
15.868749 43.301092 -107
17.369891 42.690784 -107
18.871288 42.080733 -107
20.326732 41.366338 -107
21.781924 40.652197 -107
23.184310 39.837267 -107
24.586444 39.022086 -107
25.928917 38.110435 -107
27.271388 37.198273 -107
28.547347 36.193956 -107
29.823305 35.189388 -107
31.026657 34.096978 -107
32.230009 33.004317 -107
33.354658 31.829399 -107
34.479564 30.653718 -107
35.520437 29.401371 -107
36.561056 28.148261 -107
37.512821 26.824066 -107
38.464585 25.499112 -107
39.322672 24.109420 -107
40.180756 22.718965 -107
-38.834223 20.182788 -106
-38.113227 21.525260 -106
-37.299314 22.845138 -106
-36.485403 24.164003 -106
-35.582635 25.421426 -106
-34.679869 26.678090 -106
-33.692562 27.867481 -106
-32.705255 29.056106 -106
-31.638233 30.171616 -106
-30.571464 31.286875 -106
-29.430058 32.323686 -106
-28.288653 33.360496 -106
-27.078192 34.313531 -106
-25.867987 35.266566 -106
-24.594568 36.132013 -106
-23.321401 36.997206 -106
-21.991114 37.770755 -106
-20.661082 38.543793 -106
-19.280529 39.221628 -106
-17.900229 39.899467 -106
-16.476009 40.478547 -106
-15.052044 41.057375 -106
-13.591266 41.534906 -106
-12.130490 42.012440 -106
-10.640264 42.386138 -106
-9.150038 42.759839 -106
-7.637471 43.028180 -106
-6.124905 43.296270 -106
-4.597360 43.457986 -106
-3.069815 43.619194 -106
-1.534907 43.673014 -106
0.000000 43.727089 -106
1.534907 43.673014 -106
3.069815 43.619194 -106
4.597360 43.457986 -106
6.124905 43.296270 -106
7.637471 43.028180 -106
9.150038 42.759839 -106
10.640264 42.386138 -106
12.130490 42.012440 -106
13.591266 41.534906 -106
15.052044 41.057375 -106
16.476009 40.478547 -106
17.900229 39.899467 -106
19.280529 39.221628 -106
20.661082 38.543793 -106
21.991114 37.770755 -106
23.321401 36.997206 -106
24.594568 36.132013 -106
25.867987 35.266566 -106
27.078192 34.313531 -106
28.288653 33.360496 -106
29.430058 32.323686 -106
30.571464 31.286875 -106
31.638233 30.171616 -106
32.705255 29.056106 -106
33.692562 27.867481 -106
34.679869 26.678090 -106
35.582635 25.421426 -106
36.485403 24.164003 -106
37.299314 22.845138 -106
38.113227 21.525260 -106
38.834223 20.182788 -106
-36.700178 19.048237 -105
-36.018787 20.349075 -105
-35.249555 21.597613 -105
-34.480326 22.844630 -105
-33.627061 24.033767 -105
-32.774054 25.221629 -105
-31.841076 26.346027 -105
-30.908098 27.469663 -105
-29.899721 28.524246 -105
-28.891344 29.578319 -105
-27.812644 30.558008 -105
-26.733944 31.537955 -105
-25.590251 32.438690 -105
-24.446560 33.339426 -105
-23.243209 34.157399 -105
-22.039858 34.974868 -105
-20.782686 35.705762 -105
-19.525768 36.436659 -105
-18.221122 37.077176 -105
-16.916477 37.717694 -105
-15.570704 38.264788 -105
-14.224930 38.811882 -105
-12.844377 39.263264 -105
-11.464077 39.714394 -105
-10.055598 40.067530 -105
-8.647118 40.420666 -105
-7.217822 40.674284 -105
-5.788271 40.927647 -105
-4.344758 41.080224 -105
-2.901244 41.232801 -105
-1.450622 41.283829 -105
0.000000 41.334604 -105
1.450622 41.283829 -105
2.901244 41.232801 -105
4.344758 41.080224 -105
5.788271 40.927647 -105
7.217822 40.674284 -105
8.647118 40.420666 -105
10.055598 40.067530 -105
11.464077 39.714394 -105
12.844377 39.263264 -105
14.224930 38.811882 -105
15.570704 38.264788 -105
16.916477 37.717694 -105
18.221122 37.077176 -105
19.525768 36.436659 -105
20.782686 35.705762 -105
22.039858 34.974868 -105
23.243209 34.157399 -105
24.446560 33.339426 -105
25.590251 32.438690 -105
26.733944 31.537955 -105
27.812644 30.558008 -105
28.891344 29.578319 -105
29.899721 28.524246 -105
30.908098 27.469663 -105
31.841076 26.346027 -105
32.774054 25.221629 -105
33.627061 24.033767 -105
34.480326 22.844630 -105
35.249555 21.597613 -105
36.018787 20.349075 -105
36.700178 19.048237 -105
-35.207920 16.686215 -105
-34.566135 17.913429 -105
-33.924347 19.139884 -105
-33.199797 20.316832 -105
-32.475246 21.492259 -105
-31.671745 22.613099 -105
-30.868241 23.732926 -105
-29.989592 24.792589 -105
-29.110689 25.851486 -105
-28.160955 26.845140 -105
-27.211475 27.838539 -105
-26.195480 28.761870 -105
-25.179487 29.685201 -105
-24.102311 30.534145 -105
-23.024880 31.382839 -105
-21.891597 32.153847 -105
-20.758314 32.924093 -105
-19.574258 33.612592 -105
-18.390201 34.301346 -105
-17.161462 34.904799 -105
-15.932725 35.508252 -105
-14.665397 36.023863 -105
-13.397816 36.539478 -105
-12.097486 36.964459 -105
-10.797410 37.389694 -105
-9.470932 37.722265 -105
-8.144453 38.055090 -105
-6.798172 38.293984 -105
-5.451638 38.532624 -105
-4.092155 38.676567 -105
-2.732419 38.820259 -105
-1.366337 38.868241 -105
0.000000 38.916223 -105
1.366337 38.868241 -105
2.732419 38.820259 -105
4.092155 38.676567 -105
5.451638 38.532624 -105
6.798172 38.293984 -105
8.144453 38.055090 -105
9.470932 37.722265 -105
10.797410 37.389694 -105
12.097486 36.964459 -105
13.397816 36.539478 -105
14.665397 36.023863 -105
15.932725 35.508252 -105
17.161462 34.904799 -105
18.390201 34.301346 -105
19.574258 33.612592 -105
20.758314 32.924093 -105
21.891597 32.153847 -105
23.024880 31.382839 -105
24.102311 30.534145 -105
25.179487 29.685201 -105
26.195480 28.761870 -105
27.211475 27.838539 -105
28.160955 26.845140 -105
29.110689 25.851486 -105
29.989592 24.792589 -105
30.868241 23.732926 -105
31.671745 22.613099 -105
32.475246 21.492259 -105
33.199797 20.316832 -105
33.924347 19.139884 -105
34.566135 17.913429 -105
35.207920 16.686215 -105
-33.008122 15.650926 -104
-32.406448 16.802996 -104
-31.804774 17.953797 -104
-31.125413 19.057630 -104
-30.446307 20.160447 -104
-29.693069 21.211475 -104
-28.939580 22.261742 -104
-28.115765 23.255396 -104
-27.291953 24.248287 -104
-26.401624 25.180248 -104
-25.511298 26.111450 -104
-24.558771 26.977152 -104
-23.606245 27.842853 -104
-22.596344 28.638743 -104
-21.586443 29.434375 -104
-20.523737 30.156639 -104
-19.461285 30.878902 -104
-18.351358 31.524753 -104
-17.241432 32.170092 -104
-16.089363 32.735719 -104
-14.937294 33.301345 -104
-13.748921 33.784718 -104
-12.560549 34.267833 -104
-11.341711 34.666667 -104
-10.122874 35.064990 -104
-8.879157 35.376999 -104
-7.635441 35.688754 -104
-6.373445 35.912668 -104
-5.111196 36.136584 -104
-3.836507 36.271388 -104
-2.561818 36.406195 -104
-1.280782 36.451128 -104
0.000000 36.496318 -104
1.280782 36.451128 -104
2.561818 36.406195 -104
3.836507 36.271388 -104
5.111196 36.136584 -104
6.373445 35.912668 -104
7.635441 35.688754 -104
8.879157 35.376999 -104
10.122874 35.064990 -104
11.341711 34.666667 -104
12.560549 34.267833 -104
13.748921 33.784718 -104
14.937294 33.301345 -104
16.089363 32.735719 -104
17.241432 32.170092 -104
18.351358 31.524753 -104
19.461285 30.878902 -104
20.523737 30.156639 -104
21.586443 29.434375 -104
22.596344 28.638743 -104
23.606245 27.842853 -104
24.558771 26.977152 -104
25.511298 26.111450 -104
26.401624 25.180248 -104
27.291953 24.248287 -104
28.115765 23.255396 -104
28.939580 22.261742 -104
29.693069 21.211475 -104
30.446307 20.160447 -104
31.125413 19.057630 -104
31.804774 17.953797 -104
32.406448 16.802996 -104
33.008122 15.650926 -104
-31.294998 13.502411 -103
-30.808328 14.577811 -103
-30.246764 15.654735 -103
-29.685201 16.730135 -103
-29.051281 17.761615 -103
-28.417364 18.792078 -103
-27.714142 19.773801 -103
-27.011170 20.755015 -103
-26.242195 21.683168 -103
-25.473217 22.610561 -103
-24.642042 23.481088 -103
-23.811119 24.350852 -103
-22.922062 25.159686 -103
-22.033258 25.968012 -103
-21.090378 26.711349 -103
-20.147753 27.454431 -103
-19.156131 28.128967 -103
-18.164255 28.803505 -103
-17.128205 29.406447 -103
-16.092409 30.009138 -103
-15.017010 30.537192 -103
-13.941863 31.065500 -103
-12.832699 31.516881 -103
-11.723534 31.968011 -103
-10.585936 32.340442 -103
-9.448083 32.712365 -103
-8.287383 33.003809 -103
-7.126682 33.294998 -103
-5.948718 33.503934 -103
-4.770500 33.712870 -103
-3.580858 33.838792 -103
-2.390962 33.964712 -103
-1.195481 34.006601 -103
0.000000 34.048742 -103
1.195481 34.006601 -103
2.390962 33.964712 -103
3.580858 33.838792 -103
4.770500 33.712870 -103
5.948718 33.503934 -103
7.126682 33.294998 -103
8.287383 33.003809 -103
9.448083 32.712365 -103
10.585936 32.340442 -103
11.723534 31.968011 -103
12.832699 31.516881 -103
13.941863 31.065500 -103
15.017010 30.537192 -103
16.092409 30.009138 -103
17.128205 29.406447 -103
18.164255 28.803505 -103
19.156131 28.128967 -103
20.147753 27.454431 -103
21.090378 26.711349 -103
22.033258 25.968012 -103
22.922062 25.159686 -103
23.811119 24.350852 -103
24.642042 23.481088 -103
25.473217 22.610561 -103
26.242195 21.683168 -103
27.011170 20.755015 -103
27.714142 19.773801 -103
28.417364 18.792078 -103
29.051281 17.761615 -103
29.685201 16.730135 -103
30.246764 15.654735 -103
30.808328 14.577811 -103
31.294998 13.502411 -103
-29.512567 11.468138 -103
-29.060928 12.507744 -103
-28.609039 13.545063 -103
-28.087586 14.546331 -103
-27.565878 15.545569 -103
-26.977406 16.503934 -103
-26.388676 17.461286 -103
-25.735719 18.373445 -103
-25.082762 19.284590 -103
-24.368622 20.146740 -103
-23.654735 21.007870 -103
-22.882965 21.815945 -103
-22.111196 22.623763 -103
-21.285860 23.374714 -103
-20.460269 24.125414 -103
-19.584920 24.815689 -103
-18.709570 25.505459 -103
-17.788525 26.131761 -103
-16.867478 26.758060 -103
-15.905560 27.317848 -103
-14.943387 27.877379 -103
-13.945163 28.367861 -103
-12.946687 28.858339 -103
-11.916730 29.277481 -103
-10.886773 29.696369 -103
-9.830160 30.041888 -103
-8.773546 30.387407 -103
-7.695862 30.658035 -103
-6.617923 30.928155 -103
-5.523991 31.122367 -103
-4.430058 31.316325 -103
-3.325209 31.433105 -103
-2.220360 31.550140 -103
-1.110180 31.588983 -103
0.000000 31.628077 -103
1.110180 31.588983 -103
2.220360 31.550140 -103
3.325209 31.433105 -103
4.430058 31.316325 -103
5.523991 31.122367 -103
6.617923 30.928155 -103
7.695862 30.658035 -103
8.773546 30.387407 -103
9.830160 30.041888 -103
10.886773 29.696369 -103
11.916730 29.277481 -103
12.946687 28.858339 -103
13.945163 28.367861 -103
14.943387 27.877379 -103
15.905560 27.317848 -103
16.867478 26.758060 -103
17.788525 26.131761 -103
18.709570 25.505459 -103
19.584920 24.815689 -103
20.460269 24.125414 -103
21.285860 23.374714 -103
22.111196 22.623763 -103
22.882965 21.815945 -103
23.654735 21.007870 -103
24.368622 20.146740 -103
25.082762 19.284590 -103
25.735719 18.373445 -103
26.388676 17.461286 -103
26.977406 16.503934 -103
27.565878 15.545569 -103
28.087586 14.546331 -103
28.609039 13.545063 -103
29.060928 12.507744 -103
29.512567 11.468138 -103
-27.243717 10.551408 -102
-26.409495 12.472709 -102
-25.446813 14.322164 -102
-24.359989 16.092918 -102
-23.154354 17.778117 -102
-21.835999 19.370653 -102
-20.411272 20.863673 -102
-18.887280 22.250824 -102
-17.271135 23.525769 -102
-15.570704 24.682915 -102
-13.794618 25.716933 -102
-11.951257 26.623002 -102
-10.049758 27.397056 -102
-8.099264 28.035036 -102
-6.109165 28.534653 -102
-4.089363 28.893374 -102
-2.049759 29.108910 -102
0.000000 29.181009 -102
2.049759 29.108910 -102
4.089363 28.893374 -102
6.109165 28.534653 -102
8.099264 28.035036 -102
10.049758 27.397056 -102
11.951257 26.623002 -102
13.794618 25.716933 -102
15.570704 24.682915 -102
17.271135 23.525769 -102
18.887280 22.250824 -102
20.411272 20.863673 -102
21.835999 19.370653 -102
23.154354 17.778117 -102
24.359989 16.092918 -102
25.446813 14.322164 -102
26.409495 12.472709 -102
27.243717 10.551408 -102
-24.923839 9.669204 -102
-24.160701 11.429044 -102
-23.223153 13.095963 -102
-22.285606 14.741814 -102
-21.130997 16.249049 -102
-19.976644 17.739528 -102
-18.627824 19.063469 -102
-17.279005 20.373699 -102
-15.761868 21.491497 -102
-14.244986 22.597613 -102
-12.589236 23.489973 -102
-10.933486 24.371668 -102
-9.171617 25.022341 -102
-7.409494 25.663112 -102
-5.575273 26.060168 -102
-3.741051 26.447830 -102
-1.870526 26.583905 -102
0.000000 26.710841 -102
1.870526 26.583905 -102
3.741051 26.447830 -102
5.575273 26.060168 -102
7.409494 25.663112 -102
9.171617 25.022341 -102
10.933486 24.371668 -102
12.589236 23.489973 -102
14.244986 22.597613 -102
15.761868 21.491497 -102
17.279005 20.373699 -102
18.627824 19.063469 -102
19.976644 17.739528 -102
21.130997 16.249049 -102
22.285606 14.741814 -102
23.223153 13.095963 -102
24.160701 11.429044 -102
24.923839 9.669204 -102
-22.603960 8.731659 -102
-21.911906 10.332063 -102
-21.061437 11.840314 -102
-20.211221 13.342474 -102
-19.164255 14.705509 -102
-18.117289 16.065246 -102
-16.893882 17.261997 -102
-15.670729 18.456715 -102
-14.294745 19.466617 -102
-12.919015 20.475756 -102
-11.417365 21.280782 -102
-9.915968 22.085808 -102
-8.317848 22.671999 -102
-6.719726 23.257679 -102
-5.056359 23.613862 -102
-3.392993 23.970045 -102
-1.696370 24.089363 -102
0.000000 24.208684 -102
1.696370 24.089363 -102
3.392993 23.970045 -102
5.056359 23.613862 -102
6.719726 23.257679 -102
8.317848 22.671999 -102
9.915968 22.085808 -102
11.417365 21.280782 -102
12.919015 20.475756 -102
14.294745 19.466617 -102
15.670729 18.456715 -102
16.893882 17.261997 -102
18.117289 16.065246 -102
19.164255 14.705509 -102
20.211221 13.342474 -102
21.061437 11.840314 -102
21.911906 10.332063 -102
22.603960 8.731659 -102
-20.265296 7.846409 -101
-19.644834 9.282305 -101
-18.882458 10.634425 -101
-18.120081 11.980706 -101
-17.181519 13.202082 -101
-16.242701 14.420412 -101
-15.145976 15.492511 -101
-14.049252 16.563088 -101
-12.815689 17.468141 -101
-11.582382 18.372177 -101
-10.236101 19.093678 -101
-8.890073 19.814928 -101
-7.457222 20.340190 -101
-6.024625 20.865194 -101
-4.533130 21.184058 -101
-3.041889 21.503174 -101
-1.520944 21.610307 -101
0.000000 21.717189 -101
1.520944 21.610307 -101
3.041889 21.503174 -101
4.533130 21.184058 -101
6.024625 20.865194 -101
7.457222 20.340190 -101
8.890073 19.814928 -101
10.236101 19.093678 -101
11.582382 18.372177 -101
12.815689 17.468141 -101
14.049252 16.563088 -101
15.145976 15.492511 -101
16.242701 14.420412 -101
17.181519 13.202082 -101
18.120081 11.980706 -101
18.882458 10.634425 -101
19.644834 9.282305 -101
20.265296 7.846409 -101
-17.926631 6.901496 -101
-17.377761 8.176442 -101
-16.703224 9.376239 -101
-16.028941 10.570194 -101
-15.198527 11.652957 -101
-14.368367 12.732673 -101
-13.398071 13.682409 -101
-12.428028 14.630872 -101
-11.336887 15.432343 -101
-10.245747 16.233055 -101
-9.054837 16.872048 -101
-7.863925 17.510535 -101
-6.596598 17.975630 -101
-5.329271 18.440467 -101
-4.010155 18.723026 -101
-2.690784 19.005331 -101
-1.345519 19.100279 -101
0.000000 19.194721 -101
1.345519 19.100279 -101
2.690784 19.005331 -101
4.010155 18.723026 -101
5.329271 18.440467 -101
6.596598 17.975630 -101
7.863925 17.510535 -101
9.054837 16.872048 -101
10.245747 16.233055 -101
11.336887 15.432343 -101
12.428028 14.630872 -101
13.398071 13.682409 -101
14.368367 12.732673 -101
15.198527 11.652957 -101
16.028941 10.570194 -101
16.703224 9.376239 -101
17.377761 8.176442 -101
17.926631 6.901496 -101
-15.621224 6.033257 -100
-15.142675 7.143945 -100
-14.555217 8.188627 -100
-13.967504 9.228230 -100
-13.243970 10.170601 -100
-12.520436 11.110688 -100
-11.675045 11.937800 -100
-10.829652 12.763391 -100
-9.878903 13.461284 -100
-8.928154 14.158418 -100
-7.890327 14.714902 -100
-6.852754 15.270881 -100
-5.748413 15.676059 -100
-4.643818 16.080732 -100
-3.494288 16.326732 -100
-2.344758 16.572735 -100
-1.172379 16.655244 -100
0.000000 16.737752 -100
1.172379 16.655244 -100
2.344758 16.572735 -100
3.494288 16.326732 -100
4.643818 16.080732 -100
5.748413 15.676059 -100
6.852754 15.270881 -100
7.890327 14.714902 -100
8.928154 14.158418 -100
9.878903 13.461284 -100
10.829652 12.763391 -100
11.675045 11.937800 -100
12.520436 11.110688 -100
13.243970 10.170601 -100
13.967504 9.228230 -100
14.555217 8.188627 -100
15.142675 7.143945 -100
15.621224 6.033257 -100
-12.907845 6.054074 -100
-11.906068 7.838029 -100
-10.672506 9.447067 -100
-9.231277 10.858846 -100
-7.610307 12.049758 -100
-5.841330 12.999493 -100
-3.958619 13.690531 -100
-1.998731 14.110436 -100
0.000000 14.251332 -100
1.998731 14.110436 -100
3.958619 13.690531 -100
5.841330 12.999493 -100
7.610307 12.049758 -100
9.231277 10.858846 -100
10.672506 9.447067 -100
11.906068 7.838029 -100
12.907845 6.054074 -100
-10.597868 5.000761 -100
-9.680122 6.401879 -100
-8.762630 7.778370 -100
-7.505459 8.850977 -100
-6.248286 9.911145 -100
-4.749175 10.588221 -100
-3.250064 11.256410 -100
-1.625032 11.490225 -100
0.000000 11.715917 -100
1.625032 11.490225 -100
3.250064 11.256410 -100
4.749175 10.588221 -100
6.248286 9.911145 -100
7.505459 8.850977 -100
8.762630 7.778370 -100
9.680122 6.401879 -100
10.597868 5.000761 -100
-8.287637 3.874079 -100
-7.569941 4.971819 -100
-6.852501 6.058390 -100
-5.869256 6.896420 -100
-4.886266 7.731404 -100
-3.713887 8.258950 -100
-2.541508 8.785733 -100
-1.270881 8.965727 -100
0.000000 9.145721 -100
1.270881 8.965727 -100
2.541508 8.785733 -100
3.713887 8.258950 -100
4.886266 7.731404 -100
5.869256 6.896420 -100
6.852501 6.058390 -100
7.569941 4.971819 -100
8.287637 3.874079 -100
-5.638995 3.304647 -100
-4.921554 4.368623 -100
-4.215537 4.968519 -100
-3.509520 5.566641 -100
-2.667428 5.944656 -100
-1.825336 6.322417 -100
-0.912668 6.451383 -100
0.000000 6.580351 -100
0.912668 6.451383 -100
1.825336 6.322417 -100
2.667428 5.944656 -100
3.509520 5.566641 -100
4.215537 4.968519 -100
4.921554 4.368623 -100
5.638995 3.304647 -100
-2.990607 2.630111 -100
-2.132521 3.363289 -100
-1.109165 3.824575 -100
0.000000 3.981974 -100
1.109165 3.824575 -100
2.132521 3.363289 -100
2.990607 2.630111 -100
