# Active surface commands at 20.682368
# Zero points are On, FEM corrections are Off
-12.741051 103.255394 -1780
-10.929931 103.478548 1807
-9.111958 103.637726 1424
-7.293983 103.797412 -1209
-5.471693 103.893116 168
-3.649150 103.988833 891
-1.824575 104.021075 3621
0.000000 104.052809 2113
1.824575 104.021075 2403
3.649150 103.988833 -224
5.471693 103.893116 -1462
7.293983 103.797412 3112
9.111958 103.637726 14
10.929931 103.478548 570
12.741051 103.255394 -3451
-23.048235 99.466362 -2458
-21.336126 99.861387 -28
-19.578065 100.204114 -1713
-17.820005 100.546840 -1305
-16.051028 100.827872 1
-14.282051 101.109163 2747
-12.504442 101.327749 2064
-10.726834 101.546838 1453
-8.942625 101.703220 2650
-7.158416 101.859863 -2372
-5.369891 101.953794 685
-3.581366 102.047726 3441
-1.790810 102.079205 2926
0.000000 102.110431 17365
1.790810 102.079205 4342
3.581366 102.047726 2644
5.369891 101.953794 -40
7.158416 101.859863 2507
8.942625 101.703220 4842
10.726834 101.546838 8235
12.504442 101.327749 1195
14.282051 101.109163 4202
16.051028 100.827872 920
17.820005 100.546840 -5943
19.578065 100.204114 2877
21.336126 99.861387 2485
23.048235 99.466362 -3694
-29.431075 95.752474 -1375
-27.750698 96.268088 -3036
-26.053567 96.724041 1681
-24.356436 97.180501 1384
-22.644327 97.566385 -4603
-20.932217 97.961664 -5049
-19.207413 98.297790 2716
-17.482610 98.634170 -3198
-15.747145 98.909623 5051
-14.011678 99.185578 -2882
-12.267835 99.400352 1880
-10.523737 99.615127 -4563
-8.773292 99.768466 1894
-7.023103 99.922314 -2416
-5.268342 100.014472 -3004
-3.513582 100.106625 1539
-1.756791 100.137596 4639
0.000000 100.168314 5848
1.756791 100.137596 5319
3.513582 100.106625 1200
5.268342 100.014472 -6704
7.023103 99.922314 -3274
8.773292 99.768466 -6049
10.523737 99.615127 -932
12.267835 99.400352 -1719
14.011678 99.185578 1524
15.747145 98.909623 54
17.482610 98.634170 135
19.207413 98.297790 -2488
20.932217 97.961664 -148
22.644327 97.566385 2016
24.356436 97.180501 -5117
26.053567 96.724041 2253
27.750698 96.268088 -5982
29.431075 95.752474 -6136
-33.758314 92.233310 -676
-32.129727 92.795887 -4746
-30.500890 93.358464 1311
-28.853517 93.863672 194
-27.206144 94.368874 240
-25.542269 94.816198 1585
-23.878396 95.263517 735
-22.200051 95.651942 -3403
-20.521453 96.040875 -2320
-18.830413 96.370399 239
-17.139629 96.700178 -4834
-15.438182 96.970295 -5953
-13.736736 97.240672 -2223
-12.026910 97.451380 -3411
-10.317339 97.661841 -3403
-8.601167 97.812391 5022
-6.885250 97.963189 1260
-5.165016 98.053569 -799
-3.444783 98.143942 -1024
-1.722264 98.174158 -2823
0.000000 98.204367 1366
1.722264 98.174158 -2130
3.444783 98.143942 -6005
5.165016 98.053569 -4991
6.885250 97.963189 -214
8.601167 97.812391 2362
10.317339 97.661841 -337
12.026910 97.451380 -648
13.736736 97.240672 -382
15.438182 96.970295 131
17.139629 96.700178 -5165
18.830413 96.370399 840
20.521453 96.040875 431
22.200051 95.651942 -819
23.878396 95.263517 2363
25.542269 94.816198 -7917
27.206144 94.368874 -9403
28.853517 93.863672 -4907
30.500890 93.358464 -6840
32.129727 92.795887 -3318
33.758314 92.233310 -2967
-37.788525 88.513329 -3331
-36.234578 89.175168 2757
-34.658542 89.781925 -1687
-33.082762 90.376744 -2661
-31.486418 90.928152 -342
-29.890328 91.479560 -2541
-28.275959 91.974610 -5862
-26.661588 92.469659 -2758
-25.030972 92.908096 -267
-23.400355 93.346279 -1806
-21.755522 93.727340 862
-20.110687 94.108401 -436
-18.453669 94.431325 1523
-16.796395 94.754503 -562
-15.129221 95.019296 -672
-13.461793 95.284336 230
-11.786240 95.490731 176
-10.110688 95.696877 -2565
-8.429043 95.844632 -362
-6.747398 95.992127 -478
-5.061437 96.080728 -1127
-3.375730 96.169329 947
-1.687992 96.199036 122
0.000000 96.228737 1279
1.687992 96.199036 6500
3.375730 96.169329 5662
5.061437 96.080728 5154
6.747398 95.992127 3029
8.429043 95.844632 2412
10.110688 95.696877 3764
11.786240 95.490731 3252
13.461793 95.284336 5467
15.129221 95.019296 3162
16.796395 94.754503 2367
18.453669 94.431325 1381
20.110687 94.108401 4607
21.755522 93.727340 2194
23.400355 93.346279 1568
25.030972 92.908096 226
26.661588 92.469659 -1610
28.275959 91.974610 -1184
29.890328 91.479560 -147
31.486418 90.928152 -5460
33.082762 90.376744 -7121
34.658542 89.781925 -3038
36.234578 89.175168 -6129
37.788525 88.513329 -7065
-39.992131 85.333588 209
-38.525769 86.017008 4931
-37.004061 86.665143 -2276
-35.482357 87.313278 77
-33.939070 87.907589 -953
-32.395784 88.501900 -2631
-30.832953 89.041885 5823
-29.269864 89.581871 -187
-27.689008 90.067022 1454
-26.108150 90.551913 -813
-24.511297 90.980959 -507
-22.914699 91.410254 1871
-21.303884 91.783444 -309
-19.693322 92.156386 178
-18.070576 92.472709 978
-16.447830 92.789286 2027
-14.815182 93.048742 -618
-13.182280 93.308198 -654
-11.541508 93.510279 -600
-9.900736 93.712366 1108
-8.254126 93.856817 2804
-6.607261 94.001522 629
-4.956588 94.088345 1630
-3.305662 94.175173 1421
-1.652704 94.203857 966
0.000000 94.233050 -320
1.652704 94.203857 -2685
3.305662 94.175173 -4618
4.956588 94.088345 92
6.607261 94.001522 -2113
8.254126 93.856817 -4392
9.900736 93.712366 -4627
11.541508 93.510279 -1727
13.182280 93.308198 1362
14.815182 93.048742 -1172
16.447830 92.789286 349
18.070576 92.472709 923
19.693322 92.156386 979
21.303884 91.783444 -694
22.914699 91.410254 414
24.511297 90.980959 57
26.108150 90.551913 1349
27.689008 90.067022 -3751
29.269864 89.581871 -3079
30.832953 89.041885 -6311
32.395784 88.501900 -3841
33.939070 87.907589 -1692
35.482357 87.313278 166
37.004061 86.665143 -3251
38.525769 86.017008 -125
39.992131 85.333588 -7493
-43.525259 81.348821 -1464
-42.083525 82.085805 5436
-40.641787 82.823303 577
-39.175425 83.498858 -2630
-37.709063 84.182532 1795
-36.219597 84.816957 -213
-34.730135 85.451382 179
-33.219599 86.033253 139
-31.709064 86.614877 114
-30.179234 87.143439 1538
-28.649403 87.671995 2096
-27.102058 88.146988 1131
-25.554709 88.621479 1599
-23.991623 89.041631 1914
-22.428788 89.461790 3287
-20.852247 89.827114 3480
-19.275705 90.192179 3434
-17.687485 90.501901 3824
-16.099010 90.811629 1682
-14.500889 91.065755 3052
-12.902767 91.319626 3534
-11.297029 91.517387 -719
-9.691039 91.715154 -840
-8.078954 91.856816 1075
-6.467124 91.998224 -90
-4.851485 92.083268 1473
-3.235593 92.168317 1755
-1.617669 92.196493 2186
0.000000 92.224930 -1916
1.617669 92.196493 -1906
3.235593 92.168317 -3258
4.851485 92.083268 -3719
6.467124 91.998224 -1195
8.078954 91.856816 1678
9.691039 91.715154 -1700
11.297029 91.517387 -2836
12.902767 91.319626 -1940
14.500889 91.065755 -3436
16.099010 90.811629 -3471
17.687485 90.501901 -3518
19.275705 90.192179 969
20.852247 89.827114 195
22.428788 89.461790 -900
23.991623 89.041631 -2044
25.554709 88.621479 540
27.102058 88.146988 -2911
28.649403 87.671995 -4024
30.179234 87.143439 -2021
31.709064 86.614877 -3136
33.219599 86.033253 -4230
34.730135 85.451382 47
36.219597 84.816957 -1195
37.709063 84.182532 -868
39.175425 83.498858 -5713
40.641787 82.823303 -4496
42.083525 82.085805 -4410
43.525259 81.348821 -5217
-45.334856 78.006345 -114
-43.951002 78.776593 -1575
-42.566894 79.546588 -4628
-41.156894 80.267326 -3049
-39.747144 80.988573 -2297
-38.313024 81.659560 656
-36.878650 82.331049 40
-35.422189 82.951255 -3057
-33.965474 83.571716 -383
-32.488194 84.140900 -2205
-31.010917 84.710078 -2431
-29.514851 85.226957 71
-28.018533 85.744096 -1594
-26.505205 86.208174 -1095
-24.992130 86.672506 1458
-23.463569 87.083523 -2091
-21.935009 87.494540 1712
-20.393246 87.851739 -1815
-18.851231 88.208683 -243
-17.298045 88.511805 -1601
-15.744605 88.814672 -196
-14.181772 89.063213 -218
-12.618685 89.311500 2410
-11.048236 89.505201 -1132
-9.477533 89.698400 964
-7.901244 89.836759 -651
-6.324702 89.975371 -75
-4.744605 90.058388 158
-3.164255 90.141404 1014
-1.582127 90.169079 245
0.000000 90.197001 2642
1.582127 90.169079 1202
3.164255 90.141404 -2847
4.744605 90.058388 154
6.324702 89.975371 -766
7.901244 89.836759 661
9.477533 89.698400 211
11.048236 89.505201 -3196
12.618685 89.311500 101
14.181772 89.063213 -2147
15.744605 88.814672 640
17.298045 88.511805 -1368
18.851231 88.208683 -3099
20.393246 87.851739 -1721
21.935009 87.494540 -2076
23.463569 87.083523 -3278
24.992130 86.672506 1591
26.505205 86.208174 -2453
28.018533 85.744096 -2334
29.514851 85.226957 -2278
31.010917 84.710078 1098
32.488194 84.140900 -3043
33.965474 83.571716 -579
35.422189 82.951255 -2146
36.878650 82.331049 -1674
38.313024 81.659560 -3318
39.747144 80.988573 -1076
41.156894 80.267326 -3607
42.566894 79.546588 -5153
43.951002 78.776593 -3066
45.334856 78.006345 -1581
-46.965981 74.651943 -1315
-45.640265 75.489211 1872
-44.314294 76.238640 1369
-42.961412 76.991367 3532
-41.608529 77.744100 3542
-40.230517 78.448847 -23
-38.852247 79.153843 1189
-37.450369 79.809849 3908
-36.048488 80.466110 1929
-34.624778 81.072606 638
-33.200813 81.679357 -87
-31.756792 82.235593 -1188
-30.312770 82.791823 2231
-28.850217 83.297286 3281
-27.387663 83.802742 -407
-25.908606 84.256407 356
-24.429297 84.710332 2364
-22.935262 85.111959 1459
-21.441229 85.513833 2368
-19.933994 85.863161 -189
-18.427013 86.211980 815
-16.908607 86.508252 2068
-15.390200 86.804518 1761
-13.862401 87.047475 696
-12.334602 87.290172 4019
-10.799442 87.479311 2909
-9.264281 87.668444 1009
-7.723280 87.803753 -117
-6.182534 87.939069 1729
-4.637725 88.020307 697
-3.093171 88.101550 3627
-1.546585 88.128456 1441
0.000000 88.155622 3059
1.546585 88.128456 -425
3.093171 88.101550 1683
4.637725 88.020307 2271
6.182534 87.939069 2108
7.723280 87.803753 1602
9.264281 87.668444 -2576
10.799442 87.479311 1835
12.334602 87.290172 454
13.862401 87.047475 3552
15.390200 86.804518 4130
16.908607 86.508252 4445
18.427013 86.211980 3883
19.933994 85.863161 483
21.441229 85.513833 5363
22.935262 85.111959 480
24.429297 84.710332 2818
25.908606 84.256407 7
27.387663 83.802742 -1317
28.850217 83.297286 2003
30.312770 82.791823 6302
31.756792 82.235593 -122
33.200813 81.679357 -2124
34.624778 81.072606 -4633
36.048488 80.466110 -751
37.450369 79.809849 2626
38.852247 79.153843 1231
40.230517 78.448847 178
41.608529 77.744100 236
42.961412 76.991367 -2308
44.314294 76.238640 -2434
45.640265 75.489211 -4583
46.965981 74.651943 -2505
-47.107389 72.095458 2260
-45.870779 72.898959 5344
-45.226199 73.294493 4965
-44.575780 73.680122 3829
-43.280781 74.461285 -79
-41.959635 75.196496 -1386
-41.301599 75.569178 -2110
-40.638233 75.931707 -1370
-39.292205 76.620210 -598
-37.946178 77.308960 406
-37.264025 77.634680 -212
-36.577051 77.949478 -335
-35.207920 78.590503 -3016
-33.817214 79.183042 -366
-33.124143 79.484638 448
-32.426505 79.775580 -1298
-31.016247 80.318863 -1388
-29.605739 80.862400 1102
-28.893628 81.114746 990
-28.177457 81.356179 1693
-26.748921 81.849710 1865
-25.304392 82.292968 1824
-24.583650 82.520182 1255
-23.859609 82.736227 1721
-22.400355 83.128711 -301
-20.941102 83.521196 2604
-20.206397 83.697381 2383
-19.469155 83.862150 2659
-17.997207 84.203097 1792
-16.514344 84.492509 1231
-15.773801 84.642805 1111
-15.031227 84.781672 1492
-13.539223 85.019038 -480
-12.046966 85.256156 1014
-11.298045 85.354147 988
-10.547601 85.440721 258
-9.048236 85.625795 -1379
-7.543285 85.757807 -2598
-6.791318 85.829654 -3410
-6.038335 85.890073 -4847
-4.529576 85.969284 -519
-3.021071 86.048742 1266
-2.265804 86.067529 1170
-1.510536 86.075146 1442
0.000000 86.101295 2203
1.510536 86.075146 2653
2.265804 86.067529 1472
3.021071 86.048742 1732
4.529576 85.969284 -270
6.038335 85.890073 2796
6.791318 85.829654 3500
7.543285 85.757807 3044
9.048236 85.625795 620
10.547601 85.440721 686
11.298045 85.354147 -873
12.046966 85.256156 781
13.539223 85.019038 -1376
15.031227 84.781672 -824
15.773801 84.642805 -1681
16.514344 84.492509 -618
17.997207 84.203097 -712
19.469155 83.862150 1115
20.206397 83.697381 670
20.941102 83.521196 1734
22.400355 83.128711 -695
23.859609 82.736227 -1659
24.583650 82.520182 -1660
25.304392 82.292968 -339
26.748921 81.849710 -1605
28.177457 81.356179 -1148
28.893628 81.114746 -2948
29.605739 80.862400 -1750
31.016247 80.318863 -2317
32.426505 79.775580 347
33.124143 79.484638 -12
33.817214 79.183042 -60
35.207920 78.590503 160
36.577051 77.949478 805
37.264025 77.634680 -113
37.946178 77.308960 1328
39.292205 76.620210 158
40.638233 75.931707 2047
41.301599 75.569178 667
41.959635 75.196496 76
43.280781 74.461285 -4113
44.575780 73.680122 767
45.226199 73.294493 983
45.870779 72.898959 -85
47.107389 72.095458 -1446
-49.664637 67.850213 -1943
-47.856056 69.128712 -518
-46.012187 70.342728 2654
-44.146231 71.532112 4207
-42.247271 72.671237 491
-40.315563 73.752726 1394
-38.353897 74.778879 -1222
-36.374207 75.768978 1055
-34.367098 76.702210 -52
-32.333079 77.575017 -1942
-30.275452 78.389439 452
-28.203603 79.166289 -1055
-26.110180 79.883978 3699
-23.996699 80.538459 2388
-21.865449 81.132522 78
-19.724041 81.687482 1204
-17.567402 82.181515 -1129
-15.397309 82.610562 3978
-13.215791 82.977659 2767
-11.028180 83.304897 7175
-8.832191 83.569943 3430
-6.629094 83.769229 3321
-4.421427 83.905561 4316
-2.211729 84.001525 5221
0.000000 84.034523 -1949
2.211729 84.001525 3535
4.421427 83.905561 542
6.629094 83.769229 3338
8.832191 83.569943 3405
11.028180 83.304897 1260
13.215791 82.977659 380
15.397309 82.610562 252
17.567402 82.181515 3623
19.724041 81.687482 2023
21.865449 81.132522 -358
23.996699 80.538459 598
26.110180 79.883978 -371
28.203603 79.166289 1592
30.275452 78.389439 1970
32.333079 77.575017 1789
34.367098 76.702210 -3298
36.374207 75.768978 -120
38.353897 74.778879 -2320
40.315563 73.752726 -1658
42.247271 72.671237 -1583
44.146231 71.532112 -2424
46.012187 70.342728 29
47.856056 69.128712 -565
49.664637 67.850213 -376
-49.543539 65.365829 -1971
-48.424472 66.143181 4454
-46.661081 67.389946 805
-44.863164 68.586440 3394
-43.043920 69.749173 1051
-41.192433 70.860115 -1660
-39.308708 71.914953 -372
-37.396294 72.915458 1422
-35.465854 73.880932 662
-33.509014 74.791064 -1074
-31.525769 75.642042 142
-29.519676 76.436407 1210
-27.499364 77.193702 2234
-25.458238 77.893627 3245
-23.397309 78.531858 5677
-21.319625 79.110940 2413
-19.231532 79.652196 2232
-17.128713 80.134044 4137
-15.012693 80.552423 -1112
-12.885758 80.910639 187
-10.752983 81.229751 -3031
-8.611576 81.487943 -251
-6.463570 81.682152 -989
-4.310993 81.815180 1480
-2.156385 81.908603 2770
0.000000 81.941100 4366
2.156385 81.908603 4887
4.310993 81.815180 502
6.463570 81.682152 1541
8.611576 81.487943 3289
10.752983 81.229751 3018
12.885758 80.910639 -818
15.012693 80.552423 2560
17.128713 80.134044 2382
19.231532 79.652196 4327
21.319625 79.110940 5177
23.397309 78.531858 1944
25.458238 77.893627 3442
27.499364 77.193702 3296
29.519676 76.436407 1128
31.525769 75.642042 -1212
33.509014 74.791064 -493
35.465854 73.880932 2921
37.396294 72.915458 -3089
39.308708 71.914953 -1039
41.192433 70.860115 -3234
43.043920 69.749173 -3740
44.863164 68.586440 -5432
46.661081 67.389946 -4164
48.424472 66.143181 -2396
49.543539 65.365829 -780
-50.511044 61.871792 -152
-48.865955 63.241688 -580
-47.184310 64.435894 -949
-45.466109 65.651435 -781
-43.714141 66.816957 -1494
-41.941608 67.950243 -2271
-40.137345 69.032748 -1569
-38.302106 70.060674 -271
-36.438438 71.035798 -2485
-34.557501 71.976387 985
-32.650672 72.863673 164
-30.718456 73.692816 -395
-28.763646 74.466870 1855
-26.795125 75.205130 3091
-24.806296 75.887026 2949
-22.798173 76.508757 899
-20.773547 77.073367 1213
-18.739020 77.600659 4646
-16.690022 78.070067 1880
-14.628333 78.477786 3001
-12.555725 78.826859 1450
-10.477532 79.137852 1190
-8.390962 79.389691 2322
-6.298045 79.578830 5419
-4.200559 79.708301 -328
-2.101295 79.799443 1124
0.000000 79.831177 631
2.101295 79.799443 1008
4.200559 79.708301 3100
6.298045 79.578830 2189
8.390962 79.389691 2670
10.477532 79.137852 2933
12.555725 78.826859 899
14.628333 78.477786 1544
16.690022 78.070067 -206
18.739020 77.600659 2963
20.773547 77.073367 1788
22.798173 76.508757 -418
24.806296 75.887026 298
26.795125 75.205130 2333
28.763646 74.466870 3957
30.718456 73.692816 2690
32.650672 72.863673 143
34.557501 71.976387 702
36.438438 71.035798 -1160
38.302106 70.060674 -559
40.137345 69.032748 -3208
41.941608 67.950243 -4215
43.714141 66.816957 -5519
45.466109 65.651435 -5315
47.184310 64.435894 -2231
48.865955 63.241688 -2779
50.511044 61.871792 -3725
-51.221884 58.386649 -857
-49.161462 60.205382 177
-47.560295 61.484390 2707
-45.923837 62.716931 2158
-44.251334 63.899975 445
-42.546332 65.034526 -1091
-40.821019 66.137850 1779
-39.064992 67.191417 664
-37.278752 68.191929 1099
-35.464838 69.141152 1586
-33.634425 70.057122 -868
-31.778370 70.920286 364
-29.897691 71.727598 -573
-27.995176 72.481087 2752
-26.079208 73.199799 -137
-24.143438 73.863162 2067
-22.189135 74.468649 4583
-20.218583 75.018278 2171
-18.238132 75.531606 4445
-16.244224 75.988574 3486
-14.237370 76.385379 705
-12.220360 76.724802 4986
-10.197512 77.027669 2077
-8.166794 77.272659 -497
-6.129728 77.456715 -754
-4.088347 77.582889 -540
-2.045189 77.671744 -224
0.000000 77.702461 -1090
2.045189 77.671744 -1088
4.088347 77.582889 2681
6.129728 77.456715 3604
8.166794 77.272659 5318
10.197512 77.027669 2053
12.220360 76.724802 2061
14.237370 76.385379 -331
16.244224 75.988574 4852
18.238132 75.531606 1681
20.218583 75.018278 -547
22.189135 74.468649 1270
24.143438 73.863162 705
26.079208 73.199799 -913
27.995176 72.481087 -1446
29.897691 71.727598 -1177
31.778370 70.920286 -801
33.634425 70.057122 -2231
35.464838 69.141152 -3507
37.278752 68.191929 -3362
39.064992 67.191417 -4439
40.821019 66.137850 -3428
42.546332 65.034526 -1158
44.251334 63.899975 -3978
45.923837 62.716931 -2698
47.560295 61.484390 -6740
49.161462 60.205382 -5596
51.221884 58.386649 -839
-50.844123 55.968014 -4740
-49.346281 57.283826 2169
-47.811883 58.538972 -2607
-46.254887 59.782942 -2048
-44.663113 60.981723 -182
-43.036557 62.132518 -1166
-41.378269 63.235849 2621
-39.700433 64.309213 823
-37.992638 65.333841 -2220
-36.255394 66.307187 1481
-34.491495 67.230514 1812
-32.711094 68.121352 1503
-30.906068 68.960901 3220
-29.076922 69.746384 2112
-27.226706 70.479054 -74
-25.363290 71.177963 -87
-23.480832 71.823556 1793
-21.580096 72.412289 117
-19.663366 72.946938 3251
-17.737497 73.446307 1260
-15.798172 73.890583 2674
-13.846661 74.276720 -259
-11.884996 74.607007 2171
-9.917746 74.901495 -774
-7.942625 75.139629 965
-5.961412 75.318864 3554
-3.976136 75.441480 530
-1.989083 75.527800 -443
0.000000 75.557755 1063
1.989083 75.527800 -1489
3.976136 75.441480 1219
5.961412 75.318864 1083
7.942625 75.139629 6438
9.917746 74.901495 3245
11.884996 74.607007 5257
13.846661 74.276720 5996
15.798172 73.890583 2118
17.737497 73.446307 1188
19.663366 72.946938 1537
21.580096 72.412289 4579
23.480832 71.823556 469
25.363290 71.177963 -1992
27.226706 70.479054 -929
29.076922 69.746384 1248
30.906068 68.960901 1520
32.711094 68.121352 -720
34.491495 67.230514 -140
36.255394 66.307187 530
37.992638 65.333841 -1666
39.700433 64.309213 -3376
41.378269 63.235849 851
43.036557 62.132518 -2369
44.663113 60.981723 -2836
46.254887 59.782942 -993
47.811883 58.538972 -541
49.346281 57.283826 -911
50.844123 55.968014 858
-51.183549 52.517642 -6190
-49.385378 54.348058 -1440
-47.930439 55.626050 28
-46.440214 56.862149 6434
-44.927645 58.070320 855
-43.381824 59.235340 -860
-41.801979 60.353137 -604
-40.191165 61.425236 2789
-38.561311 62.467634 1572
-36.902767 63.463571 2565
-35.215283 64.408735 3578
-33.501904 65.305659 2107
-31.772532 66.171109 3071
-30.019293 66.986801 2478
-28.242701 67.749680 1301
-26.445543 68.461537 1041
-24.635695 69.140389 1262
-22.807058 69.767451 2359
-20.960904 70.339424 2685
-19.099264 70.858590 3732
-17.228739 71.343742 3276
-15.345011 71.775323 2147
-13.449353 72.150546 -2512
-11.544047 72.471437 3198
-9.633156 72.757297 -1841
-7.714649 72.988830 -3581
-5.790556 73.162983 -472
-3.862148 73.282053 -209
-1.931962 73.365826 -61
0.000000 73.395025 -526
1.931962 73.365826 853
3.862148 73.282053 761
5.790556 73.162983 2588
7.714649 72.988830 2193
9.633156 72.757297 2713
11.544047 72.471437 -1760
13.449353 72.150546 53
15.345011 71.775323 25
17.228739 71.343742 55
19.099264 70.858590 -2015
20.960904 70.339424 -1469
22.807058 69.767451 2528
24.635695 69.140389 -319
26.445543 68.461537 -1727
28.242701 67.749680 -1065
30.019293 66.986801 -534
31.772532 66.171109 -1984
33.501904 65.305659 -3770
35.215283 64.408735 -4914
36.902767 63.463571 -7064
38.561311 62.467634 -4962
40.191165 61.425236 -3884
41.801979 60.353137 -2456
43.381824 59.235340 -2870
44.927645 58.070320 -3967
46.440214 56.862149 -3245
47.930439 55.626050 -4254
49.385378 54.348058 3741
51.183549 52.517642 -1982
-50.639250 50.142676 3273
-49.301345 51.358721 3219
-47.926884 52.727848 2514
-46.514851 53.968522 710
-45.068545 55.168319 -2243
-43.600661 56.340950 -842
-42.100278 57.471695 1444
-40.567148 58.556487 -1070
-39.004062 59.597107 2468
-37.422441 60.609035 3351
-35.812644 61.575526 151
-34.175172 62.493021 762
-32.512314 63.363541 4148
-30.833969 64.203604 345
-29.132776 64.995174 777
-27.408479 65.735722 2155
-25.664381 66.426505 -1533
-23.907844 67.085555 187
-22.133537 67.694084 -1953
-20.341711 68.249304 -1965
-18.535161 68.753235 1882
-16.719727 69.223914 3190
-14.891851 69.643056 -282
-13.052044 70.007110 702
-11.203097 70.318611 413
-9.348565 70.596091 -1181
-7.486926 70.820764 -1009
-5.619447 70.989846 -2585
-3.747906 71.105359 -303
-1.874841 71.186851 791
0.000000 71.215027 2717
1.874841 71.186851 -392
3.747906 71.105359 62
5.619447 70.989846 1291
7.486926 70.820764 -997
9.348565 70.596091 2461
11.203097 70.318611 4292
13.052044 70.007110 4415
14.891851 69.643056 3566
16.719727 69.223914 1746
18.535161 68.753235 4025
20.341711 68.249304 196
22.133537 67.694084 -360
23.907844 67.085555 1061
25.664381 66.426505 3393
27.408479 65.735722 6
29.132776 64.995174 7
30.833969 64.203604 479
32.512314 63.363541 264
34.175172 62.493021 3362
35.812644 61.575526 -2274
37.422441 60.609035 -3485
39.004062 59.597107 -1623
40.567148 58.556487 -4098
42.100278 57.471695 -1007
43.600661 56.340950 -2274
45.068545 55.168319 -1358
46.514851 53.968522 -2412
47.926884 52.727848 -6037
49.301345 51.358721 861
50.639250 50.142676 -2975
-50.729118 46.764663 317
-49.072861 48.576290 -91
-47.776340 49.856816 2046
-46.444274 51.100024 1311
-45.076163 52.302614 -13
-43.674536 53.465347 -2823
-42.252096 54.601930 -2135
-40.798173 55.697891 -689
-39.312516 56.749432 2826
-37.797664 57.758063 -539
-36.265041 58.738765 -730
-34.705002 59.675555 -1840
-33.118051 60.564862 1996
-31.506729 61.408730 -995
-29.880426 62.222644 363
-28.231532 62.989843 -2235
-26.560802 63.707538 -1489
-24.870526 64.377255 -313
-23.168316 65.015739 1472
-21.448845 65.605737 1985
-19.712617 66.143689 2617
-17.961920 66.632137 3807
-16.202589 67.088350 3120
-14.431074 67.494544 1483
-12.648388 67.847169 2766
-10.856563 68.149020 -538
-9.059406 68.417872 2614
-7.255395 68.635696 1557
-5.445545 68.799442 2203
-3.632140 68.911651 1577
-1.816959 68.990354 100
0.000000 69.017774 5057
1.816959 68.990354 2078
3.632140 68.911651 -1082
5.445545 68.799442 -2748
7.255395 68.635696 -770
9.059406 68.417872 1814
10.856563 68.149020 -1573
12.648388 67.847169 507
14.431074 67.494544 134
16.202589 67.088350 -404
17.961920 66.632137 37
19.712617 66.143689 -4230
21.448845 65.605737 -1886
23.168316 65.015739 426
24.870526 64.377255 569
26.560802 63.707538 -2347
28.231532 62.989843 -2677
29.880426 62.222644 -4361
31.506729 61.408730 491
33.118051 60.564862 -3157
34.705002 59.675555 -3179
36.265041 58.738765 -3944
37.797664 57.758063 -4450
39.312516 56.749432 -2076
40.798173 55.697891 -4635
42.252096 54.601930 -7979
43.674536 53.465347 -4795
45.076163 52.302614 -3015
46.444274 51.100024 -2642
47.776340 49.856816 -5403
49.072861 48.576290 -5730
50.729118 46.764663 -802
-49.935262 44.467630 662
-48.739019 45.657526 -1531
-48.335871 46.175425 18
-47.506474 47.009900 710
-46.677329 47.844376 2971
-46.251586 48.250062 -1394
-44.961921 49.453668 2467
-43.637217 50.617922 654
-43.191926 51.001522 -2107
-42.280529 51.743842 -621
-41.369130 52.485908 -626
-40.903527 52.844378 -276
-39.496065 53.905562 -784
-38.057628 54.923837 -168
-37.574764 55.258184 -359
-36.591266 55.900480 -64
-35.607768 56.542522 781
-35.107388 56.849964 1769
-33.597360 57.756792 -191
-32.060929 58.617922 -490
-31.546077 58.899722 -1964
-30.501141 59.434879 120
-29.456208 59.969788 1026
-28.926632 60.223152 2733
-27.330542 60.965980 2690
-25.713126 61.660829 1301
-25.171617 61.887027 743
-24.076669 62.309218 -264
-22.981975 62.731404 85
-22.429042 62.927392 746
-20.764154 63.498603 1736
-19.083270 64.019548 1235
-18.521452 64.187359 184
-17.388677 64.492514 1126
-16.255903 64.797159 1181
-15.685453 64.934248 1771
-13.970551 65.327494 202
-12.244732 65.668950 1023
-11.668190 65.776846 -70
-10.510028 65.961157 1812
-9.351612 66.145468 181
-8.770246 66.221629 445
-7.023864 66.432598 -1612
-5.271897 66.591013 498
-4.687230 66.637982 617
-3.516121 66.699671 872
-2.345011 66.761106 -557
-1.758822 66.775833 2199
0.000000 66.802236 2027
1.758822 66.775833 -3168
2.345011 66.761106 -2487
3.516121 66.699671 -1604
4.687230 66.637982 439
5.271897 66.591013 -181
7.023864 66.432598 -3618
8.770246 66.221629 132
9.351612 66.145468 362
10.510028 65.961157 609
11.668190 65.776846 -2385
12.244732 65.668950 -352
13.970551 65.327494 -1378
15.685453 64.934248 -502
16.255903 64.797159 -21
17.388677 64.492514 -997
18.521452 64.187359 -3052
19.083270 64.019548 -2215
20.764154 63.498603 -447
22.429042 62.927392 -1749
22.981975 62.731404 -233
24.076669 62.309218 -419
25.171617 61.887027 -217
25.713126 61.660829 1297
27.330542 60.965980 -24
28.926632 60.223152 276
29.456208 59.969788 159
30.501141 59.434879 -160
31.546077 58.899722 -1906
32.060929 58.617922 -2770
33.597360 57.756792 -4867
35.107388 56.849964 -1637
35.607768 56.542522 -1867
36.591266 55.900480 -1182
37.574764 55.258184 -3762
38.057628 54.923837 -3054
39.496065 53.905562 -1951
40.903527 52.844378 -4701
41.369130 52.485908 -5068
42.280529 51.743842 -4944
43.191926 51.001522 -4998
43.637217 50.617922 -5006
44.961921 49.453668 -4900
46.251586 48.250062 -4426
46.677329 47.844376 -6277
47.506474 47.009900 -3809
48.335871 46.175425 -7014
48.739019 45.657526 -4677
49.935262 44.467630 -3652
-49.675551 41.290681 -955
-48.268851 42.967250 606
-46.694086 44.614369 -4297
-45.119574 46.250319 1810
-43.434883 47.781924 -392
-41.750446 49.302870 266
-39.964203 50.712111 -1600
-38.177963 52.110431 -1469
-36.298554 53.390710 -3363
-34.419397 54.659813 -1492
-32.456206 55.804770 1093
-30.493273 56.938565 -2097
-28.455699 57.942876 -2172
-26.418380 58.936024 -2724
-24.316578 59.794874 -1248
-22.215029 60.642802 2177
-20.059152 61.351863 1645
-17.903276 62.050264 -1254
-15.703732 62.606501 472
-13.504189 63.152325 -2343
-11.271896 63.552935 -1244
-9.039604 63.943386 -2650
-6.785224 64.186343 -1435
-4.530845 64.419141 -1401
-2.265296 64.503936 -5021
0.000000 64.578065 300
2.265296 64.503936 -668
4.530845 64.419141 1306
6.785224 64.186343 -757
9.039604 63.943386 -2276
11.271896 63.552935 -41
13.504189 63.152325 758
15.703732 62.606501 -1240
17.903276 62.050264 94
20.059152 61.351863 -765
22.215029 60.642802 1717
24.316578 59.794874 181
26.418380 58.936024 -1039
28.455699 57.942876 -1539
30.493273 56.938565 260
32.456206 55.804770 -3654
34.419397 54.659813 -795
36.298554 53.390710 -1820
38.177963 52.110431 -2448
39.964203 50.712111 -2928
41.750446 49.302870 -4316
43.434883 47.781924 379
45.119574 46.250319 -1215
46.694086 44.614369 -5095
48.268851 42.967250 -1692
49.675551 41.290681 -791
-48.009138 39.790047 -2937
-46.602438 41.466616 -4155
-45.082001 43.052042 -1534
-43.561818 44.636964 927
-41.935262 46.111194 -10538
-40.308962 47.584920 -1318
-38.584411 48.940849 -1762
-36.859864 50.296269 -1912
-35.045442 51.527292 3218
-33.231022 52.758058 3937
-31.335620 53.858339 1443
-29.440468 54.958621 156
-27.473472 55.923078 135
-25.506220 56.887536 1579
-23.477025 57.711602 -975
-21.448084 58.535668 3622
-19.366590 59.215029 1890
-17.285097 59.894643 1651
-15.161715 60.426757 1082
-13.038081 60.958871 -1389
-10.882712 61.340695 -2541
-8.727596 61.722518 -373
-6.550901 61.952273 -763
-4.374460 62.182282 -133
-2.187103 62.258698 -333
0.000000 62.335616 1498
2.187103 62.258698 2025
4.374460 62.182282 -2633
6.550901 61.952273 -2231
8.727596 61.722518 -919
10.882712 61.340695 1474
13.038081 60.958871 -323
15.161715 60.426757 316
17.285097 59.894643 -586
19.366590 59.215029 1740
21.448084 58.535668 -393
23.477025 57.711602 -1977
25.506220 56.887536 600
27.473472 55.923078 -1140
29.440468 54.958621 -175
31.335620 53.858339 -4020
33.231022 52.758058 -714
35.045442 51.527292 -1137
36.859864 50.296269 -4220
38.584411 48.940849 -1886
40.308962 47.584920 -2870
41.935262 46.111194 -2320
43.561818 44.636964 -5291
45.082001 43.052042 -1645
46.602438 41.466616 -3010
48.009138 39.790047 -75
-47.614116 36.703986 -587
-46.258695 38.332065 -312
-44.903021 39.959889 -2681
-43.438183 41.487940 -3087
-41.973342 43.015486 -2188
-40.406448 44.436150 -2542
-38.839299 45.856564 -1432
-37.177457 47.163240 -5
-35.515866 48.469407 13
-33.767707 49.655749 164
-32.019294 50.841839 -719
-30.193198 51.902261 1461
-28.366844 52.962426 2072
-26.471693 53.892106 516
-24.576288 54.821272 -696
-22.621223 55.615383 4062
-20.665906 56.409240 -1025
-18.660321 57.064230 -1509
-16.654988 57.719220 -3452
-14.608784 58.231785 189
-12.562579 58.744604 340
-10.485910 59.112209 -1920
-8.409241 59.480069 -2147
-6.312008 59.701698 3565
-4.215029 59.923328 -419
-2.107388 59.997208 599
0.000000 60.071083 -508
2.107388 59.997208 655
4.215029 59.923328 -971
6.312008 59.701698 447
8.409241 59.480069 -2006
10.485910 59.112209 -1243
12.562579 58.744604 -2405
14.608784 58.231785 -1573
16.654988 57.719220 325
18.660321 57.064230 -940
20.665906 56.409240 -1246
22.621223 55.615383 -2427
24.576288 54.821272 -608
26.471693 53.892106 -738
28.366844 52.962426 -1501
30.193198 51.902261 -1302
32.019294 50.841839 2511
33.767707 49.655749 -1357
35.515866 48.469407 -265
37.177457 47.163240 -1805
38.839299 45.856564 -4235
40.406448 44.436150 -180
41.973342 43.015486 -171
43.438183 41.487940 -1998
44.903021 39.959889 -287
46.258695 38.332065 -1892
47.614116 36.703986 -2900
-47.004824 33.664383 -1888
-45.812136 35.296013 1030
-44.507998 36.863164 494
-43.203860 38.429805 223
-41.794365 39.900481 -1537
-40.385124 41.370652 361
-38.877380 42.738003 -88
-37.369383 44.104850 2838
-35.770754 45.362527 -664
-34.171872 46.619446 974
-32.489719 47.761359 -1910
-30.807820 48.902768 -2036
-29.050522 49.923330 1479
-27.293475 50.943642 2051
-25.469916 51.838031 1292
-23.646357 52.732416 2338
-21.765169 53.496572 1051
-19.883980 54.260728 -934
-17.954302 54.890833 89
-16.024626 55.521198 -1002
-14.055851 56.014468 -136
-12.087332 56.507745 275
-10.089109 56.861895 -848
-8.091140 57.215790 -490
-6.073115 57.429040 1422
-4.055344 57.642042 3484
-2.027672 57.713381 2957
0.000000 57.784460 1517
2.027672 57.713381 89
4.055344 57.642042 -198
6.073115 57.429040 -3884
8.091140 57.215790 1030
10.089109 56.861895 616
12.087332 56.507745 -4483
14.055851 56.014468 2103
16.024626 55.521198 907
17.954302 54.890833 1446
19.883980 54.260728 629
21.765169 53.496572 222
23.646357 52.732416 232
25.469916 51.838031 -1472
27.293475 50.943642 -3002
29.050522 49.923330 -1212
30.807820 48.902768 -5528
32.489719 47.761359 -143
34.171872 46.619446 -2967
35.770754 45.362527 -4929
37.369383 44.104850 -4198
38.877380 42.738003 -7046
40.385124 41.370652 -3805
41.794365 39.900481 -6554
43.203860 38.429805 -4851
44.507998 36.863164 -592
45.812136 35.296013 -7499
47.004824 33.664383 -5997
-45.128205 32.300837 -1014
-43.983244 33.890834 -171
-42.731151 35.396040 -1144
-41.478801 36.900483 -1180
-40.125668 38.312770 -2040
-38.772531 39.725058 1463
-37.324955 41.037826 -822
-35.877379 42.350598 979
-34.342473 43.558010 -622
-32.807566 44.765170 -1071
-31.192436 45.861640 2286
-29.577559 46.957604 2786
-27.890581 47.937548 2097
-26.203860 48.917237 357
-24.452907 49.776087 3021
-22.702208 50.634679 2713
-20.896166 51.368622 2160
-19.089871 52.102058 3492
-17.237369 52.707283 3454
-15.384870 53.312261 3697
-13.494796 53.785729 1237
-11.604722 54.259457 1660
-9.686215 54.599643 891
-7.767962 54.939326 1632
-5.830668 55.143948 1454
-3.893374 55.348564 -866
-1.946687 55.416860 522
0.000000 55.485404 2178
1.946687 55.416860 -726
3.893374 55.348564 2231
5.830668 55.143948 -1148
7.767962 54.939326 -2287
9.686215 54.599643 -353
11.604722 54.259457 1505
13.494796 53.785729 -819
15.384870 53.312261 799
17.237369 52.707283 -300
19.089871 52.102058 -1144
20.896166 51.368622 -1405
22.702208 50.634679 -699
24.452907 49.776087 518
26.203860 48.917237 673
27.890581 47.937548 -170
29.577559 46.957604 -1744
31.192436 45.861640 -4675
32.807566 44.765170 -3766
34.342473 43.558010 -1299
35.877379 42.350598 -4591
37.324955 41.037826 -2429
38.772531 39.725058 -1131
40.125668 38.312770 -1052
41.478801 36.900483 2855
42.731151 35.396040 -6741
43.983244 33.890834 -6941
45.128205 32.300837 3387
-44.348820 29.412289 -5996
-43.251334 30.937294 -6542
-42.154099 32.461793 -4129
-40.954051 33.905053 1855
-39.753999 35.347295 -1967
-38.456967 36.701448 -2828
-37.160193 38.055344 -865
-35.772784 39.313784 -1036
-34.385376 40.572481 -1015
-32.914191 41.729880 809
-31.443007 42.887280 -994
-29.895404 43.938309 76
-28.347550 44.989083 1414
-26.730898 45.928408 584
-25.113988 46.867733 2895
-23.436152 47.691040 2944
-21.758060 48.514343 -918
-20.027164 49.217569 4613
-18.296014 49.920792 -1668
-16.520436 50.501142 -986
-14.745113 51.080984 1400
-12.933486 51.534906 147
-11.122112 51.989083 -322
-9.283574 52.315053 -970
-7.445037 52.640772 -2399
-5.588220 52.837014 -1333
-3.731658 53.033003 183
-1.865702 53.098503 -2824
0.000000 53.164252 -86
1.865702 53.098503 -1023
3.731658 53.033003 -1126
5.588220 52.837014 753
7.445037 52.640772 987
9.283574 52.315053 309
11.122112 51.989083 -224
12.933486 51.534906 -22
14.745113 51.080984 1582
16.520436 50.501142 762
18.296014 49.920792 -548
20.027164 49.217569 -381
21.758060 48.514343 1803
23.436152 47.691040 -621
25.113988 46.867733 1814
26.730898 45.928408 -128
28.347550 44.989083 -3471
29.895404 43.938309 292
31.443007 42.887280 -5301
32.914191 41.729880 -3600
34.385376 40.572481 -1018
35.772784 39.313784 558
37.160193 38.055344 -3975
38.456967 36.701448 -4534
39.753999 35.347295 -4234
40.954051 33.905053 -3307
42.154099 32.461793 -7029
43.251334 30.937294 -4492
44.348820 29.412289 -3463
-43.298554 26.677836 -5382
-42.396293 28.121603 -652
-41.347297 29.580602 -3161
-40.298298 31.038588 -1796
-39.151054 32.418633 201
-38.003807 33.798171 -1466
-36.764154 35.092915 -2210
-35.524246 36.387409 -1875
-34.198021 37.591012 -2220
-32.871794 38.794364 842
-31.465348 39.900989 -414
-30.058899 41.007617 740
-28.579335 42.012440 3427
-27.099771 43.017011 -51
-25.553948 43.915206 2258
-24.008378 44.813152 1496
-22.404418 45.600154 2339
-20.800203 46.387156 1309
-19.145469 47.059661 5282
-17.490734 47.731913 4219
-15.793348 48.286621 629
-14.095963 48.841076 3345
-12.364052 49.275196 1631
-10.632394 49.709318 4033
-8.874841 50.020562 1381
-7.117289 50.332063 -272
-5.342219 50.519674 85
-3.567403 50.707286 -3741
-1.783702 50.769737 -1221
0.000000 50.832446 -3465
1.783702 50.769737 -1198
3.567403 50.707286 1980
5.342219 50.519674 240
7.117289 50.332063 -370
8.874841 50.020562 601
10.632394 49.709318 -101
12.364052 49.275196 710
14.095963 48.841076 -1569
15.793348 48.286621 261
17.490734 47.731913 -1362
19.145469 47.059661 2598
20.800203 46.387156 1080
22.404418 45.600154 1142
24.008378 44.813152 1275
25.553948 43.915206 1533
27.099771 43.017011 173
28.579335 42.012440 -5152
30.058899 41.007617 -1118
31.465348 39.900989 -2862
32.871794 38.794364 325
34.198021 37.591012 -1483
35.524246 36.387409 -3446
36.764154 35.092915 -4468
38.003807 33.798171 -3510
39.151054 32.418633 -2156
40.298298 31.038588 2142
41.347297 29.580602 -3674
42.396293 28.121603 -1806
43.298554 26.677836 2672
-41.346281 25.361005 -4178
-40.444020 26.804772 -2661
-39.443261 28.197260 -4096
-38.442498 29.588728 -2332
-37.348312 30.905814 -6229
-36.253873 32.222391 -6240
-35.071083 33.457985 -3156
-33.888550 34.693322 570
-32.623255 35.842091 1831
-31.357957 36.990354 1914
-30.016247 38.046459 -2123
-28.674791 39.102564 -441
-27.263265 40.061437 -2097
-25.851739 41.019802 2572
-24.377252 41.876873 -2905
-22.902768 42.733689 -1560
-21.372683 43.484640 1028
-19.842346 44.235845 -3035
-18.263772 44.877379 -2771
-16.685199 45.519167 -1347
-15.066007 46.048235 5561
-13.446813 46.577305 392
-11.794872 46.991622 -82
-10.142930 47.405688 -1135
-8.466108 47.702971 -858
-6.789541 47.999999 -3245
-5.096217 48.178980 -3637
-3.403148 48.357958 -3173
-1.701447 48.417620 -3643
0.000000 48.477533 -771
1.701447 48.417620 -603
3.403148 48.357958 475
5.096217 48.178980 5662
6.789541 47.999999 1932
8.466108 47.702971 2229
10.142930 47.405688 929
11.794872 46.991622 1876
13.446813 46.577305 3635
15.066007 46.048235 -593
16.685199 45.519167 -217
18.263772 44.877379 1800
19.842346 44.235845 -2433
21.372683 43.484640 -364
22.902768 42.733689 -996
24.377252 41.876873 -55
25.851739 41.019802 3462
27.263265 40.061437 -3925
28.674791 39.102564 168
30.016247 38.046459 4052
31.357957 36.990354 1228
32.623255 35.842091 -2769
33.888550 34.693322 -2284
35.071083 33.457985 -3060
36.253873 32.222391 -6543
37.348312 30.905814 31
38.442498 29.588728 -1599
39.443261 28.197260 -3491
40.444020 26.804772 -9417
41.346281 25.361005 1447
-40.180756 22.718965 -2560
-39.322672 24.109420 -1339
-38.464585 25.499112 1817
-37.512821 26.824066 -1145
-36.561056 28.148261 -3328
-35.520437 29.401371 777
-34.479564 30.653718 -2076
-33.354658 31.829399 -1739
-32.230009 33.004317 -220
-31.026657 34.096978 -2273
-29.823305 35.189388 -370
-28.547347 36.193956 -1115
-27.271388 37.198273 -1703
-25.928917 38.110435 -1332
-24.586444 39.022086 -137
-23.184310 39.837267 190
-21.781924 40.652197 -152
-20.326732 41.366338 767
-18.871288 42.080733 -829
-17.369891 42.690784 102
-15.868749 43.301092 -1316
-14.328763 43.804264 723
-12.788779 44.307439 1085
-11.217568 44.701448 1050
-9.646357 45.095203 301
-8.051790 45.378016 -934
-6.457223 45.660572 -2722
-4.846915 45.830922 -1194
-3.236354 46.001015 -3749
-1.618177 46.057882 -4290
0.000000 46.114749 -3961
1.618177 46.057882 -7254
3.236354 46.001015 -2523
4.846915 45.830922 -2154
6.457223 45.660572 -2222
8.051790 45.378016 322
9.646357 45.095203 -3128
11.217568 44.701448 -1256
12.788779 44.307439 350
14.328763 43.804264 34
15.868749 43.301092 -1340
17.369891 42.690784 -1747
18.871288 42.080733 -3276
20.326732 41.366338 -1586
21.781924 40.652197 2559
23.184310 39.837267 323
24.586444 39.022086 -860
25.928917 38.110435 -17
27.271388 37.198273 -849
28.547347 36.193956 -2051
29.823305 35.189388 783
31.026657 34.096978 -3207
32.230009 33.004317 746
33.354658 31.829399 -5686
34.479564 30.653718 -2655
35.520437 29.401371 -3146
36.561056 28.148261 -1350
37.512821 26.824066 -1568
38.464585 25.499112 -9106
39.322672 24.109420 -1216
40.180756 22.718965 -10524
-38.834223 20.182788 -6926
-38.113227 21.525260 -4363
-37.299314 22.845138 95
-36.485403 24.164003 1733
-35.582635 25.421426 -36
-34.679869 26.678090 -3054
-33.692562 27.867481 -2449
-32.705255 29.056106 -1604
-31.638233 30.171616 -3773
-30.571464 31.286875 -7450
-29.430058 32.323686 -3858
-28.288653 33.360496 -1295
-27.078192 34.313531 -1207
-25.867987 35.266566 -2536
-24.594568 36.132013 1787
-23.321401 36.997206 98
-21.991114 37.770755 -728
-20.661082 38.543793 1835
-19.280529 39.221628 45
-17.900229 39.899467 1113
-16.476009 40.478547 -1919
-15.052044 41.057375 -270
-13.591266 41.534906 -2204
-12.130490 42.012440 1758
-10.640264 42.386138 799
-9.150038 42.759839 -12
-7.637471 43.028180 -1719
-6.124905 43.296270 601
-4.597360 43.457986 -3807
-3.069815 43.619194 -728
-1.534907 43.673014 -4883
0.000000 43.727089 -3007
1.534907 43.673014 -2155
3.069815 43.619194 -1113
4.597360 43.457986 3551
6.124905 43.296270 328
7.637471 43.028180 949
9.150038 42.759839 615
10.640264 42.386138 4460
12.130490 42.012440 2309
13.591266 41.534906 -2495
15.052044 41.057375 2736
16.476009 40.478547 -1649
17.900229 39.899467 -523
19.280529 39.221628 -3972
20.661082 38.543793 -1079
21.991114 37.770755 -101
23.321401 36.997206 -780
24.594568 36.132013 -1582
25.867987 35.266566 -103
27.078192 34.313531 -1281
28.288653 33.360496 -3465
29.430058 32.323686 -4169
30.571464 31.286875 -443
31.638233 30.171616 -3206
32.705255 29.056106 1062
33.692562 27.867481 -2026
34.679869 26.678090 -876
35.582635 25.421426 -3801
36.485403 24.164003 -5022
37.299314 22.845138 -14
38.113227 21.525260 -7570
38.834223 20.182788 -6522
-36.700178 19.048237 -504
-36.018787 20.349075 101
-35.249555 21.597613 -1501
-34.480326 22.844630 1048
-33.627061 24.033767 -277
-32.774054 25.221629 -1552
-31.841076 26.346027 1119
-30.908098 27.469663 3701
-29.899721 28.524246 1119
-28.891344 29.578319 477
-27.812644 30.558008 -2106
-26.733944 31.537955 1485
-25.590251 32.438690 2670
-24.446560 33.339426 4418
-23.243209 34.157399 -33
-22.039858 34.974868 -1616
-20.782686 35.705762 -2086
-19.525768 36.436659 1057
-18.221122 37.077176 -131
-16.916477 37.717694 4326
-15.570704 38.264788 3517
-14.224930 38.811882 628
-12.844377 39.263264 4873
-11.464077 39.714394 2278
-10.055598 40.067530 2223
-8.647118 40.420666 1661
-7.217822 40.674284 -720
-5.788271 40.927647 -809
-4.344758 41.080224 -1515
-2.901244 41.232801 -1831
-1.450622 41.283829 -1039
0.000000 41.334604 -3377
1.450622 41.283829 -3621
2.901244 41.232801 -1037
4.344758 41.080224 -1318
5.788271 40.927647 1862
7.217822 40.674284 2226
8.647118 40.420666 -1215
10.055598 40.067530 3120
11.464077 39.714394 2268
12.844377 39.263264 -2633
14.224930 38.811882 -1936
15.570704 38.264788 -1750
16.916477 37.717694 -1575
18.221122 37.077176 -3477
19.525768 36.436659 -1610
20.782686 35.705762 -5978
22.039858 34.974868 -2481
23.243209 34.157399 -1477
24.446560 33.339426 -2378
25.590251 32.438690 -2508
26.733944 31.537955 961
27.812644 30.558008 -2226
28.891344 29.578319 -1760
29.899721 28.524246 -3840
30.908098 27.469663 -1590
31.841076 26.346027 -2543
32.774054 25.221629 -2359
33.627061 24.033767 1250
34.480326 22.844630 -71
35.249555 21.597613 -4020
36.018787 20.349075 -5472
36.700178 19.048237 1370
-35.207920 16.686215 -2365
-34.566135 17.913429 1655
-33.924347 19.139884 2769
-33.199797 20.316832 2205
-32.475246 21.492259 186
-31.671745 22.613099 2228
-30.868241 23.732926 1530
-29.989592 24.792589 1078
-29.110689 25.851486 -527
-28.160955 26.845140 -2813
-27.211475 27.838539 -1671
-26.195480 28.761870 3755
-25.179487 29.685201 -1481
-24.102311 30.534145 -1360
-23.024880 31.382839 -4848
-21.891597 32.153847 -2818
-20.758314 32.924093 -187
-19.574258 33.612592 939
-18.390201 34.301346 1479
-17.161462 34.904799 2704
-15.932725 35.508252 1291
-14.665397 36.023863 2836
-13.397816 36.539478 726
-12.097486 36.964459 3385
-10.797410 37.389694 3412
-9.470932 37.722265 3510
-8.144453 38.055090 1661
-6.798172 38.293984 2248
-5.451638 38.532624 1353
-4.092155 38.676567 2274
-2.732419 38.820259 -1202
-1.366337 38.868241 102
0.000000 38.916223 -1813
1.366337 38.868241 2743
2.732419 38.820259 -5022
4.092155 38.676567 -2310
5.451638 38.532624 -2205
6.798172 38.293984 221
8.144453 38.055090 -1721
9.470932 37.722265 -1717
10.797410 37.389694 1080
12.097486 36.964459 504
13.397816 36.539478 169
14.665397 36.023863 -1020
15.932725 35.508252 1131
17.161462 34.904799 2875
18.390201 34.301346 -1422
19.574258 33.612592 200
20.758314 32.924093 -2557
21.891597 32.153847 -1266
23.024880 31.382839 -1466
24.102311 30.534145 -1032
25.179487 29.685201 -3225
26.195480 28.761870 -633
27.211475 27.838539 198
28.160955 26.845140 2625
29.110689 25.851486 -3263
29.989592 24.792589 -1573
30.868241 23.732926 -5654
31.671745 22.613099 -2431
32.475246 21.492259 -2113
33.199797 20.316832 -158
33.924347 19.139884 5490
34.566135 17.913429 -4158
35.207920 16.686215 3065
-33.008122 15.650926 -825
-32.406448 16.802996 410
-31.804774 17.953797 -709
-31.125413 19.057630 -4135
-30.446307 20.160447 -2114
-29.693069 21.211475 498
-28.939580 22.261742 3621
-28.115765 23.255396 819
-27.291953 24.248287 3107
-26.401624 25.180248 705
-25.511298 26.111450 155
-24.558771 26.977152 1646
-23.606245 27.842853 429
-22.596344 28.638743 861
-21.586443 29.434375 -1374
-20.523737 30.156639 2311
-19.461285 30.878902 1623
-18.351358 31.524753 3069
-17.241432 32.170092 3681
-16.089363 32.735719 1084
-14.937294 33.301345 1644
-13.748921 33.784718 1469
-12.560549 34.267833 2083
-11.341711 34.666667 2979
-10.122874 35.064990 876
-8.879157 35.376999 1171
-7.635441 35.688754 2264
-6.373445 35.912668 -1386
-5.111196 36.136584 1282
-3.836507 36.271388 2561
-2.561818 36.406195 1029
-1.280782 36.451128 1
0.000000 36.496318 -2689
1.280782 36.451128 -4952
2.561818 36.406195 -1936
3.836507 36.271388 -1023
5.111196 36.136584 -264
6.373445 35.912668 384
7.635441 35.688754 -2266
8.879157 35.376999 2112
10.122874 35.064990 2106
11.341711 34.666667 -194
12.560549 34.267833 697
13.748921 33.784718 2495
14.937294 33.301345 364
16.089363 32.735719 1997
17.241432 32.170092 -1885
18.351358 31.524753 -2354
19.461285 30.878902 -2440
20.523737 30.156639 -131
21.586443 29.434375 -3596
22.596344 28.638743 -1467
23.606245 27.842853 -2588
24.558771 26.977152 351
25.511298 26.111450 -3556
26.401624 25.180248 -3712
27.291953 24.248287 491
28.115765 23.255396 -4293
28.939580 22.261742 1715
29.693069 21.211475 -8664
30.446307 20.160447 -4868
31.125413 19.057630 -4231
31.804774 17.953797 427
32.406448 16.802996 -2137
33.008122 15.650926 386
-31.294998 13.502411 1785
-30.808328 14.577811 365
-30.246764 15.654735 -1895
-29.685201 16.730135 1679
-29.051281 17.761615 1099
-28.417364 18.792078 227
-27.714142 19.773801 3207
-27.011170 20.755015 1029
-26.242195 21.683168 2240
-25.473217 22.610561 -813
-24.642042 23.481088 1396
-23.811119 24.350852 1693
-22.922062 25.159686 3645
-22.033258 25.968012 2444
-21.090378 26.711349 1095
-20.147753 27.454431 -687
-19.156131 28.128967 864
-18.164255 28.803505 1907
-17.128205 29.406447 1504
-16.092409 30.009138 2003
-15.017010 30.537192 681
-13.941863 31.065500 -820
-12.832699 31.516881 424
-11.723534 31.968011 22
-10.585936 32.340442 -1722
-9.448083 32.712365 2744
-8.287383 33.003809 1105
-7.126682 33.294998 -1594
-5.948718 33.503934 665
-4.770500 33.712870 -2913
-3.580858 33.838792 -1100
-2.390962 33.964712 -979
-1.195481 34.006601 -1016
0.000000 34.048742 1689
1.195481 34.006601 -524
2.390962 33.964712 1158
3.580858 33.838792 224
4.770500 33.712870 2221
5.948718 33.503934 -878
7.126682 33.294998 1864
8.287383 33.003809 2250
9.448083 32.712365 380
10.585936 32.340442 -517
11.723534 31.968011 825
12.832699 31.516881 1531
13.941863 31.065500 -1202
15.017010 30.537192 838
16.092409 30.009138 273
17.128205 29.406447 -499
18.164255 28.803505 -24
19.156131 28.128967 1972
20.147753 27.454431 -1805
21.090378 26.711349 -990
22.033258 25.968012 -1826
22.922062 25.159686 -6394
23.811119 24.350852 -866
24.642042 23.481088 -732
25.473217 22.610561 168
26.242195 21.683168 -1578
27.011170 20.755015 1972
27.714142 19.773801 1672
28.417364 18.792078 -1055
29.051281 17.761615 -3160
29.685201 16.730135 -1245
30.246764 15.654735 -11
30.808328 14.577811 -41
31.294998 13.502411 -3294
-29.512567 11.468138 5876
-29.060928 12.507744 4436
-28.609039 13.545063 2753
-28.087586 14.546331 2605
-27.565878 15.545569 4014
-26.977406 16.503934 1489
-26.388676 17.461286 3115
-25.735719 18.373445 3586
-25.082762 19.284590 3582
-24.368622 20.146740 3107
-23.654735 21.007870 2361
-22.882965 21.815945 2914
-22.111196 22.623763 185
-21.285860 23.374714 466
-20.460269 24.125414 1879
-19.584920 24.815689 4525
-18.709570 25.505459 2349
-17.788525 26.131761 1031
-16.867478 26.758060 2320
-15.905560 27.317848 1287
-14.943387 27.877379 955
-13.945163 28.367861 1671
-12.946687 28.858339 2785
-11.916730 29.277481 2234
-10.886773 29.696369 1462
-9.830160 30.041888 804
-8.773546 30.387407 2545
-7.695862 30.658035 1684
-6.617923 30.928155 3179
-5.523991 31.122367 -317
-4.430058 31.316325 -25
-3.325209 31.433105 -785
-2.220360 31.550140 -964
-1.110180 31.588983 -1082
0.000000 31.628077 -1051
1.110180 31.588983 -2453
2.220360 31.550140 -638
3.325209 31.433105 -1518
4.430058 31.316325 -2160
5.523991 31.122367 -752
6.617923 30.928155 -2292
7.695862 30.658035 -484
8.773546 30.387407 -33
9.830160 30.041888 -702
10.886773 29.696369 -128
11.916730 29.277481 376
12.946687 28.858339 -416
13.945163 28.367861 1005
14.943387 27.877379 -3373
15.905560 27.317848 -2371
16.867478 26.758060 -975
17.788525 26.131761 -688
18.709570 25.505459 -1214
19.584920 24.815689 -1063
20.460269 24.125414 -3562
21.285860 23.374714 -1996
22.111196 22.623763 756
22.882965 21.815945 855
23.654735 21.007870 991
24.368622 20.146740 811
25.082762 19.284590 -1855
25.735719 18.373445 -3930
26.388676 17.461286 -2547
26.977406 16.503934 -3202
27.565878 15.545569 -2793
28.087586 14.546331 -1717
28.609039 13.545063 -645
29.060928 12.507744 206
29.512567 11.468138 254
-27.243717 10.551408 2587
-26.409495 12.472709 4193
-25.446813 14.322164 3606
-24.359989 16.092918 2774
-23.154354 17.778117 1176
-21.835999 19.370653 716
-20.411272 20.863673 1512
-18.887280 22.250824 840
-17.271135 23.525769 -1398
-15.570704 24.682915 -87
-13.794618 25.716933 549
-11.951257 26.623002 380
-10.049758 27.397056 587
-8.099264 28.035036 113
-6.109165 28.534653 -1588
-4.089363 28.893374 -205
-2.049759 29.108910 1293
0.000000 29.181009 2081
2.049759 29.108910 -890
4.089363 28.893374 386
6.109165 28.534653 -347
8.099264 28.035036 54
10.049758 27.397056 379
11.951257 26.623002 368
13.794618 25.716933 3133
15.570704 24.682915 1252
17.271135 23.525769 -2000
18.887280 22.250824 2348
20.411272 20.863673 -14
21.835999 19.370653 -860
23.154354 17.778117 -1756
24.359989 16.092918 -1196
25.446813 14.322164 -2839
26.409495 12.472709 -2051
27.243717 10.551408 822
-24.923839 9.669204 -328
-24.160701 11.429044 4068
-23.223153 13.095963 -450
-22.285606 14.741814 3571
-21.130997 16.249049 -141
-19.976644 17.739528 1910
-18.627824 19.063469 319
-17.279005 20.373699 4548
-15.761868 21.491497 1326
-14.244986 22.597613 700
-12.589236 23.489973 3708
-10.933486 24.371668 -431
-9.171617 25.022341 1575
-7.409494 25.663112 2586
-5.575273 26.060168 1876
-3.741051 26.447830 -388
-1.870526 26.583905 1455
0.000000 26.710841 -517
1.870526 26.583905 -743
3.741051 26.447830 -1257
5.575273 26.060168 807
7.409494 25.663112 -863
9.171617 25.022341 227
10.933486 24.371668 1283
12.589236 23.489973 -1771
14.244986 22.597613 284
15.761868 21.491497 -2310
17.279005 20.373699 -447
18.627824 19.063469 1199
19.976644 17.739528 177
21.130997 16.249049 2089
22.285606 14.741814 -1586
23.223153 13.095963 -94
24.160701 11.429044 -297
24.923839 9.669204 -1594
-22.603960 8.731659 6201
-21.911906 10.332063 2508
-21.061437 11.840314 2993
-20.211221 13.342474 3634
-19.164255 14.705509 1280
-18.117289 16.065246 -731
-16.893882 17.261997 405
-15.670729 18.456715 451
-14.294745 19.466617 2095
-12.919015 20.475756 4310
-11.417365 21.280782 -83
-9.915968 22.085808 1171
-8.317848 22.671999 1422
-6.719726 23.257679 -600
-5.056359 23.613862 -359
-3.392993 23.970045 743
-1.696370 24.089363 -510
0.000000 24.208684 1165
1.696370 24.089363 750
3.392993 23.970045 -1530
5.056359 23.613862 1418
6.719726 23.257679 -1899
8.317848 22.671999 4730
9.915968 22.085808 5
11.417365 21.280782 2284
12.919015 20.475756 74
14.294745 19.466617 -2586
15.670729 18.456715 1433
16.893882 17.261997 -984
18.117289 16.065246 -1332
19.164255 14.705509 1790
20.211221 13.342474 -1579
21.061437 11.840314 -1172
21.911906 10.332063 -2762
22.603960 8.731659 -3005
-20.265296 7.846409 1361
-19.644834 9.282305 4196
-18.882458 10.634425 3146
-18.120081 11.980706 1774
-17.181519 13.202082 1511
-16.242701 14.420412 3323
-15.145976 15.492511 1325
-14.049252 16.563088 1205
-12.815689 17.468141 2268
-11.582382 18.372177 2661
-10.236101 19.093678 2701
-8.890073 19.814928 3493
-7.457222 20.340190 1417
-6.024625 20.865194 1297
-4.533130 21.184058 697
-3.041889 21.503174 3177
-1.520944 21.610307 2083
0.000000 21.717189 1794
1.520944 21.610307 2043
3.041889 21.503174 -48
4.533130 21.184058 -181
6.024625 20.865194 284
7.457222 20.340190 -800
8.890073 19.814928 1030
10.236101 19.093678 2081
11.582382 18.372177 2587
12.815689 17.468141 1489
14.049252 16.563088 3186
15.145976 15.492511 -826
16.242701 14.420412 3230
17.181519 13.202082 3040
18.120081 11.980706 2361
18.882458 10.634425 2555
19.644834 9.282305 2843
20.265296 7.846409 3473
-17.926631 6.901496 2165
-17.377761 8.176442 5613
-16.703224 9.376239 2685
-16.028941 10.570194 4701
-15.198527 11.652957 2048
-14.368367 12.732673 3536
-13.398071 13.682409 6897
-12.428028 14.630872 4290
-11.336887 15.432343 5069
-10.245747 16.233055 1671
-9.054837 16.872048 1207
-7.863925 17.510535 1223
-6.596598 17.975630 2389
-5.329271 18.440467 813
-4.010155 18.723026 -621
-2.690784 19.005331 4320
-1.345519 19.100279 -1583
0.000000 19.194721 2972
1.345519 19.100279 922
2.690784 19.005331 -308
4.010155 18.723026 -111
5.329271 18.440467 2040
6.596598 17.975630 3418
7.863925 17.510535 3926
9.054837 16.872048 1940
10.245747 16.233055 -10
11.336887 15.432343 -110
12.428028 14.630872 -969
13.398071 13.682409 1321
14.368367 12.732673 2585
15.198527 11.652957 1523
16.028941 10.570194 -1178
16.703224 9.376239 318
17.377761 8.176442 212
17.926631 6.901496 1419
-15.621224 6.033257 1927
-15.142675 7.143945 1300
-14.555217 8.188627 1383
-13.967504 9.228230 1652
-13.243970 10.170601 4325
-12.520436 11.110688 3489
-11.675045 11.937800 3711
-10.829652 12.763391 2163
-9.878903 13.461284 675
-8.928154 14.158418 1799
-7.890327 14.714902 2008
-6.852754 15.270881 1556
-5.748413 15.676059 1453
-4.643818 16.080732 639
-3.494288 16.326732 365
-2.344758 16.572735 1124
-1.172379 16.655244 778
0.000000 16.737752 -848
1.172379 16.655244 -380
2.344758 16.572735 -246
3.494288 16.326732 1019
4.643818 16.080732 -1901
5.748413 15.676059 3593
6.852754 15.270881 6755
7.890327 14.714902 3495
8.928154 14.158418 -1596
9.878903 13.461284 -3221
10.829652 12.763391 -6850
11.675045 11.937800 -1448
12.520436 11.110688 -40
13.243970 10.170601 -12
13.967504 9.228230 1219
14.555217 8.188627 -2105
15.142675 7.143945 -1476
15.621224 6.033257 147
-12.907845 6.054074 3538
-11.906068 7.838029 3385
-10.672506 9.447067 3256
-9.231277 10.858846 2770
-7.610307 12.049758 3329
-5.841330 12.999493 2146
-3.958619 13.690531 2095
-1.998731 14.110436 1412
0.000000 14.251332 2701
1.998731 14.110436 107
3.958619 13.690531 151
5.841330 12.999493 2462
7.610307 12.049758 -574
9.231277 10.858846 -778
10.672506 9.447067 2972
11.906068 7.838029 937
12.907845 6.054074 575
-10.597868 5.000761 241
-9.680122 6.401879 436
-8.762630 7.778370 766
-7.505459 8.850977 1541
-6.248286 9.911145 1302
-4.749175 10.588221 3191
-3.250064 11.256410 3371
-1.625032 11.490225 2526
0.000000 11.715917 463
1.625032 11.490225 1636
3.250064 11.256410 2007
4.749175 10.588221 239
6.248286 9.911145 3009
7.505459 8.850977 2319
8.762630 7.778370 1416
9.680122 6.401879 2147
10.597868 5.000761 -1610
-8.287637 3.874079 -243
-7.569941 4.971819 1600
-6.852501 6.058390 1149
-5.869256 6.896420 105
-4.886266 7.731404 -1980
-3.713887 8.258950 3963
-2.541508 8.785733 971
-1.270881 8.965727 -1108
0.000000 9.145721 -296
1.270881 8.965727 -2249
2.541508 8.785733 -1699
3.713887 8.258950 -570
4.886266 7.731404 2401
5.869256 6.896420 4123
6.852501 6.058390 1551
7.569941 4.971819 1137
8.287637 3.874079 -7798
-5.638995 3.304647 3586
-4.921554 4.368623 2059
-4.215537 4.968519 2302
-3.509520 5.566641 3661
-2.667428 5.944656 177
-1.825336 6.322417 -406
-0.912668 6.451383 1153
0.000000 6.580351 3441
0.912668 6.451383 2450
1.825336 6.322417 2225
2.667428 5.944656 1534
3.509520 5.566641 729
4.215537 4.968519 1276
4.921554 4.368623 976
5.638995 3.304647 -5010
-2.990607 2.630111 1942
-2.132521 3.363289 1121
-1.109165 3.824575 304
0.000000 3.981974 3618
1.109165 3.824575 -3173
2.132521 3.363289 1034
2.990607 2.630111 -8615
