# Active surface commands at 22.953231
# Zero points are Off, FEM corrections are Off
-12.741051 103.255394 102
-10.929931 103.478548 102
-9.111958 103.637726 101
-7.293983 103.797412 101
-5.471693 103.893116 100
-3.649150 103.988833 100
-1.824575 104.021075 100
0.000000 104.052809 100
1.824575 104.021075 100
3.649150 103.988833 100
5.471693 103.893116 100
7.293983 103.797412 101
9.111958 103.637726 101
10.929931 103.478548 102
12.741051 103.255394 102
-23.048235 99.466362 70
-21.336126 99.861387 71
-19.578065 100.204114 71
-17.820005 100.546840 71
-16.051028 100.827872 70
-14.282051 101.109163 70
-12.504442 101.327749 69
-10.726834 101.546838 68
-8.942625 101.703220 67
-7.158416 101.859863 66
-5.369891 101.953794 65
-3.581366 102.047726 64
-1.790810 102.079205 64
0.000000 102.110431 64
1.790810 102.079205 64
3.581366 102.047726 64
5.369891 101.953794 65
7.158416 101.859863 66
8.942625 101.703220 67
10.726834 101.546838 68
12.504442 101.327749 69
14.282051 101.109163 70
16.051028 100.827872 70
17.820005 100.546840 71
19.578065 100.204114 71
21.336126 99.861387 71
23.048235 99.466362 70
-29.431075 95.752474 41
-27.750698 96.268088 44
-26.053567 96.724041 45
-24.356436 97.180501 46
-22.644327 97.566385 47
-20.932217 97.961664 46
-19.207413 98.297790 46
-17.482610 98.634170 45
-15.747145 98.909623 43
-14.011678 99.185578 42
-12.267835 99.400352 40
-10.523737 99.615127 39
-8.773292 99.768466 37
-7.023103 99.922314 36
-5.268342 100.014472 35
-3.513582 100.106625 35
-1.756791 100.137596 34
0.000000 100.168314 34
1.756791 100.137596 34
3.513582 100.106625 35
5.268342 100.014472 35
7.023103 99.922314 36
8.773292 99.768466 37
10.523737 99.615127 39
12.267835 99.400352 40
14.011678 99.185578 42
15.747145 98.909623 43
17.482610 98.634170 45
19.207413 98.297790 46
20.932217 97.961664 46
22.644327 97.566385 47
24.356436 97.180501 46
26.053567 96.724041 45
27.750698 96.268088 44
29.431075 95.752474 41
-33.758314 92.233310 15
-32.129727 92.795887 20
-30.500890 93.358464 23
-28.853517 93.863672 26
-27.206144 94.368874 27
-25.542269 94.816198 28
-23.878396 95.263517 28
-22.200051 95.651942 27
-20.521453 96.040875 26
-18.830413 96.370399 25
-17.139629 96.700178 23
-15.438182 96.970295 21
-13.736736 97.240672 19
-12.026910 97.451380 17
-10.317339 97.661841 15
-8.601167 97.812391 13
-6.885250 97.963189 12
-5.165016 98.053569 11
-3.444783 98.143942 10
-1.722264 98.174158 9
0.000000 98.204367 9
1.722264 98.174158 9
3.444783 98.143942 10
5.165016 98.053569 11
6.885250 97.963189 12
8.601167 97.812391 13
10.317339 97.661841 15
12.026910 97.451380 17
13.736736 97.240672 19
15.438182 96.970295 21
17.139629 96.700178 23
18.830413 96.370399 25
20.521453 96.040875 26
22.200051 95.651942 27
23.878396 95.263517 28
25.542269 94.816198 28
27.206144 94.368874 27
28.853517 93.863672 26
30.500890 93.358464 23
32.129727 92.795887 20
33.758314 92.233310 15
-37.788525 88.513329 -10
-36.234578 89.175168 -2
-34.658542 89.781925 3
-33.082762 90.376744 8
-31.486418 90.928152 11
-29.890328 91.479560 13
-28.275959 91.974610 15
-26.661588 92.469659 15
-25.030972 92.908096 14
-23.400355 93.346279 13
-21.755522 93.727340 12
-20.110687 94.108401 10
-18.453669 94.431325 8
-16.796395 94.754503 5
-15.129221 95.019296 3
-13.461793 95.284336 0
-11.786240 95.490731 -1
-10.110688 95.696877 -3
-8.429043 95.844632 -5
-6.747398 95.992127 -7
-5.061437 96.080728 -8
-3.375730 96.169329 -9
-1.687992 96.199036 -10
0.000000 96.228737 -10
1.687992 96.199036 -10
3.375730 96.169329 -9
5.061437 96.080728 -8
6.747398 95.992127 -7
8.429043 95.844632 -5
10.110688 95.696877 -3
11.786240 95.490731 -1
13.461793 95.284336 0
15.129221 95.019296 3
16.796395 94.754503 5
18.453669 94.431325 8
20.110687 94.108401 10
21.755522 93.727340 12
23.400355 93.346279 13
25.030972 92.908096 14
26.661588 92.469659 15
28.275959 91.974610 15
29.890328 91.479560 13
31.486418 90.928152 11
33.082762 90.376744 8
34.658542 89.781925 3
36.234578 89.175168 -2
37.788525 88.513329 -10
-39.992131 85.333588 -26
-38.525769 86.017008 -17
-37.004061 86.665143 -10
-35.482357 87.313278 -4
-33.939070 87.907589 0
-32.395784 88.501900 3
-30.832953 89.041885 5
-29.269864 89.581871 6
-27.689008 90.067022 6
-26.108150 90.551913 5
-24.511297 90.980959 4
-22.914699 91.410254 2
-21.303884 91.783444 0
-19.693322 92.156386 -2
-18.070576 92.472709 -5
-16.447830 92.789286 -8
-14.815182 93.048742 -11
-13.182280 93.308198 -14
-11.541508 93.510279 -16
-9.900736 93.712366 -19
-8.254126 93.856817 -21
-6.607261 94.001522 -23
-4.956588 94.088345 -24
-3.305662 94.175173 -25
-1.652704 94.203857 -26
0.000000 94.233050 -26
1.652704 94.203857 -26
3.305662 94.175173 -25
4.956588 94.088345 -24
6.607261 94.001522 -23
8.254126 93.856817 -21
9.900736 93.712366 -19
11.541508 93.510279 -16
13.182280 93.308198 -14
14.815182 93.048742 -11
16.447830 92.789286 -8
18.070576 92.472709 -5
19.693322 92.156386 -2
21.303884 91.783444 0
22.914699 91.410254 2
24.511297 90.980959 4
26.108150 90.551913 5
27.689008 90.067022 6
29.269864 89.581871 6
30.832953 89.041885 5
32.395784 88.501900 3
33.939070 87.907589 0
35.482357 87.313278 -4
37.004061 86.665143 -10
38.525769 86.017008 -17
39.992131 85.333588 -26
-43.525259 81.348821 -53
-42.083525 82.085805 -41
-40.641787 82.823303 -30
-39.175425 83.498858 -21
-37.709063 84.182532 -14
-36.219597 84.816957 -8
-34.730135 85.451382 -3
-33.219599 86.033253 0
-31.709064 86.614877 0
-30.179234 87.143439 1
-28.649403 87.671995 1
-27.102058 88.146988 0
-25.554709 88.621479 -1
-23.991623 89.041631 -3
-22.428788 89.461790 -5
-20.852247 89.827114 -8
-19.275705 90.192179 -11
-17.687485 90.501901 -15
-16.099010 90.811629 -18
-14.500889 91.065755 -21
-12.902767 91.319626 -25
-11.297029 91.517387 -28
-9.691039 91.715154 -30
-8.078954 91.856816 -33
-6.467124 91.998224 -35
-4.851485 92.083268 -36
-3.235593 92.168317 -37
-1.617669 92.196493 -38
0.000000 92.224930 -38
1.617669 92.196493 -38
3.235593 92.168317 -37
4.851485 92.083268 -36
6.467124 91.998224 -35
8.078954 91.856816 -33
9.691039 91.715154 -30
11.297029 91.517387 -28
12.902767 91.319626 -25
14.500889 91.065755 -21
16.099010 90.811629 -18
17.687485 90.501901 -15
19.275705 90.192179 -11
20.852247 89.827114 -8
22.428788 89.461790 -5
23.991623 89.041631 -3
25.554709 88.621479 -1
27.102058 88.146988 0
28.649403 87.671995 1
30.179234 87.143439 1
31.709064 86.614877 0
33.219599 86.033253 0
34.730135 85.451382 -3
36.219597 84.816957 -8
37.709063 84.182532 -14
39.175425 83.498858 -21
40.641787 82.823303 -30
42.083525 82.085805 -41
43.525259 81.348821 -53
-45.334856 78.006345 -68
-43.951002 78.776593 -54
-42.566894 79.546588 -41
-41.156894 80.267326 -31
-39.747144 80.988573 -22
-38.313024 81.659560 -15
-36.878650 82.331049 -9
-35.422189 82.951255 -5
-33.965474 83.571716 -2
-32.488194 84.140900 0
-31.010917 84.710078 0
-29.514851 85.226957 0
-28.018533 85.744096 -1
-26.505205 86.208174 -3
-24.992130 86.672506 -5
-23.463569 87.083523 -8
-21.935009 87.494540 -11
-20.393246 87.851739 -14
-18.851231 88.208683 -18
-17.298045 88.511805 -22
-15.744605 88.814672 -25
-14.181772 89.063213 -29
-12.618685 89.311500 -32
-11.048236 89.505201 -36
-9.477533 89.698400 -38
-7.901244 89.836759 -41
-6.324702 89.975371 -43
-4.744605 90.058388 -45
-3.164255 90.141404 -46
-1.582127 90.169079 -47
0.000000 90.197001 -47
1.582127 90.169079 -47
3.164255 90.141404 -46
4.744605 90.058388 -45
6.324702 89.975371 -43
7.901244 89.836759 -41
9.477533 89.698400 -38
11.048236 89.505201 -36
12.618685 89.311500 -32
14.181772 89.063213 -29
15.744605 88.814672 -25
17.298045 88.511805 -22
18.851231 88.208683 -18
20.393246 87.851739 -14
21.935009 87.494540 -11
23.463569 87.083523 -8
24.992130 86.672506 -5
26.505205 86.208174 -3
28.018533 85.744096 -1
29.514851 85.226957 0
31.010917 84.710078 0
32.488194 84.140900 0
33.965474 83.571716 -2
35.422189 82.951255 -5
36.878650 82.331049 -9
38.313024 81.659560 -15
39.747144 80.988573 -22
41.156894 80.267326 -31
42.566894 79.546588 -41
43.951002 78.776593 -54
45.334856 78.006345 -68
-46.965981 74.651943 -82
-45.640265 75.489211 -66
-44.314294 76.238640 -52
-42.961412 76.991367 -40
-41.608529 77.744100 -29
-40.230517 78.448847 -20
-38.852247 79.153843 -13
-37.450369 79.809849 -8
-36.048488 80.466110 -4
-34.624778 81.072606 -1
-33.200813 81.679357 0
-31.756792 82.235593 0
-30.312770 82.791823 0
-28.850217 83.297286 0
-27.387663 83.802742 -2
-25.908606 84.256407 -4
-24.429297 84.710332 -7
-22.935262 85.111959 -11
-21.441229 85.513833 -14
-19.933994 85.863161 -18
-18.427013 86.211980 -22
-16.908607 86.508252 -26
-15.390200 86.804518 -30
-13.862401 87.047475 -34
-12.334602 87.290172 -37
-10.799442 87.479311 -41
-9.264281 87.668444 -44
-7.723280 87.803753 -46
-6.182534 87.939069 -48
-4.637725 88.020307 -50
-3.093171 88.101550 -51
-1.546585 88.128456 -52
0.000000 88.155622 -52
1.546585 88.128456 -52
3.093171 88.101550 -51
4.637725 88.020307 -50
6.182534 87.939069 -48
7.723280 87.803753 -46
9.264281 87.668444 -44
10.799442 87.479311 -41
12.334602 87.290172 -37
13.862401 87.047475 -34
15.390200 86.804518 -30
16.908607 86.508252 -26
18.427013 86.211980 -22
19.933994 85.863161 -18
21.441229 85.513833 -14
22.935262 85.111959 -11
24.429297 84.710332 -7
25.908606 84.256407 -4
27.387663 83.802742 -2
28.850217 83.297286 0
30.312770 82.791823 0
31.756792 82.235593 0
33.200813 81.679357 0
34.624778 81.072606 -1
36.048488 80.466110 -4
37.450369 79.809849 -8
38.852247 79.153843 -13
40.230517 78.448847 -20
41.608529 77.744100 -29
42.961412 76.991367 -40
44.314294 76.238640 -52
45.640265 75.489211 -66
46.965981 74.651943 -82
-47.107389 72.095458 -78
-45.870779 72.898959 -62
-45.226199 73.294493 -54
-44.575780 73.680122 -48
-43.280781 74.461285 -36
-41.959635 75.196496 -26
-41.301599 75.569178 -21
-40.638233 75.931707 -17
-39.292205 76.620210 -10
-37.946178 77.308960 -5
-37.264025 77.634680 -2
-36.577051 77.949478 -1
-35.207920 78.590503 1
-33.817214 79.183042 3
-33.124143 79.484638 3
-32.426505 79.775580 3
-31.016247 80.318863 3
-29.605739 80.862400 2
-28.893628 81.114746 1
-28.177457 81.356179 0
-26.748921 81.849710 -1
-25.304392 82.292968 -4
-24.583650 82.520182 -6
-23.859609 82.736227 -8
-22.400355 83.128711 -11
-20.941102 83.521196 -15
-20.206397 83.697381 -18
-19.469155 83.862150 -20
-17.997207 84.203097 -24
-16.514344 84.492509 -28
-15.773801 84.642805 -30
-15.031227 84.781672 -32
-13.539223 85.019038 -36
-12.046966 85.256156 -40
-11.298045 85.354147 -42
-10.547601 85.440721 -43
-9.048236 85.625795 -46
-7.543285 85.757807 -49
-6.791318 85.829654 -50
-6.038335 85.890073 -51
-4.529576 85.969284 -53
-3.021071 86.048742 -54
-2.265804 86.067529 -55
-1.510536 86.075146 -55
0.000000 86.101295 -55
1.510536 86.075146 -55
2.265804 86.067529 -55
3.021071 86.048742 -54
4.529576 85.969284 -53
6.038335 85.890073 -51
6.791318 85.829654 -50
7.543285 85.757807 -49
9.048236 85.625795 -46
10.547601 85.440721 -43
11.298045 85.354147 -42
12.046966 85.256156 -40
13.539223 85.019038 -36
15.031227 84.781672 -32
15.773801 84.642805 -30
16.514344 84.492509 -28
17.997207 84.203097 -24
19.469155 83.862150 -20
20.206397 83.697381 -18
20.941102 83.521196 -15
22.400355 83.128711 -11
23.859609 82.736227 -8
24.583650 82.520182 -6
25.304392 82.292968 -4
26.748921 81.849710 -1
28.177457 81.356179 0
28.893628 81.114746 1
29.605739 80.862400 2
31.016247 80.318863 3
32.426505 79.775580 3
33.124143 79.484638 3
33.817214 79.183042 3
35.207920 78.590503 1
36.577051 77.949478 -1
37.264025 77.634680 -2
37.946178 77.308960 -5
39.292205 76.620210 -10
40.638233 75.931707 -17
41.301599 75.569178 -21
41.959635 75.196496 -26
43.280781 74.461285 -36
44.575780 73.680122 -48
45.226199 73.294493 -54
45.870779 72.898959 -62
47.107389 72.095458 -78
-49.664637 67.850213 -108
-47.856056 69.128712 -80
-46.012187 70.342728 -56
-44.146231 71.532112 -37
-42.247271 72.671237 -21
-40.315563 73.752726 -9
-38.353897 74.778879 0
-36.374207 75.768978 4
-34.367098 76.702210 7
-32.333079 77.575017 8
-30.275452 78.389439 7
-28.203603 79.166289 4
-26.110180 79.883978 0
-23.996699 80.538459 -5
-21.865449 81.132522 -11
-19.724041 81.687482 -17
-17.567402 82.181515 -24
-15.397309 82.610562 -30
-13.215791 82.977659 -36
-11.028180 83.304897 -42
-8.832191 83.569943 -47
-6.629094 83.769229 -50
-4.421427 83.905561 -53
-2.211729 84.001525 -55
0.000000 84.034523 -56
2.211729 84.001525 -55
4.421427 83.905561 -53
6.629094 83.769229 -50
8.832191 83.569943 -47
11.028180 83.304897 -42
13.215791 82.977659 -36
15.397309 82.610562 -30
17.567402 82.181515 -24
19.724041 81.687482 -17
21.865449 81.132522 -11
23.996699 80.538459 -5
26.110180 79.883978 0
28.203603 79.166289 4
30.275452 78.389439 7
32.333079 77.575017 8
34.367098 76.702210 7
36.374207 75.768978 4
38.353897 74.778879 0
40.315563 73.752726 -9
42.247271 72.671237 -21
44.146231 71.532112 -37
46.012187 70.342728 -56
47.856056 69.128712 -80
49.664637 67.850213 -108
-49.543539 65.365829 -110
-48.424472 66.143181 -82
-46.661081 67.389946 -57
-44.863164 68.586440 -37
-43.043920 69.749173 -20
-41.192433 70.860115 -7
-39.308708 71.914953 1
-37.396294 72.915458 8
-35.465854 73.880932 12
-33.509014 74.791064 14
-31.525769 75.642042 13
-29.519676 76.436407 11
-27.499364 77.193702 7
-25.458238 77.893627 2
-23.397309 78.531858 -2
-21.319625 79.110940 -9
-19.231532 79.652196 -15
-17.128713 80.134044 -22
-15.012693 80.552423 -29
-12.885758 80.910639 -35
-10.752983 81.229751 -40
-8.611576 81.487943 -45
-6.463570 81.682152 -49
-4.310993 81.815180 -52
-2.156385 81.908603 -54
0.000000 81.941100 -54
2.156385 81.908603 -54
4.310993 81.815180 -52
6.463570 81.682152 -49
8.611576 81.487943 -45
10.752983 81.229751 -40
12.885758 80.910639 -35
15.012693 80.552423 -29
17.128713 80.134044 -22
19.231532 79.652196 -15
21.319625 79.110940 -9
23.397309 78.531858 -2
25.458238 77.893627 2
27.499364 77.193702 7
29.519676 76.436407 11
31.525769 75.642042 13
33.509014 74.791064 14
35.465854 73.880932 12
37.396294 72.915458 8
39.308708 71.914953 1
41.192433 70.860115 -7
43.043920 69.749173 -20
44.863164 68.586440 -37
46.661081 67.389946 -57
48.424472 66.143181 -82
49.543539 65.365829 -110
-50.511044 61.871792 -111
-48.865955 63.241688 -83
-47.184310 64.435894 -58
-45.466109 65.651435 -37
-43.714141 66.816957 -19
-41.941608 67.950243 -5
-40.137345 69.032748 4
-38.302106 70.060674 12
-36.438438 71.035798 17
-34.557501 71.976387 20
-32.650672 72.863673 20
-30.718456 73.692816 19
-28.763646 74.466870 16
-26.795125 75.205130 11
-24.806296 75.887026 6
-22.798173 76.508757 0
-20.773547 77.073367 -6
-18.739020 77.600659 -13
-16.690022 78.070067 -19
-14.628333 78.477786 -26
-12.555725 78.826859 -32
-10.477532 79.137852 -37
-8.390962 79.389691 -42
-6.298045 79.578830 -46
-4.200559 79.708301 -49
-2.101295 79.799443 -50
0.000000 79.831177 -51
2.101295 79.799443 -50
4.200559 79.708301 -49
6.298045 79.578830 -46
8.390962 79.389691 -42
10.477532 79.137852 -37
12.555725 78.826859 -32
14.628333 78.477786 -26
16.690022 78.070067 -19
18.739020 77.600659 -13
20.773547 77.073367 -6
22.798173 76.508757 0
24.806296 75.887026 6
26.795125 75.205130 11
28.763646 74.466870 16
30.718456 73.692816 19
32.650672 72.863673 20
34.557501 71.976387 20
36.438438 71.035798 17
38.302106 70.060674 12
40.137345 69.032748 4
41.941608 67.950243 -5
43.714141 66.816957 -19
45.466109 65.651435 -37
47.184310 64.435894 -58
48.865955 63.241688 -83
50.511044 61.871792 -111
-51.221884 58.386649 -112
-49.161462 60.205382 -83
-47.560295 61.484390 -58
-45.923837 62.716931 -36
-44.251334 63.899975 -18
-42.546332 65.034526 -4
-40.821019 66.137850 7
-39.064992 67.191417 16
-37.278752 68.191929 22
-35.464838 69.141152 25
-33.634425 70.057122 27
-31.778370 70.920286 26
-29.897691 71.727598 24
-27.995176 72.481087 20
-26.079208 73.199799 16
-24.143438 73.863162 10
-22.189135 74.468649 4
-20.218583 75.018278 -2
-18.238132 75.531606 -9
-16.244224 75.988574 -16
-14.237370 76.385379 -22
-12.220360 76.724802 -28
-10.197512 77.027669 -33
-8.166794 77.272659 -38
-6.129728 77.456715 -42
-4.088347 77.582889 -44
-2.045189 77.671744 -46
0.000000 77.702461 -47
2.045189 77.671744 -46
4.088347 77.582889 -44
6.129728 77.456715 -42
8.166794 77.272659 -38
10.197512 77.027669 -33
12.220360 76.724802 -28
14.237370 76.385379 -22
16.244224 75.988574 -16
18.238132 75.531606 -9
20.218583 75.018278 -2
22.189135 74.468649 4
24.143438 73.863162 10
26.079208 73.199799 16
27.995176 72.481087 20
29.897691 71.727598 24
31.778370 70.920286 26
33.634425 70.057122 27
35.464838 69.141152 25
37.278752 68.191929 22
39.064992 67.191417 16
40.821019 66.137850 7
42.546332 65.034526 -4
44.251334 63.899975 -18
45.923837 62.716931 -36
47.560295 61.484390 -58
49.161462 60.205382 -83
51.221884 58.386649 -112
-50.844123 55.968014 -111
-49.346281 57.283826 -83
-47.811883 58.538972 -58
-46.254887 59.782942 -36
-44.663113 60.981723 -18
-43.036557 62.132518 -2
-41.378269 63.235849 9
-39.700433 64.309213 19
-37.992638 65.333841 26
-36.255394 66.307187 30
-34.491495 67.230514 33
-32.711094 68.121352 33
-30.906068 68.960901 32
-29.076922 69.746384 29
-27.226706 70.479054 25
-25.363290 71.177963 20
-23.480832 71.823556 14
-21.580096 72.412289 8
-19.663366 72.946938 1
-17.737497 73.446307 -5
-15.798172 73.890583 -11
-13.846661 74.276720 -18
-11.884996 74.607007 -23
-9.917746 74.901495 -29
-7.942625 75.139629 -33
-5.961412 75.318864 -37
-3.976136 75.441480 -39
-1.989083 75.527800 -41
0.000000 75.557755 -41
1.989083 75.527800 -41
3.976136 75.441480 -39
5.961412 75.318864 -37
7.942625 75.139629 -33
9.917746 74.901495 -29
11.884996 74.607007 -23
13.846661 74.276720 -18
15.798172 73.890583 -11
17.737497 73.446307 -5
19.663366 72.946938 1
21.580096 72.412289 8
23.480832 71.823556 14
25.363290 71.177963 20
27.226706 70.479054 25
29.076922 69.746384 29
30.906068 68.960901 32
32.711094 68.121352 33
34.491495 67.230514 33
36.255394 66.307187 30
37.992638 65.333841 26
39.700433 64.309213 19
41.378269 63.235849 9
43.036557 62.132518 -2
44.663113 60.981723 -18
46.254887 59.782942 -36
47.811883 58.538972 -58
49.346281 57.283826 -83
50.844123 55.968014 -111
-51.183549 52.517642 -110
-49.385378 54.348058 -82
-47.930439 55.626050 -57
-46.440214 56.862149 -36
-44.927645 58.070320 -17
-43.381824 59.235340 -1
-41.801979 60.353137 11
-40.191165 61.425236 21
-38.561311 62.467634 29
-36.902767 63.463571 35
-35.215283 64.408735 38
-33.501904 65.305659 39
-31.772532 66.171109 39
-30.019293 66.986801 37
-28.242701 67.749680 34
-26.445543 68.461537 29
-24.635695 69.140389 24
-22.807058 69.767451 18
-20.960904 70.339424 12
-19.099264 70.858590 5
-17.228739 71.343742 0
-15.345011 71.775323 -7
-13.449353 72.150546 -13
-11.544047 72.471437 -18
-9.633156 72.757297 -23
-7.714649 72.988830 -28
-5.790556 73.162983 -31
-3.862148 73.282053 -33
-1.931962 73.365826 -35
0.000000 73.395025 -36
1.931962 73.365826 -35
3.862148 73.282053 -33
5.790556 73.162983 -31
7.714649 72.988830 -28
9.633156 72.757297 -23
11.544047 72.471437 -18
13.449353 72.150546 -13
15.345011 71.775323 -7
17.228739 71.343742 0
19.099264 70.858590 5
20.960904 70.339424 12
22.807058 69.767451 18
24.635695 69.140389 24
26.445543 68.461537 29
28.242701 67.749680 34
30.019293 66.986801 37
31.772532 66.171109 39
33.501904 65.305659 39
35.215283 64.408735 38
36.902767 63.463571 35
38.561311 62.467634 29
40.191165 61.425236 21
41.801979 60.353137 11
43.381824 59.235340 -1
44.927645 58.070320 -17
46.440214 56.862149 -36
47.930439 55.626050 -57
49.385378 54.348058 -82
51.183549 52.517642 -110
-50.639250 50.142676 -108
-49.301345 51.358721 -81
-47.926884 52.727848 -57
-46.514851 53.968522 -35
-45.068545 55.168319 -17
-43.600661 56.340950 -1
-42.100278 57.471695 12
-40.567148 58.556487 23
-39.004062 59.597107 31
-37.422441 60.609035 38
-35.812644 61.575526 42
-34.175172 62.493021 44
-32.512314 63.363541 45
-30.833969 64.203604 44
-29.132776 64.995174 41
-27.408479 65.735722 38
-25.664381 66.426505 33
-23.907844 67.085555 28
-22.133537 67.694084 22
-20.341711 68.249304 16
-18.535161 68.753235 10
-16.719727 69.223914 3
-14.891851 69.643056 -2
-13.052044 70.007110 -8
-11.203097 70.318611 -13
-9.348565 70.596091 -18
-7.486926 70.820764 -22
-5.619447 70.989846 -25
-3.747906 71.105359 -27
-1.874841 71.186851 -29
0.000000 71.215027 -29
1.874841 71.186851 -29
3.747906 71.105359 -27
5.619447 70.989846 -25
7.486926 70.820764 -22
9.348565 70.596091 -18
11.203097 70.318611 -13
13.052044 70.007110 -8
14.891851 69.643056 -2
16.719727 69.223914 3
18.535161 68.753235 10
20.341711 68.249304 16
22.133537 67.694084 22
23.907844 67.085555 28
25.664381 66.426505 33
27.408479 65.735722 38
29.132776 64.995174 41
30.833969 64.203604 44
32.512314 63.363541 45
34.175172 62.493021 44
35.812644 61.575526 42
37.422441 60.609035 38
39.004062 59.597107 31
40.567148 58.556487 23
42.100278 57.471695 12
43.600661 56.340950 -1
45.068545 55.168319 -17
46.514851 53.968522 -35
47.926884 52.727848 -57
49.301345 51.358721 -81
50.639250 50.142676 -108
-50.729118 46.764663 -106
-49.072861 48.576290 -80
-47.776340 49.856816 -56
-46.444274 51.100024 -35
-45.076163 52.302614 -17
-43.674536 53.465347 -1
-42.252096 54.601930 12
-40.798173 55.697891 23
-39.312516 56.749432 32
-37.797664 57.758063 40
-36.265041 58.738765 45
-34.705002 59.675555 48
-33.118051 60.564862 49
-31.506729 61.408730 49
-29.880426 62.222644 48
-28.231532 62.989843 45
-26.560802 63.707538 41
-24.870526 64.377255 37
-23.168316 65.015739 31
-21.448845 65.605737 26
-19.712617 66.143689 20
-17.961920 66.632137 14
-16.202589 67.088350 8
-14.431074 67.494544 2
-12.648388 67.847169 -3
-10.856563 68.149020 -8
-9.059406 68.417872 -12
-7.255395 68.635696 -16
-5.445545 68.799442 -19
-3.632140 68.911651 -21
-1.816959 68.990354 -23
0.000000 69.017774 -23
1.816959 68.990354 -23
3.632140 68.911651 -21
5.445545 68.799442 -19
7.255395 68.635696 -16
9.059406 68.417872 -12
10.856563 68.149020 -8
12.648388 67.847169 -3
14.431074 67.494544 2
16.202589 67.088350 8
17.961920 66.632137 14
19.712617 66.143689 20
21.448845 65.605737 26
23.168316 65.015739 31
24.870526 64.377255 37
26.560802 63.707538 41
28.231532 62.989843 45
29.880426 62.222644 48
31.506729 61.408730 49
33.118051 60.564862 49
34.705002 59.675555 48
36.265041 58.738765 45
37.797664 57.758063 40
39.312516 56.749432 32
40.798173 55.697891 23
42.252096 54.601930 12
43.674536 53.465347 -1
45.076163 52.302614 -17
46.444274 51.100024 -35
47.776340 49.856816 -56
49.072861 48.576290 -80
50.729118 46.764663 -106
-49.935262 44.467630 -102
-48.739019 45.657526 -78
-48.335871 46.175425 -70
-47.506474 47.009900 -56
-46.677329 47.844376 -42
-46.251586 48.250062 -36
-44.961921 49.453668 -17
-43.637217 50.617922 -2
-43.191926 51.001522 2
-42.280529 51.743842 11
-41.369130 52.485908 19
-40.903527 52.844378 23
-39.496065 53.905562 32
-38.057628 54.923837 40
-37.574764 55.258184 42
-36.591266 55.900480 46
-35.607768 56.542522 49
-35.107388 56.849964 50
-33.597360 57.756792 52
-32.060929 58.617922 53
-31.546077 58.899722 53
-30.501141 59.434879 52
-29.456208 59.969788 51
-28.926632 60.223152 50
-27.330542 60.965980 47
-25.713126 61.660829 44
-25.171617 61.887027 42
-24.076669 62.309218 39
-22.981975 62.731404 36
-22.429042 62.927392 34
-20.764154 63.498603 29
-19.083270 64.019548 23
-18.521452 64.187359 21
-17.388677 64.492514 17
-16.255903 64.797159 13
-15.685453 64.934248 11
-13.970551 65.327494 6
-12.244732 65.668950 1
-11.668190 65.776846 0
-10.510028 65.961157 -3
-9.351612 66.145468 -6
-8.770246 66.221629 -7
-7.023864 66.432598 -11
-5.271897 66.591013 -14
-4.687230 66.637982 -14
-3.516121 66.699671 -16
-2.345011 66.761106 -17
-1.758822 66.775833 -17
0.000000 66.802236 -17
1.758822 66.775833 -17
2.345011 66.761106 -17
3.516121 66.699671 -16
4.687230 66.637982 -14
5.271897 66.591013 -14
7.023864 66.432598 -11
8.770246 66.221629 -7
9.351612 66.145468 -6
10.510028 65.961157 -3
11.668190 65.776846 0
12.244732 65.668950 1
13.970551 65.327494 6
15.685453 64.934248 11
16.255903 64.797159 13
17.388677 64.492514 17
18.521452 64.187359 21
19.083270 64.019548 23
20.764154 63.498603 29
22.429042 62.927392 34
22.981975 62.731404 36
24.076669 62.309218 39
25.171617 61.887027 42
25.713126 61.660829 44
27.330542 60.965980 47
28.926632 60.223152 50
29.456208 59.969788 51
30.501141 59.434879 52
31.546077 58.899722 53
32.060929 58.617922 53
33.597360 57.756792 52
35.107388 56.849964 50
35.607768 56.542522 49
36.591266 55.900480 46
37.574764 55.258184 42
38.057628 54.923837 40
39.496065 53.905562 32
40.903527 52.844378 23
41.369130 52.485908 19
42.280529 51.743842 11
43.191926 51.001522 2
43.637217 50.617922 -2
44.961921 49.453668 -17
46.251586 48.250062 -36
46.677329 47.844376 -42
47.506474 47.009900 -56
48.335871 46.175425 -70
48.739019 45.657526 -78
49.935262 44.467630 -102
-49.675551 41.290681 -106
-48.268851 42.967250 -75
-46.694086 44.614369 -48
-45.119574 46.250319 -24
-43.434883 47.781924 -3
-41.750446 49.302870 14
-39.964203 50.712111 28
-38.177963 52.110431 39
-36.298554 53.390710 47
-34.419397 54.659813 52
-32.456206 55.804770 55
-30.493273 56.938565 55
-28.455699 57.942876 53
-26.418380 58.936024 49
-24.316578 59.794874 44
-22.215029 60.642802 38
-20.059152 61.351863 31
-17.903276 62.050264 24
-15.703732 62.606501 16
-13.504189 63.152325 9
-11.271896 63.552935 3
-9.039604 63.943386 -1
-6.785224 64.186343 -6
-4.530845 64.419141 -9
-2.265296 64.503936 -11
0.000000 64.578065 -12
2.265296 64.503936 -11
4.530845 64.419141 -9
6.785224 64.186343 -6
9.039604 63.943386 -1
11.271896 63.552935 3
13.504189 63.152325 9
15.703732 62.606501 16
17.903276 62.050264 24
20.059152 61.351863 31
22.215029 60.642802 38
24.316578 59.794874 44
26.418380 58.936024 49
28.455699 57.942876 53
30.493273 56.938565 55
32.456206 55.804770 55
34.419397 54.659813 52
36.298554 53.390710 47
38.177963 52.110431 39
39.964203 50.712111 28
41.750446 49.302870 14
43.434883 47.781924 -3
45.119574 46.250319 -24
46.694086 44.614369 -48
48.268851 42.967250 -75
49.675551 41.290681 -106
-48.009138 39.790047 -79
-46.602438 41.466616 -53
-45.082001 43.052042 -30
-43.561818 44.636964 -9
-41.935262 46.111194 8
-40.308962 47.584920 23
-38.584411 48.940849 35
-36.859864 50.296269 44
-35.045442 51.527292 50
-33.231022 52.758058 54
-31.335620 53.858339 56
-29.440468 54.958621 55
-27.473472 55.923078 53
-25.506220 56.887536 49
-23.477025 57.711602 44
-21.448084 58.535668 38
-19.366590 59.215029 32
-17.285097 59.894643 25
-15.161715 60.426757 19
-13.038081 60.958871 12
-10.882712 61.340695 6
-8.727596 61.722518 1
-6.550901 61.952273 -2
-4.374460 62.182282 -5
-2.187103 62.258698 -7
0.000000 62.335616 -7
2.187103 62.258698 -7
4.374460 62.182282 -5
6.550901 61.952273 -2
8.727596 61.722518 1
10.882712 61.340695 6
13.038081 60.958871 12
15.161715 60.426757 19
17.285097 59.894643 25
19.366590 59.215029 32
21.448084 58.535668 38
23.477025 57.711602 44
25.506220 56.887536 49
27.473472 55.923078 53
29.440468 54.958621 55
31.335620 53.858339 56
33.231022 52.758058 54
35.045442 51.527292 50
36.859864 50.296269 44
38.584411 48.940849 35
40.308962 47.584920 23
41.935262 46.111194 8
43.561818 44.636964 -9
45.082001 43.052042 -30
46.602438 41.466616 -53
48.009138 39.790047 -79
-47.614116 36.703986 -81
-46.258695 38.332065 -57
-44.903021 39.959889 -35
-43.438183 41.487940 -15
-41.973342 43.015486 1
-40.406448 44.436150 16
-38.839299 45.856564 29
-37.177457 47.163240 39
-35.515866 48.469407 46
-33.767707 49.655749 51
-32.019294 50.841839 54
-30.193198 51.902261 55
-28.366844 52.962426 54
-26.471693 53.892106 52
-24.576288 54.821272 48
-22.621223 55.615383 43
-20.665906 56.409240 38
-18.660321 57.064230 32
-16.654988 57.719220 26
-14.608784 58.231785 20
-12.562579 58.744604 14
-10.485910 59.112209 9
-8.409241 59.480069 4
-6.312008 59.701698 0
-4.215029 59.923328 -2
-2.107388 59.997208 -3
0.000000 60.071083 -4
2.107388 59.997208 -3
4.215029 59.923328 -2
6.312008 59.701698 0
8.409241 59.480069 4
10.485910 59.112209 9
12.562579 58.744604 14
14.608784 58.231785 20
16.654988 57.719220 26
18.660321 57.064230 32
20.665906 56.409240 38
22.621223 55.615383 43
24.576288 54.821272 48
26.471693 53.892106 52
28.366844 52.962426 54
30.193198 51.902261 55
32.019294 50.841839 54
33.767707 49.655749 51
35.515866 48.469407 46
37.177457 47.163240 39
38.839299 45.856564 29
40.406448 44.436150 16
41.973342 43.015486 1
43.438183 41.487940 -15
44.903021 39.959889 -35
46.258695 38.332065 -57
47.614116 36.703986 -81
-47.004824 33.664383 -81
-45.812136 35.296013 -59
-44.507998 36.863164 -39
-43.203860 38.429805 -20
-41.794365 39.900481 -4
-40.385124 41.370652 10
-38.877380 42.738003 22
-37.369383 44.104850 32
-35.770754 45.362527 41
-34.171872 46.619446 47
-32.489719 47.761359 51
-30.807820 48.902768 53
-29.050522 49.923330 53
-27.293475 50.943642 52
-25.469916 51.838031 50
-23.646357 52.732416 46
-21.765169 53.496572 42
-19.883980 54.260728 37
-17.954302 54.890833 31
-16.024626 55.521198 26
-14.055851 56.014468 20
-12.087332 56.507745 15
-10.089109 56.861895 10
-8.091140 57.215790 6
-6.073115 57.429040 2
-4.055344 57.642042 0
-2.027672 57.713381 -1
0.000000 57.784460 -1
2.027672 57.713381 -1
4.055344 57.642042 0
6.073115 57.429040 2
8.091140 57.215790 6
10.089109 56.861895 10
12.087332 56.507745 15
14.055851 56.014468 20
16.024626 55.521198 26
17.954302 54.890833 31
19.883980 54.260728 37
21.765169 53.496572 42
23.646357 52.732416 46
25.469916 51.838031 50
27.293475 50.943642 52
29.050522 49.923330 53
30.807820 48.902768 53
32.489719 47.761359 51
34.171872 46.619446 47
35.770754 45.362527 41
37.369383 44.104850 32
38.877380 42.738003 22
40.385124 41.370652 10
41.794365 39.900481 -4
43.203860 38.429805 -20
44.507998 36.863164 -39
45.812136 35.296013 -59
47.004824 33.664383 -81
-45.128205 32.300837 -59
-43.983244 33.890834 -41
-42.731151 35.396040 -25
-41.478801 36.900483 -9
-40.125668 38.312770 3
-38.772531 39.725058 15
-37.324955 41.037826 25
-35.877379 42.350598 34
-34.342473 43.558010 40
-32.807566 44.765170 45
-31.192436 45.861640 48
-29.577559 46.957604 50
-27.890581 47.937548 50
-26.203860 48.917237 48
-24.452907 49.776087 46
-22.702208 50.634679 43
-20.896166 51.368622 39
-19.089871 52.102058 34
-17.237369 52.707283 29
-15.384870 53.312261 24
-13.494796 53.785729 19
-11.604722 54.259457 14
-9.686215 54.599643 10
-7.767962 54.939326 6
-5.830668 55.143948 3
-3.893374 55.348564 1
-1.946687 55.416860 0
0.000000 55.485404 0
1.946687 55.416860 0
3.893374 55.348564 1
5.830668 55.143948 3
7.767962 54.939326 6
9.686215 54.599643 10
11.604722 54.259457 14
13.494796 53.785729 19
15.384870 53.312261 24
17.237369 52.707283 29
19.089871 52.102058 34
20.896166 51.368622 39
22.702208 50.634679 43
24.452907 49.776087 46
26.203860 48.917237 48
27.890581 47.937548 50
29.577559 46.957604 50
31.192436 45.861640 48
32.807566 44.765170 45
34.342473 43.558010 40
35.877379 42.350598 34
37.324955 41.037826 25
38.772531 39.725058 15
40.125668 38.312770 3
41.478801 36.900483 -9
42.731151 35.396040 -25
43.983244 33.890834 -41
45.128205 32.300837 -59
-44.348820 29.412289 -56
-43.251334 30.937294 -41
-42.154099 32.461793 -27
-40.954051 33.905053 -14
-39.753999 35.347295 -1
-38.456967 36.701448 9
-37.160193 38.055344 18
-35.772784 39.313784 26
-34.385376 40.572481 33
-32.914191 41.729880 38
-31.443007 42.887280 42
-29.895404 43.938309 44
-28.347550 44.989083 45
-26.730898 45.928408 45
-25.113988 46.867733 44
-23.436152 47.691040 41
-21.758060 48.514343 38
-20.027164 49.217569 34
-18.296014 49.920792 30
-16.520436 50.501142 26
-14.745113 51.080984 21
-12.933486 51.534906 17
-11.122112 51.989083 13
-9.283574 52.315053 9
-7.445037 52.640772 6
-5.588220 52.837014 3
-3.731658 53.033003 1
-1.865702 53.098503 0
0.000000 53.164252 0
1.865702 53.098503 0
3.731658 53.033003 1
5.588220 52.837014 3
7.445037 52.640772 6
9.283574 52.315053 9
11.122112 51.989083 13
12.933486 51.534906 17
14.745113 51.080984 21
16.520436 50.501142 26
18.296014 49.920792 30
20.027164 49.217569 34
21.758060 48.514343 38
23.436152 47.691040 41
25.113988 46.867733 44
26.730898 45.928408 45
28.347550 44.989083 45
29.895404 43.938309 44
31.443007 42.887280 42
32.914191 41.729880 38
34.385376 40.572481 33
35.772784 39.313784 26
37.160193 38.055344 18
38.456967 36.701448 9
39.753999 35.347295 -1
40.954051 33.905053 -14
42.154099 32.461793 -27
43.251334 30.937294 -41
44.348820 29.412289 -56
-43.298554 26.677836 -51
-42.396293 28.121603 -39
-41.347297 29.580602 -28
-40.298298 31.038588 -17
-39.151054 32.418633 -6
-38.003807 33.798171 3
-36.764154 35.092915 11
-35.524246 36.387409 19
-34.198021 37.591012 26
-32.871794 38.794364 31
-31.465348 39.900989 35
-30.058899 41.007617 37
-28.579335 42.012440 39
-27.099771 43.017011 40
-25.553948 43.915206 39
-24.008378 44.813152 38
-22.404418 45.600154 35
-20.800203 46.387156 32
-19.145469 47.059661 29
-17.490734 47.731913 25
-15.793348 48.286621 21
-14.095963 48.841076 17
-12.364052 49.275196 14
-10.632394 49.709318 10
-8.874841 50.020562 7
-7.117289 50.332063 4
-5.342219 50.519674 1
-3.567403 50.707286 0
-1.783702 50.769737 0
0.000000 50.832446 -1
1.783702 50.769737 0
3.567403 50.707286 0
5.342219 50.519674 1
7.117289 50.332063 4
8.874841 50.020562 7
10.632394 49.709318 10
12.364052 49.275196 14
14.095963 48.841076 17
15.793348 48.286621 21
17.490734 47.731913 25
19.145469 47.059661 29
20.800203 46.387156 32
22.404418 45.600154 35
24.008378 44.813152 38
25.553948 43.915206 39
27.099771 43.017011 40
28.579335 42.012440 39
30.058899 41.007617 37
31.465348 39.900989 35
32.871794 38.794364 31
34.198021 37.591012 26
35.524246 36.387409 19
36.764154 35.092915 11
38.003807 33.798171 3
39.151054 32.418633 -6
40.298298 31.038588 -17
41.347297 29.580602 -28
42.396293 28.121603 -39
43.298554 26.677836 -51
-41.346281 25.361005 -35
-40.444020 26.804772 -26
-39.443261 28.197260 -17
-38.442498 29.588728 -9
-37.348312 30.905814 -1
-36.253873 32.222391 5
-35.071083 33.457985 12
-33.888550 34.693322 18
-32.623255 35.842091 23
-31.357957 36.990354 27
-30.016247 38.046459 30
-28.674791 39.102564 32
-27.263265 40.061437 33
-25.851739 41.019802 33
-24.377252 41.876873 32
-22.902768 42.733689 30
-21.372683 43.484640 28
-19.842346 44.235845 26
-18.263772 44.877379 23
-16.685199 45.519167 19
-15.066007 46.048235 16
-13.446813 46.577305 12
-11.794872 46.991622 9
-10.142930 47.405688 6
-8.466108 47.702971 3
-6.789541 47.999999 1
-5.096217 48.178980 0
-3.403148 48.357958 -2
-1.701447 48.417620 -3
0.000000 48.477533 -3
1.701447 48.417620 -3
3.403148 48.357958 -2
5.096217 48.178980 0
6.789541 47.999999 1
8.466108 47.702971 3
10.142930 47.405688 6
11.794872 46.991622 9
13.446813 46.577305 12
15.066007 46.048235 16
16.685199 45.519167 19
18.263772 44.877379 23
19.842346 44.235845 26
21.372683 43.484640 28
22.902768 42.733689 30
24.377252 41.876873 32
25.851739 41.019802 33
27.263265 40.061437 33
28.674791 39.102564 32
30.016247 38.046459 30
31.357957 36.990354 27
32.623255 35.842091 23
33.888550 34.693322 18
35.071083 33.457985 12
36.253873 32.222391 5
37.348312 30.905814 -1
38.442498 29.588728 -9
39.443261 28.197260 -17
40.444020 26.804772 -26
41.346281 25.361005 -35
-40.180756 22.718965 -27
-39.322672 24.109420 -22
-38.464585 25.499112 -16
-37.512821 26.824066 -10
-36.561056 28.148261 -4
-35.520437 29.401371 1
-34.479564 30.653718 6
-33.354658 31.829399 11
-32.230009 33.004317 15
-31.026657 34.096978 19
-29.823305 35.189388 21
-28.547347 36.193956 23
-27.271388 37.198273 25
-25.928917 38.110435 25
-24.586444 39.022086 25
-23.184310 39.837267 24
-21.781924 40.652197 22
-20.326732 41.366338 20
-18.871288 42.080733 18
-17.369891 42.690784 15
-15.868749 43.301092 13
-14.328763 43.804264 10
-12.788779 44.307439 7
-11.217568 44.701448 4
-9.646357 45.095203 1
-8.051790 45.378016 -1
-6.457223 45.660572 -3
-4.846915 45.830922 -4
-3.236354 46.001015 -6
-1.618177 46.057882 -6
0.000000 46.114749 -7
1.618177 46.057882 -6
3.236354 46.001015 -6
4.846915 45.830922 -4
6.457223 45.660572 -3
8.051790 45.378016 -1
9.646357 45.095203 1
11.217568 44.701448 4
12.788779 44.307439 7
14.328763 43.804264 10
15.868749 43.301092 13
17.369891 42.690784 15
18.871288 42.080733 18
20.326732 41.366338 20
21.781924 40.652197 22
23.184310 39.837267 24
24.586444 39.022086 25
25.928917 38.110435 25
27.271388 37.198273 25
28.547347 36.193956 23
29.823305 35.189388 21
31.026657 34.096978 19
32.230009 33.004317 15
33.354658 31.829399 11
34.479564 30.653718 6
35.520437 29.401371 1
36.561056 28.148261 -4
37.512821 26.824066 -10
38.464585 25.499112 -16
39.322672 24.109420 -22
40.180756 22.718965 -27
-38.834223 20.182788 -17
-38.113227 21.525260 -15
-37.299314 22.845138 -12
-36.485403 24.164003 -8
-35.582635 25.421426 -5
-34.679869 26.678090 -1
-33.692562 27.867481 2
-32.705255 29.056106 5
-31.638233 30.171616 9
-30.571464 31.286875 11
-29.430058 32.323686 14
-28.288653 33.360496 15
-27.078192 34.313531 16
-25.867987 35.266566 17
-24.594568 36.132013 17
-23.321401 36.997206 16
-21.991114 37.770755 15
-20.661082 38.543793 14
-19.280529 39.221628 12
-17.900229 39.899467 10
-16.476009 40.478547 7
-15.052044 41.057375 5
-13.591266 41.534906 2
-12.130490 42.012440 0
-10.640264 42.386138 -2
-9.150038 42.759839 -4
-7.637471 43.028180 -6
-6.124905 43.296270 -8
-4.597360 43.457986 -10
-3.069815 43.619194 -11
-1.534907 43.673014 -11
0.000000 43.727089 -11
1.534907 43.673014 -11
3.069815 43.619194 -11
4.597360 43.457986 -10
6.124905 43.296270 -8
7.637471 43.028180 -6
9.150038 42.759839 -4
10.640264 42.386138 -2
12.130490 42.012440 0
13.591266 41.534906 2
15.052044 41.057375 5
16.476009 40.478547 7
17.900229 39.899467 10
19.280529 39.221628 12
20.661082 38.543793 14
21.991114 37.770755 15
23.321401 36.997206 16
24.594568 36.132013 17
25.867987 35.266566 17
27.078192 34.313531 16
28.288653 33.360496 15
29.430058 32.323686 14
30.571464 31.286875 11
31.638233 30.171616 9
32.705255 29.056106 5
33.692562 27.867481 2
34.679869 26.678090 -1
35.582635 25.421426 -5
36.485403 24.164003 -8
37.299314 22.845138 -12
38.113227 21.525260 -15
38.834223 20.182788 -17
-36.700178 19.048237 -5
-36.018787 20.349075 -5
-35.249555 21.597613 -4
-34.480326 22.844630 -3
-33.627061 24.033767 -1
-32.774054 25.221629 0
-31.841076 26.346027 1
-30.908098 27.469663 3
-29.899721 28.524246 5
-28.891344 29.578319 6
-27.812644 30.558008 8
-26.733944 31.537955 8
-25.590251 32.438690 9
-24.446560 33.339426 9
-23.243209 34.157399 8
-22.039858 34.974868 7
-20.782686 35.705762 6
-19.525768 36.436659 5
-18.221122 37.077176 3
-16.916477 37.717694 1
-15.570704 38.264788 0
-14.224930 38.811882 -2
-12.844377 39.263264 -5
-11.464077 39.714394 -7
-10.055598 40.067530 -9
-8.647118 40.420666 -11
-7.217822 40.674284 -13
-5.788271 40.927647 -14
-4.344758 41.080224 -15
-2.901244 41.232801 -16
-1.450622 41.283829 -17
0.000000 41.334604 -17
1.450622 41.283829 -17
2.901244 41.232801 -16
4.344758 41.080224 -15
5.788271 40.927647 -14
7.217822 40.674284 -13
8.647118 40.420666 -11
10.055598 40.067530 -9
11.464077 39.714394 -7
12.844377 39.263264 -5
14.224930 38.811882 -2
15.570704 38.264788 0
16.916477 37.717694 1
18.221122 37.077176 3
19.525768 36.436659 5
20.782686 35.705762 6
22.039858 34.974868 7
23.243209 34.157399 8
24.446560 33.339426 9
25.590251 32.438690 9
26.733944 31.537955 8
27.812644 30.558008 8
28.891344 29.578319 6
29.899721 28.524246 5
30.908098 27.469663 3
31.841076 26.346027 1
32.774054 25.221629 0
33.627061 24.033767 -1
34.480326 22.844630 -3
35.249555 21.597613 -4
36.018787 20.349075 -5
36.700178 19.048237 -5
-35.207920 16.686215 6
-34.566135 17.913429 3
-33.924347 19.139884 1
-33.199797 20.316832 0
-32.475246 21.492259 0
-31.671745 22.613099 0
-30.868241 23.732926 0
-29.989592 24.792589 0
-29.110689 25.851486 0
-28.160955 26.845140 1
-27.211475 27.838539 1
-26.195480 28.761870 1
-25.179487 29.685201 1
-24.102311 30.534145 1
-23.024880 31.382839 0
-21.891597 32.153847 0
-20.758314 32.924093 0
-19.574258 33.612592 -2
-18.390201 34.301346 -3
-17.161462 34.904799 -5
-15.932725 35.508252 -7
-14.665397 36.023863 -9
-13.397816 36.539478 -11
-12.097486 36.964459 -13
-10.797410 37.389694 -15
-9.470932 37.722265 -17
-8.144453 38.055090 -18
-6.798172 38.293984 -20
-5.451638 38.532624 -21
-4.092155 38.676567 -22
-2.732419 38.820259 -23
-1.366337 38.868241 -23
0.000000 38.916223 -23
1.366337 38.868241 -23
2.732419 38.820259 -23
4.092155 38.676567 -22
5.451638 38.532624 -21
6.798172 38.293984 -20
8.144453 38.055090 -18
9.470932 37.722265 -17
10.797410 37.389694 -15
12.097486 36.964459 -13
13.397816 36.539478 -11
14.665397 36.023863 -9
15.932725 35.508252 -7
17.161462 34.904799 -5
18.390201 34.301346 -3
19.574258 33.612592 -2
20.758314 32.924093 0
21.891597 32.153847 0
23.024880 31.382839 0
24.102311 30.534145 1
25.179487 29.685201 1
26.195480 28.761870 1
27.211475 27.838539 1
28.160955 26.845140 1
29.110689 25.851486 0
29.989592 24.792589 0
30.868241 23.732926 0
31.671745 22.613099 0
32.475246 21.492259 0
33.199797 20.316832 0
33.924347 19.139884 1
34.566135 17.913429 3
35.207920 16.686215 6
-33.008122 15.650926 15
-32.406448 16.802996 10
-31.804774 17.953797 7
-31.125413 19.057630 4
-30.446307 20.160447 2
-29.693069 21.211475 0
-28.939580 22.261742 0
-28.115765 23.255396 -1
-27.291953 24.248287 -2
-26.401624 25.180248 -3
-25.511298 26.111450 -3
-24.558771 26.977152 -4
-23.606245 27.842853 -5
-22.596344 28.638743 -6
-21.586443 29.434375 -7
-20.523737 30.156639 -8
-19.461285 30.878902 -9
-18.351358 31.524753 -11
-17.241432 32.170092 -12
-16.089363 32.735719 -14
-14.937294 33.301345 -16
-13.748921 33.784718 -18
-12.560549 34.267833 -19
-11.341711 34.666667 -21
-10.122874 35.064990 -23
-8.879157 35.376999 -24
-7.635441 35.688754 -26
-6.373445 35.912668 -27
-5.111196 36.136584 -28
-3.836507 36.271388 -29
-2.561818 36.406195 -30
-1.280782 36.451128 -30
0.000000 36.496318 -30
1.280782 36.451128 -30
2.561818 36.406195 -30
3.836507 36.271388 -29
5.111196 36.136584 -28
6.373445 35.912668 -27
7.635441 35.688754 -26
8.879157 35.376999 -24
10.122874 35.064990 -23
11.341711 34.666667 -21
12.560549 34.267833 -19
13.748921 33.784718 -18
14.937294 33.301345 -16
16.089363 32.735719 -14
17.241432 32.170092 -12
18.351358 31.524753 -11
19.461285 30.878902 -9
20.523737 30.156639 -8
21.586443 29.434375 -7
22.596344 28.638743 -6
23.606245 27.842853 -5
24.558771 26.977152 -4
25.511298 26.111450 -3
26.401624 25.180248 -3
27.291953 24.248287 -2
28.115765 23.255396 -1
28.939580 22.261742 0
29.693069 21.211475 0
30.446307 20.160447 2
31.125413 19.057630 4
31.804774 17.953797 7
32.406448 16.802996 10
33.008122 15.650926 15
-31.294998 13.502411 29
-30.808328 14.577811 22
-30.246764 15.654735 16
-29.685201 16.730135 11
-29.051281 17.761615 7
-28.417364 18.792078 3
-27.714142 19.773801 0
-27.011170 20.755015 -1
-26.242195 21.683168 -3
-25.473217 22.610561 -5
-24.642042 23.481088 -7
-23.811119 24.350852 -8
-22.922062 25.159686 -10
-22.033258 25.968012 -11
-21.090378 26.711349 -13
-20.147753 27.454431 -14
-19.156131 28.128967 -16
-18.164255 28.803505 -17
-17.128205 29.406447 -19
-16.092409 30.009138 -21
-15.017010 30.537192 -22
-13.941863 31.065500 -24
-12.832699 31.516881 -26
-11.723534 31.968011 -27
-10.585936 32.340442 -29
-9.448083 32.712365 -31
-8.287383 33.003809 -32
-7.126682 33.294998 -33
-5.948718 33.503934 -34
-4.770500 33.712870 -35
-3.580858 33.838792 -36
-2.390962 33.964712 -37
-1.195481 34.006601 -37
0.000000 34.048742 -37
1.195481 34.006601 -37
2.390962 33.964712 -37
3.580858 33.838792 -36
4.770500 33.712870 -35
5.948718 33.503934 -34
7.126682 33.294998 -33
8.287383 33.003809 -32
9.448083 32.712365 -31
10.585936 32.340442 -29
11.723534 31.968011 -27
12.832699 31.516881 -26
13.941863 31.065500 -24
15.017010 30.537192 -22
16.092409 30.009138 -21
17.128205 29.406447 -19
18.164255 28.803505 -17
19.156131 28.128967 -16
20.147753 27.454431 -14
21.090378 26.711349 -13
22.033258 25.968012 -11
22.922062 25.159686 -10
23.811119 24.350852 -8
24.642042 23.481088 -7
25.473217 22.610561 -5
26.242195 21.683168 -3
27.011170 20.755015 -1
27.714142 19.773801 0
28.417364 18.792078 3
29.051281 17.761615 7
29.685201 16.730135 11
30.246764 15.654735 16
30.808328 14.577811 22
31.294998 13.502411 29
-29.512567 11.468138 44
-29.060928 12.507744 35
-28.609039 13.545063 28
-28.087586 14.546331 21
-27.565878 15.545569 15
-26.977406 16.503934 9
-26.388676 17.461286 5
-25.735719 18.373445 1
-25.082762 19.284590 -2
-24.368622 20.146740 -5
-23.654735 21.007870 -8
-22.882965 21.815945 -10
-22.111196 22.623763 -13
-21.285860 23.374714 -15
-20.460269 24.125414 -17
-19.584920 24.815689 -19
-18.709570 25.505459 -21
-17.788525 26.131761 -23
-16.867478 26.758060 -25
-15.905560 27.317848 -26
-14.943387 27.877379 -28
-13.945163 28.367861 -30
-12.946687 28.858339 -32
-11.916730 29.277481 -33
-10.886773 29.696369 -35
-9.830160 30.041888 -36
-8.773546 30.387407 -38
-7.695862 30.658035 -39
-6.617923 30.928155 -40
-5.523991 31.122367 -41
-4.430058 31.316325 -42
-3.325209 31.433105 -43
-2.220360 31.550140 -43
-1.110180 31.588983 -43
0.000000 31.628077 -44
1.110180 31.588983 -43
2.220360 31.550140 -43
3.325209 31.433105 -43
4.430058 31.316325 -42
5.523991 31.122367 -41
6.617923 30.928155 -40
7.695862 30.658035 -39
8.773546 30.387407 -38
9.830160 30.041888 -36
10.886773 29.696369 -35
11.916730 29.277481 -33
12.946687 28.858339 -32
13.945163 28.367861 -30
14.943387 27.877379 -28
15.905560 27.317848 -26
16.867478 26.758060 -25
17.788525 26.131761 -23
18.709570 25.505459 -21
19.584920 24.815689 -19
20.460269 24.125414 -17
21.285860 23.374714 -15
22.111196 22.623763 -13
22.882965 21.815945 -10
23.654735 21.007870 -8
24.368622 20.146740 -5
25.082762 19.284590 -2
25.735719 18.373445 1
26.388676 17.461286 5
26.977406 16.503934 9
27.565878 15.545569 15
28.087586 14.546331 21
28.609039 13.545063 28
29.060928 12.507744 35
29.512567 11.468138 44
-27.243717 10.551408 51
-26.409495 12.472709 33
-25.446813 14.322164 18
-24.359989 16.092918 6
-23.154354 17.778117 -2
-21.835999 19.370653 -9
-20.411272 20.863673 -16
-18.887280 22.250824 -21
-17.271135 23.525769 -26
-15.570704 24.682915 -30
-13.794618 25.716933 -34
-11.951257 26.623002 -38
-10.049758 27.397056 -41
-8.099264 28.035036 -44
-6.109165 28.534653 -46
-4.089363 28.893374 -48
-2.049759 29.108910 -49
0.000000 29.181009 -49
2.049759 29.108910 -49
4.089363 28.893374 -48
6.109165 28.534653 -46
8.099264 28.035036 -44
10.049758 27.397056 -41
11.951257 26.623002 -38
13.794618 25.716933 -34
15.570704 24.682915 -30
17.271135 23.525769 -26
18.887280 22.250824 -21
20.411272 20.863673 -16
21.835999 19.370653 -9
23.154354 17.778117 -2
24.359989 16.092918 6
25.446813 14.322164 18
26.409495 12.472709 33
27.243717 10.551408 51
-24.923839 9.669204 57
-24.160701 11.429044 38
-23.223153 13.095963 22
-22.285606 14.741814 9
-21.130997 16.249049 -1
-19.976644 17.739528 -10
-18.627824 19.063469 -17
-17.279005 20.373699 -24
-15.761868 21.491497 -29
-14.244986 22.597613 -34
-12.589236 23.489973 -39
-10.933486 24.371668 -42
-9.171617 25.022341 -46
-7.409494 25.663112 -48
-5.575273 26.060168 -51
-3.741051 26.447830 -52
-1.870526 26.583905 -53
0.000000 26.710841 -53
1.870526 26.583905 -53
3.741051 26.447830 -52
5.575273 26.060168 -51
7.409494 25.663112 -48
9.171617 25.022341 -46
10.933486 24.371668 -42
12.589236 23.489973 -39
14.244986 22.597613 -34
15.761868 21.491497 -29
17.279005 20.373699 -24
18.627824 19.063469 -17
19.976644 17.739528 -10
21.130997 16.249049 -1
22.285606 14.741814 9
23.223153 13.095963 22
24.160701 11.429044 38
24.923839 9.669204 57
-22.603960 8.731659 62
-21.911906 10.332063 43
-21.061437 11.840314 27
-20.211221 13.342474 13
-19.164255 14.705509 1
-18.117289 16.065246 -8
-16.893882 17.261997 -17
-15.670729 18.456715 -24
-14.294745 19.466617 -30
-12.919015 20.475756 -36
-11.417365 21.280782 -40
-9.915968 22.085808 -44
-8.317848 22.671999 -48
-6.719726 23.257679 -51
-5.056359 23.613862 -53
-3.392993 23.970045 -54
-1.696370 24.089363 -55
0.000000 24.208684 -56
1.696370 24.089363 -55
3.392993 23.970045 -54
5.056359 23.613862 -53
6.719726 23.257679 -51
8.317848 22.671999 -48
9.915968 22.085808 -44
11.417365 21.280782 -40
12.919015 20.475756 -36
14.294745 19.466617 -30
15.670729 18.456715 -24
16.893882 17.261997 -17
18.117289 16.065246 -8
19.164255 14.705509 1
20.211221 13.342474 13
21.061437 11.840314 27
21.911906 10.332063 43
22.603960 8.731659 62
-20.265296 7.846409 69
-19.644834 9.282305 49
-18.882458 10.634425 32
-18.120081 11.980706 18
-17.181519 13.202082 6
-16.242701 14.420412 -4
-15.145976 15.492511 -13
-14.049252 16.563088 -21
-12.815689 17.468141 -28
-11.582382 18.372177 -34
-10.236101 19.093678 -39
-8.890073 19.814928 -43
-7.457222 20.340190 -47
-6.024625 20.865194 -50
-4.533130 21.184058 -52
-3.041889 21.503174 -54
-1.520944 21.610307 -55
0.000000 21.717189 -55
1.520944 21.610307 -55
3.041889 21.503174 -54
4.533130 21.184058 -52
6.024625 20.865194 -50
7.457222 20.340190 -47
8.890073 19.814928 -43
10.236101 19.093678 -39
11.582382 18.372177 -34
12.815689 17.468141 -28
14.049252 16.563088 -21
15.145976 15.492511 -13
16.242701 14.420412 -4
17.181519 13.202082 6
18.120081 11.980706 18
18.882458 10.634425 32
19.644834 9.282305 49
20.265296 7.846409 69
-17.926631 6.901496 75
-17.377761 8.176442 57
-16.703224 9.376239 40
-16.028941 10.570194 26
-15.198527 11.652957 13
-14.368367 12.732673 2
-13.398071 13.682409 -7
-12.428028 14.630872 -15
-11.336887 15.432343 -23
-10.245747 16.233055 -29
-9.054837 16.872048 -34
-7.863925 17.510535 -39
-6.596598 17.975630 -43
-5.329271 18.440467 -46
-4.010155 18.723026 -48
-2.690784 19.005331 -50
-1.345519 19.100279 -51
0.000000 19.194721 -51
1.345519 19.100279 -51
2.690784 19.005331 -50
4.010155 18.723026 -48
5.329271 18.440467 -46
6.596598 17.975630 -43
7.863925 17.510535 -39
9.054837 16.872048 -34
10.245747 16.233055 -29
11.336887 15.432343 -23
12.428028 14.630872 -15
13.398071 13.682409 -7
14.368367 12.732673 2
15.198527 11.652957 13
16.028941 10.570194 26
16.703224 9.376239 40
17.377761 8.176442 57
17.926631 6.901496 75
-15.621224 6.033257 84
-15.142675 7.143945 66
-14.555217 8.188627 50
-13.967504 9.228230 36
-13.243970 10.170601 23
-12.520436 11.110688 12
-11.675045 11.937800 2
-10.829652 12.763391 -6
-9.878903 13.461284 -13
-8.928154 14.158418 -20
-7.890327 14.714902 -25
-6.852754 15.270881 -30
-5.748413 15.676059 -34
-4.643818 16.080732 -37
-3.494288 16.326732 -39
-2.344758 16.572735 -41
-1.172379 16.655244 -42
0.000000 16.737752 -42
1.172379 16.655244 -42
2.344758 16.572735 -41
3.494288 16.326732 -39
4.643818 16.080732 -37
5.748413 15.676059 -34
6.852754 15.270881 -30
7.890327 14.714902 -25
8.928154 14.158418 -20
9.878903 13.461284 -13
10.829652 12.763391 -6
11.675045 11.937800 2
12.520436 11.110688 12
13.243970 10.170601 23
13.967504 9.228230 36
14.555217 8.188627 50
15.142675 7.143945 66
15.621224 6.033257 84
-12.907845 6.054074 77
-11.906068 7.838029 49
-10.672506 9.447067 26
-9.231277 10.858846 8
-7.610307 12.049758 -5
-5.841330 12.999493 -16
-3.958619 13.690531 -23
-1.998731 14.110436 -27
0.000000 14.251332 -29
1.998731 14.110436 -27
3.958619 13.690531 -23
5.841330 12.999493 -16
7.610307 12.049758 -5
9.231277 10.858846 8
10.672506 9.447067 26
11.906068 7.838029 49
12.907845 6.054074 77
-10.597868 5.000761 91
-9.680122 6.401879 65
-8.762630 7.778370 44
-7.505459 8.850977 27
-6.248286 9.911145 13
-4.749175 10.588221 3
-3.250064 11.256410 -3
-1.625032 11.490225 -7
0.000000 11.715917 -9
1.625032 11.490225 -7
3.250064 11.256410 -3
4.749175 10.588221 3
6.248286 9.911145 13
7.505459 8.850977 27
8.762630 7.778370 44
9.680122 6.401879 65
10.597868 5.000761 91
-8.287637 3.874079 108
-7.569941 4.971819 85
-6.852501 6.058390 67
-5.869256 6.896420 51
-4.886266 7.731404 39
-3.713887 8.258950 30
-2.541508 8.785733 23
-1.270881 8.965727 19
0.000000 9.145721 18
1.270881 8.965727 19
2.541508 8.785733 23
3.713887 8.258950 30
4.886266 7.731404 39
5.869256 6.896420 51
6.852501 6.058390 67
7.569941 4.971819 85
8.287637 3.874079 108
-5.638995 3.304647 110
-4.921554 4.368623 95
-4.215537 4.968519 82
-3.509520 5.566641 72
-2.667428 5.944656 64
-1.825336 6.322417 58
-0.912668 6.451383 54
0.000000 6.580351 54
0.912668 6.451383 54
1.825336 6.322417 58
2.667428 5.944656 64
3.509520 5.566641 72
4.215537 4.968519 82
4.921554 4.368623 95
5.638995 3.304647 110
-2.990607 2.630111 128
-2.132521 3.363289 112
-1.109165 3.824575 102
0.000000 3.981974 99
1.109165 3.824575 102
2.132521 3.363289 112
2.990607 2.630111 128
