# Active surface commands at 20.604256
# Zero points are Off, FEM corrections are Off
-12.741051 103.255394 -141
-10.929931 103.478548 -138
-9.111958 103.637726 -136
-7.293983 103.797412 -135
-5.471693 103.893116 -133
-3.649150 103.988833 -133
-1.824575 104.021075 -132
0.000000 104.052809 -132
1.824575 104.021075 -132
3.649150 103.988833 -133
5.471693 103.893116 -133
7.293983 103.797412 -135
9.111958 103.637726 -136
10.929931 103.478548 -138
12.741051 103.255394 -141
-23.048235 99.466362 -141
-21.336126 99.861387 -136
-19.578065 100.204114 -132
-17.820005 100.546840 -129
-16.051028 100.827872 -125
-14.282051 101.109163 -122
-12.504442 101.327749 -120
-10.726834 101.546838 -117
-8.942625 101.703220 -115
-7.158416 101.859863 -114
-5.369891 101.953794 -113
-3.581366 102.047726 -112
-1.790810 102.079205 -111
0.000000 102.110431 -111
1.790810 102.079205 -111
3.581366 102.047726 -112
5.369891 101.953794 -113
7.158416 101.859863 -114
8.942625 101.703220 -115
10.726834 101.546838 -117
12.504442 101.327749 -120
14.282051 101.109163 -122
16.051028 100.827872 -125
17.820005 100.546840 -129
19.578065 100.204114 -132
21.336126 99.861387 -136
23.048235 99.466362 -141
-29.431075 95.752474 -140
-27.750698 96.268088 -135
-26.053567 96.724041 -129
-24.356436 97.180501 -124
-22.644327 97.566385 -120
-20.932217 97.961664 -116
-19.207413 98.297790 -112
-17.482610 98.634170 -108
-15.747145 98.909623 -105
-14.011678 99.185578 -102
-12.267835 99.400352 -99
-10.523737 99.615127 -97
-8.773292 99.768466 -95
-7.023103 99.922314 -94
-5.268342 100.014472 -93
-3.513582 100.106625 -92
-1.756791 100.137596 -91
0.000000 100.168314 -91
1.756791 100.137596 -91
3.513582 100.106625 -92
5.268342 100.014472 -93
7.023103 99.922314 -94
8.773292 99.768466 -95
10.523737 99.615127 -97
12.267835 99.400352 -99
14.011678 99.185578 -102
15.747145 98.909623 -105
17.482610 98.634170 -108
19.207413 98.297790 -112
20.932217 97.961664 -116
22.644327 97.566385 -120
24.356436 97.180501 -124
26.053567 96.724041 -129
27.750698 96.268088 -135
29.431075 95.752474 -140
-33.758314 92.233310 -138
-32.129727 92.795887 -132
-30.500890 93.358464 -126
-28.853517 93.863672 -120
-27.206144 94.368874 -114
-25.542269 94.816198 -109
-23.878396 95.263517 -105
-22.200051 95.651942 -100
-20.521453 96.040875 -96
-18.830413 96.370399 -92
-17.139629 96.700178 -89
-15.438182 96.970295 -85
-13.736736 97.240672 -83
-12.026910 97.451380 -80
-10.317339 97.661841 -78
-8.601167 97.812391 -76
-6.885250 97.963189 -75
-5.165016 98.053569 -73
-3.444783 98.143942 -73
-1.722264 98.174158 -72
0.000000 98.204367 -72
1.722264 98.174158 -72
3.444783 98.143942 -73
5.165016 98.053569 -73
6.885250 97.963189 -75
8.601167 97.812391 -76
10.317339 97.661841 -78
12.026910 97.451380 -80
13.736736 97.240672 -83
15.438182 96.970295 -85
17.139629 96.700178 -89
18.830413 96.370399 -92
20.521453 96.040875 -96
22.200051 95.651942 -100
23.878396 95.263517 -105
25.542269 94.816198 -109
27.206144 94.368874 -114
28.853517 93.863672 -120
30.500890 93.358464 -126
32.129727 92.795887 -132
33.758314 92.233310 -138
-37.788525 88.513329 -139
-36.234578 89.175168 -131
-34.658542 89.781925 -125
-33.082762 90.376744 -118
-31.486418 90.928152 -112
-29.890328 91.479560 -106
-28.275959 91.974610 -100
-26.661588 92.469659 -95
-25.030972 92.908096 -90
-23.400355 93.346279 -86
-21.755522 93.727340 -81
-20.110687 94.108401 -77
-18.453669 94.431325 -73
-16.796395 94.754503 -70
-15.129221 95.019296 -67
-13.461793 95.284336 -64
-11.786240 95.490731 -62
-10.110688 95.696877 -60
-8.429043 95.844632 -58
-6.747398 95.992127 -56
-5.061437 96.080728 -55
-3.375730 96.169329 -55
-1.687992 96.199036 -54
0.000000 96.228737 -54
1.687992 96.199036 -54
3.375730 96.169329 -55
5.061437 96.080728 -55
6.747398 95.992127 -56
8.429043 95.844632 -58
10.110688 95.696877 -60
11.786240 95.490731 -62
13.461793 95.284336 -64
15.129221 95.019296 -67
16.796395 94.754503 -70
18.453669 94.431325 -73
20.110687 94.108401 -77
21.755522 93.727340 -81
23.400355 93.346279 -86
25.030972 92.908096 -90
26.661588 92.469659 -95
28.275959 91.974610 -100
29.890328 91.479560 -106
31.486418 90.928152 -112
33.082762 90.376744 -118
34.658542 89.781925 -125
36.234578 89.175168 -131
37.788525 88.513329 -139
-39.992131 85.333588 -134
-38.525769 86.017008 -126
-37.004061 86.665143 -119
-35.482357 87.313278 -112
-33.939070 87.907589 -105
-32.395784 88.501900 -99
-30.832953 89.041885 -93
-29.269864 89.581871 -87
-27.689008 90.067022 -82
-26.108150 90.551913 -77
-24.511297 90.980959 -72
-22.914699 91.410254 -68
-21.303884 91.783444 -63
-19.693322 92.156386 -59
-18.070576 92.472709 -56
-16.447830 92.789286 -52
-14.815182 93.048742 -50
-13.182280 93.308198 -47
-11.541508 93.510279 -44
-9.900736 93.712366 -42
-8.254126 93.856817 -41
-6.607261 94.001522 -39
-4.956588 94.088345 -38
-3.305662 94.175173 -37
-1.652704 94.203857 -37
0.000000 94.233050 -37
1.652704 94.203857 -37
3.305662 94.175173 -37
4.956588 94.088345 -38
6.607261 94.001522 -39
8.254126 93.856817 -41
9.900736 93.712366 -42
11.541508 93.510279 -44
13.182280 93.308198 -47
14.815182 93.048742 -50
16.447830 92.789286 -52
18.070576 92.472709 -56
19.693322 92.156386 -59
21.303884 91.783444 -63
22.914699 91.410254 -68
24.511297 90.980959 -72
26.108150 90.551913 -77
27.689008 90.067022 -82
29.269864 89.581871 -87
30.832953 89.041885 -93
32.395784 88.501900 -99
33.939070 87.907589 -105
35.482357 87.313278 -112
37.004061 86.665143 -119
38.525769 86.017008 -126
39.992131 85.333588 -134
-43.525259 81.348821 -138
-42.083525 82.085805 -130
-40.641787 82.823303 -122
-39.175425 83.498858 -115
-37.709063 84.182532 -107
-36.219597 84.816957 -100
-34.730135 85.451382 -94
-33.219599 86.033253 -87
-31.709064 86.614877 -81
-30.179234 87.143439 -75
-28.649403 87.671995 -70
-27.102058 88.146988 -64
-25.554709 88.621479 -59
-23.991623 89.041631 -55
-22.428788 89.461790 -50
-20.852247 89.827114 -46
-19.275705 90.192179 -43
-17.687485 90.501901 -39
-16.099010 90.811629 -36
-14.500889 91.065755 -33
-12.902767 91.319626 -30
-11.297029 91.517387 -28
-9.691039 91.715154 -26
-8.078954 91.856816 -24
-6.467124 91.998224 -23
-4.851485 92.083268 -22
-3.235593 92.168317 -21
-1.617669 92.196493 -21
0.000000 92.224930 -21
1.617669 92.196493 -21
3.235593 92.168317 -21
4.851485 92.083268 -22
6.467124 91.998224 -23
8.078954 91.856816 -24
9.691039 91.715154 -26
11.297029 91.517387 -28
12.902767 91.319626 -30
14.500889 91.065755 -33
16.099010 90.811629 -36
17.687485 90.501901 -39
19.275705 90.192179 -43
20.852247 89.827114 -46
22.428788 89.461790 -50
23.991623 89.041631 -55
25.554709 88.621479 -59
27.102058 88.146988 -64
28.649403 87.671995 -70
30.179234 87.143439 -75
31.709064 86.614877 -81
33.219599 86.033253 -87
34.730135 85.451382 -94
36.219597 84.816957 -100
37.709063 84.182532 -107
39.175425 83.498858 -115
40.641787 82.823303 -122
42.083525 82.085805 -130
43.525259 81.348821 -138
-45.334856 78.006345 -136
-43.951002 78.776593 -128
-42.566894 79.546588 -119
-41.156894 80.267326 -112
-39.747144 80.988573 -104
-38.313024 81.659560 -97
-36.878650 82.331049 -90
-35.422189 82.951255 -83
-33.965474 83.571716 -76
-32.488194 84.140900 -70
-31.010917 84.710078 -64
-29.514851 85.226957 -58
-28.018533 85.744096 -53
-26.505205 86.208174 -48
-24.992130 86.672506 -43
-23.463569 87.083523 -39
-21.935009 87.494540 -34
-20.393246 87.851739 -30
-18.851231 88.208683 -27
-17.298045 88.511805 -23
-15.744605 88.814672 -20
-14.181772 89.063213 -17
-12.618685 89.311500 -15
-11.048236 89.505201 -13
-9.477533 89.698400 -11
-7.901244 89.836759 -9
-6.324702 89.975371 -8
-4.744605 90.058388 -7
-3.164255 90.141404 -6
-1.582127 90.169079 -6
0.000000 90.197001 -5
1.582127 90.169079 -6
3.164255 90.141404 -6
4.744605 90.058388 -7
6.324702 89.975371 -8
7.901244 89.836759 -9
9.477533 89.698400 -11
11.048236 89.505201 -13
12.618685 89.311500 -15
14.181772 89.063213 -17
15.744605 88.814672 -20
17.298045 88.511805 -23
18.851231 88.208683 -27
20.393246 87.851739 -30
21.935009 87.494540 -34
23.463569 87.083523 -39
24.992130 86.672506 -43
26.505205 86.208174 -48
28.018533 85.744096 -53
29.514851 85.226957 -58
31.010917 84.710078 -64
32.488194 84.140900 -70
33.965474 83.571716 -76
35.422189 82.951255 -83
36.878650 82.331049 -90
38.313024 81.659560 -97
39.747144 80.988573 -104
41.156894 80.267326 -112
42.566894 79.546588 -119
43.951002 78.776593 -128
45.334856 78.006345 -136
-46.965981 74.651943 -135
-45.640265 75.489211 -126
-44.314294 76.238640 -118
-42.961412 76.991367 -110
-41.608529 77.744100 -102
-40.230517 78.448847 -94
-38.852247 79.153843 -87
-37.450369 79.809849 -80
-36.048488 80.466110 -73
-34.624778 81.072606 -66
-33.200813 81.679357 -60
-31.756792 82.235593 -54
-30.312770 82.791823 -48
-28.850217 83.297286 -43
-27.387663 83.802742 -37
-25.908606 84.256407 -32
-24.429297 84.710332 -28
-22.935262 85.111959 -23
-21.441229 85.513833 -19
-19.933994 85.863161 -15
-18.427013 86.211980 -12
-16.908607 86.508252 -8
-15.390200 86.804518 -5
-13.862401 87.047475 -3
-12.334602 87.290172 0
-10.799442 87.479311 1
-9.264281 87.668444 3
-7.723280 87.803753 4
-6.182534 87.939069 6
-4.637725 88.020307 7
-3.093171 88.101550 7
-1.546585 88.128456 8
0.000000 88.155622 8
1.546585 88.128456 8
3.093171 88.101550 7
4.637725 88.020307 7
6.182534 87.939069 6
7.723280 87.803753 4
9.264281 87.668444 3
10.799442 87.479311 1
12.334602 87.290172 0
13.862401 87.047475 -3
15.390200 86.804518 -5
16.908607 86.508252 -8
18.427013 86.211980 -12
19.933994 85.863161 -15
21.441229 85.513833 -19
22.935262 85.111959 -23
24.429297 84.710332 -28
25.908606 84.256407 -32
27.387663 83.802742 -37
28.850217 83.297286 -43
30.312770 82.791823 -48
31.756792 82.235593 -54
33.200813 81.679357 -60
34.624778 81.072606 -66
36.048488 80.466110 -73
37.450369 79.809849 -80
38.852247 79.153843 -87
40.230517 78.448847 -94
41.608529 77.744100 -102
42.961412 76.991367 -110
44.314294 76.238640 -118
45.640265 75.489211 -126
46.965981 74.651943 -135
-47.107389 72.095458 -125
-45.870779 72.898959 -117
-45.226199 73.294493 -112
-44.575780 73.680122 -109
-43.280781 74.461285 -100
-41.959635 75.196496 -93
-41.301599 75.569178 -88
-40.638233 75.931707 -85
-39.292205 76.620210 -77
-37.946178 77.308960 -71
-37.264025 77.634680 -67
-36.577051 77.949478 -64
-35.207920 78.590503 -57
-33.817214 79.183042 -51
-33.124143 79.484638 -47
-32.426505 79.775580 -45
-31.016247 80.318863 -39
-29.605739 80.862400 -33
-28.893628 81.114746 -30
-28.177457 81.356179 -28
-26.748921 81.849710 -23
-25.304392 82.292968 -18
-24.583650 82.520182 -15
-23.859609 82.736227 -13
-22.400355 83.128711 -9
-20.941102 83.521196 -5
-20.206397 83.697381 -3
-19.469155 83.862150 -1
-17.997207 84.203097 1
-16.514344 84.492509 4
-15.773801 84.642805 6
-15.031227 84.781672 7
-13.539223 85.019038 10
-12.046966 85.256156 12
-11.298045 85.354147 14
-10.547601 85.440721 14
-9.048236 85.625795 16
-7.543285 85.757807 18
-6.791318 85.829654 19
-6.038335 85.890073 19
-4.529576 85.969284 20
-3.021071 86.048742 21
-2.265804 86.067529 21
-1.510536 86.075146 21
0.000000 86.101295 21
1.510536 86.075146 21
2.265804 86.067529 21
3.021071 86.048742 21
4.529576 85.969284 20
6.038335 85.890073 19
6.791318 85.829654 19
7.543285 85.757807 18
9.048236 85.625795 16
10.547601 85.440721 14
11.298045 85.354147 14
12.046966 85.256156 12
13.539223 85.019038 10
15.031227 84.781672 7
15.773801 84.642805 6
16.514344 84.492509 4
17.997207 84.203097 1
19.469155 83.862150 -1
20.206397 83.697381 -3
20.941102 83.521196 -5
22.400355 83.128711 -9
23.859609 82.736227 -13
24.583650 82.520182 -15
25.304392 82.292968 -18
26.748921 81.849710 -23
28.177457 81.356179 -28
28.893628 81.114746 -30
29.605739 80.862400 -33
31.016247 80.318863 -39
32.426505 79.775580 -45
33.124143 79.484638 -47
33.817214 79.183042 -51
35.207920 78.590503 -57
36.577051 77.949478 -64
37.264025 77.634680 -67
37.946178 77.308960 -71
39.292205 76.620210 -77
40.638233 75.931707 -85
41.301599 75.569178 -88
41.959635 75.196496 -93
43.280781 74.461285 -100
44.575780 73.680122 -109
45.226199 73.294493 -112
45.870779 72.898959 -117
47.107389 72.095458 -125
-49.664637 67.850213 -135
-47.856056 69.128712 -121
-46.012187 70.342728 -108
-44.146231 71.532112 -96
-42.247271 72.671237 -84
-40.315563 73.752726 -73
-38.353897 74.778879 -62
-36.374207 75.768978 -52
-34.367098 76.702210 -42
-32.333079 77.575017 -33
-30.275452 78.389439 -24
-28.203603 79.166289 -16
-26.110180 79.883978 -9
-23.996699 80.538459 -2
-21.865449 81.132522 3
-19.724041 81.687482 9
-17.567402 82.181515 14
-15.397309 82.610562 19
-13.215791 82.977659 23
-11.028180 83.304897 26
-8.832191 83.569943 29
-6.629094 83.769229 31
-4.421427 83.905561 32
-2.211729 84.001525 33
0.000000 84.034523 34
2.211729 84.001525 33
4.421427 83.905561 32
6.629094 83.769229 31
8.832191 83.569943 29
11.028180 83.304897 26
13.215791 82.977659 23
15.397309 82.610562 19
17.567402 82.181515 14
19.724041 81.687482 9
21.865449 81.132522 3
23.996699 80.538459 -2
26.110180 79.883978 -9
28.203603 79.166289 -16
30.275452 78.389439 -24
32.333079 77.575017 -33
34.367098 76.702210 -42
36.374207 75.768978 -52
38.353897 74.778879 -62
40.315563 73.752726 -73
42.247271 72.671237 -84
44.146231 71.532112 -96
46.012187 70.342728 -108
47.856056 69.128712 -121
49.664637 67.850213 -135
-49.543539 65.365829 -131
-48.424472 66.143181 -118
-46.661081 67.389946 -105
-44.863164 68.586440 -92
-43.043920 69.749173 -80
-41.192433 70.860115 -69
-39.308708 71.914953 -58
-37.396294 72.915458 -47
-35.465854 73.880932 -37
-33.509014 74.791064 -28
-31.525769 75.642042 -19
-29.519676 76.436407 -11
-27.499364 77.193702 -3
-25.458238 77.893627 3
-23.397309 78.531858 10
-21.319625 79.110940 16
-19.231532 79.652196 21
-17.128713 80.134044 26
-15.012693 80.552423 31
-12.885758 80.910639 35
-10.752983 81.229751 38
-8.611576 81.487943 40
-6.463570 81.682152 42
-4.310993 81.815180 44
-2.156385 81.908603 45
0.000000 81.941100 45
2.156385 81.908603 45
4.310993 81.815180 44
6.463570 81.682152 42
8.611576 81.487943 40
10.752983 81.229751 38
12.885758 80.910639 35
15.012693 80.552423 31
17.128713 80.134044 26
19.231532 79.652196 21
21.319625 79.110940 16
23.397309 78.531858 10
25.458238 77.893627 3
27.499364 77.193702 -3
29.519676 76.436407 -11
31.525769 75.642042 -19
33.509014 74.791064 -28
35.465854 73.880932 -37
37.396294 72.915458 -47
39.308708 71.914953 -58
41.192433 70.860115 -69
43.043920 69.749173 -80
44.863164 68.586440 -92
46.661081 67.389946 -105
48.424472 66.143181 -118
49.543539 65.365829 -131
-50.511044 61.871792 -128
-48.865955 63.241688 -114
-47.184310 64.435894 -102
-45.466109 65.651435 -89
-43.714141 66.816957 -77
-41.941608 67.950243 -65
-40.137345 69.032748 -54
-38.302106 70.060674 -44
-36.438438 71.035798 -34
-34.557501 71.976387 -24
-32.650672 72.863673 -15
-30.718456 73.692816 -6
-28.763646 74.466870 1
-26.795125 75.205130 8
-24.806296 75.887026 15
-22.798173 76.508757 22
-20.773547 77.073367 27
-18.739020 77.600659 33
-16.690022 78.070067 38
-14.628333 78.477786 42
-12.555725 78.826859 45
-10.477532 79.137852 49
-8.390962 79.389691 51
-6.298045 79.578830 53
-4.200559 79.708301 54
-2.101295 79.799443 55
0.000000 79.831177 56
2.101295 79.799443 55
4.200559 79.708301 54
6.298045 79.578830 53
8.390962 79.389691 51
10.477532 79.137852 49
12.555725 78.826859 45
14.628333 78.477786 42
16.690022 78.070067 38
18.739020 77.600659 33
20.773547 77.073367 27
22.798173 76.508757 22
24.806296 75.887026 15
26.795125 75.205130 8
28.763646 74.466870 1
30.718456 73.692816 -6
32.650672 72.863673 -15
34.557501 71.976387 -24
36.438438 71.035798 -34
38.302106 70.060674 -44
40.137345 69.032748 -54
41.941608 67.950243 -65
43.714141 66.816957 -77
45.466109 65.651435 -89
47.184310 64.435894 -102
48.865955 63.241688 -114
50.511044 61.871792 -128
-51.221884 58.386649 -125
-49.161462 60.205382 -112
-47.560295 61.484390 -99
-45.923837 62.716931 -86
-44.251334 63.899975 -74
-42.546332 65.034526 -63
-40.821019 66.137850 -52
-39.064992 67.191417 -41
-37.278752 68.191929 -31
-35.464838 69.141152 -21
-33.634425 70.057122 -12
-31.778370 70.920286 -3
-29.897691 71.727598 4
-27.995176 72.481087 12
-26.079208 73.199799 19
-24.143438 73.863162 26
-22.189135 74.468649 32
-20.218583 75.018278 38
-18.238132 75.531606 43
-16.244224 75.988574 48
-14.237370 76.385379 52
-12.220360 76.724802 55
-10.197512 77.027669 58
-8.166794 77.272659 61
-6.129728 77.456715 63
-4.088347 77.582889 64
-2.045189 77.671744 65
0.000000 77.702461 65
2.045189 77.671744 65
4.088347 77.582889 64
6.129728 77.456715 63
8.166794 77.272659 61
10.197512 77.027669 58
12.220360 76.724802 55
14.237370 76.385379 52
16.244224 75.988574 48
18.238132 75.531606 43
20.218583 75.018278 38
22.189135 74.468649 32
24.143438 73.863162 26
26.079208 73.199799 19
27.995176 72.481087 12
29.897691 71.727598 4
31.778370 70.920286 -3
33.634425 70.057122 -12
35.464838 69.141152 -21
37.278752 68.191929 -31
39.064992 67.191417 -41
40.821019 66.137850 -52
42.546332 65.034526 -63
44.251334 63.899975 -74
45.923837 62.716931 -86
47.560295 61.484390 -99
49.161462 60.205382 -112
51.221884 58.386649 -125
-50.844123 55.968014 -123
-49.346281 57.283826 -110
-47.811883 58.538972 -97
-46.254887 59.782942 -85
-44.663113 60.981723 -72
-43.036557 62.132518 -61
-41.378269 63.235849 -50
-39.700433 64.309213 -39
-37.992638 65.333841 -28
-36.255394 66.307187 -19
-34.491495 67.230514 -9
-32.711094 68.121352 0
-30.906068 68.960901 7
-29.076922 69.746384 15
-27.226706 70.479054 23
-25.363290 71.177963 30
-23.480832 71.823556 36
-21.580096 72.412289 42
-19.663366 72.946938 48
-17.737497 73.446307 53
-15.798172 73.890583 57
-13.846661 74.276720 61
-11.884996 74.607007 64
-9.917746 74.901495 67
-7.942625 75.139629 70
-5.961412 75.318864 71
-3.976136 75.441480 73
-1.989083 75.527800 74
0.000000 75.557755 74
1.989083 75.527800 74
3.976136 75.441480 73
5.961412 75.318864 71
7.942625 75.139629 70
9.917746 74.901495 67
11.884996 74.607007 64
13.846661 74.276720 61
15.798172 73.890583 57
17.737497 73.446307 53
19.663366 72.946938 48
21.580096 72.412289 42
23.480832 71.823556 36
25.363290 71.177963 30
27.226706 70.479054 23
29.076922 69.746384 15
30.906068 68.960901 7
32.711094 68.121352 0
34.491495 67.230514 -9
36.255394 66.307187 -19
37.992638 65.333841 -28
39.700433 64.309213 -39
41.378269 63.235849 -50
43.036557 62.132518 -61
44.663113 60.981723 -72
46.254887 59.782942 -85
47.811883 58.538972 -97
49.346281 57.283826 -110
50.844123 55.968014 -123
-51.183549 52.517642 -122
-49.385378 54.348058 -108
-47.930439 55.626050 -96
-46.440214 56.862149 -83
-44.927645 58.070320 -71
-43.381824 59.235340 -59
-41.801979 60.353137 -48
-40.191165 61.425236 -37
-38.561311 62.467634 -27
-36.902767 63.463571 -17
-35.215283 64.408735 -8
-33.501904 65.305659 1
-31.772532 66.171109 9
-30.019293 66.986801 17
-28.242701 67.749680 25
-26.445543 68.461537 32
-24.635695 69.140389 39
-22.807058 69.767451 45
-20.960904 70.339424 51
-19.099264 70.858590 56
-17.228739 71.343742 61
-15.345011 71.775323 65
-13.449353 72.150546 69
-11.544047 72.471437 72
-9.633156 72.757297 75
-7.714649 72.988830 77
-5.790556 73.162983 79
-3.862148 73.282053 80
-1.931962 73.365826 81
0.000000 73.395025 82
1.931962 73.365826 81
3.862148 73.282053 80
5.790556 73.162983 79
7.714649 72.988830 77
9.633156 72.757297 75
11.544047 72.471437 72
13.449353 72.150546 69
15.345011 71.775323 65
17.228739 71.343742 61
19.099264 70.858590 56
20.960904 70.339424 51
22.807058 69.767451 45
24.635695 69.140389 39
26.445543 68.461537 32
28.242701 67.749680 25
30.019293 66.986801 17
31.772532 66.171109 9
33.501904 65.305659 1
35.215283 64.408735 -8
36.902767 63.463571 -17
38.561311 62.467634 -27
40.191165 61.425236 -37
41.801979 60.353137 -48
43.381824 59.235340 -59
44.927645 58.070320 -71
46.440214 56.862149 -83
47.930439 55.626050 -96
49.385378 54.348058 -108
51.183549 52.517642 -122
-50.639250 50.142676 -120
-49.301345 51.358721 -107
-47.926884 52.727848 -94
-46.514851 53.968522 -82
-45.068545 55.168319 -70
-43.600661 56.340950 -59
-42.100278 57.471695 -47
-40.567148 58.556487 -37
-39.004062 59.597107 -26
-37.422441 60.609035 -16
-35.812644 61.575526 -7
-34.175172 62.493021 2
-32.512314 63.363541 10
-30.833969 64.203604 19
-29.132776 64.995174 26
-27.408479 65.735722 34
-25.664381 66.426505 41
-23.907844 67.085555 47
-22.133537 67.694084 53
-20.341711 68.249304 59
-18.535161 68.753235 64
-16.719727 69.223914 69
-14.891851 69.643056 73
-13.052044 70.007110 76
-11.203097 70.318611 79
-9.348565 70.596091 82
-7.486926 70.820764 84
-5.619447 70.989846 86
-3.747906 71.105359 87
-1.874841 71.186851 88
0.000000 71.215027 88
1.874841 71.186851 88
3.747906 71.105359 87
5.619447 70.989846 86
7.486926 70.820764 84
9.348565 70.596091 82
11.203097 70.318611 79
13.052044 70.007110 76
14.891851 69.643056 73
16.719727 69.223914 69
18.535161 68.753235 64
20.341711 68.249304 59
22.133537 67.694084 53
23.907844 67.085555 47
25.664381 66.426505 41
27.408479 65.735722 34
29.132776 64.995174 26
30.833969 64.203604 19
32.512314 63.363541 10
34.175172 62.493021 2
35.812644 61.575526 -7
37.422441 60.609035 -16
39.004062 59.597107 -26
40.567148 58.556487 -37
42.100278 57.471695 -47
43.600661 56.340950 -59
45.068545 55.168319 -70
46.514851 53.968522 -82
47.926884 52.727848 -94
49.301345 51.358721 -107
50.639250 50.142676 -120
-50.729118 46.764663 -119
-49.072861 48.576290 -106
-47.776340 49.856816 -94
-46.444274 51.100024 -82
-45.076163 52.302614 -70
-43.674536 53.465347 -58
-42.252096 54.601930 -47
-40.798173 55.697891 -36
-39.312516 56.749432 -26
-37.797664 57.758063 -16
-36.265041 58.738765 -6
-34.705002 59.675555 2
-33.118051 60.564862 11
-31.506729 61.408730 19
-29.880426 62.222644 27
-28.231532 62.989843 35
-26.560802 63.707538 42
-24.870526 64.377255 48
-23.168316 65.015739 55
-21.448845 65.605737 60
-19.712617 66.143689 66
-17.961920 66.632137 71
-16.202589 67.088350 75
-14.431074 67.494544 79
-12.648388 67.847169 83
-10.856563 68.149020 86
-9.059406 68.417872 88
-7.255395 68.635696 90
-5.445545 68.799442 92
-3.632140 68.911651 93
-1.816959 68.990354 94
0.000000 69.017774 94
1.816959 68.990354 94
3.632140 68.911651 93
5.445545 68.799442 92
7.255395 68.635696 90
9.059406 68.417872 88
10.856563 68.149020 86
12.648388 67.847169 83
14.431074 67.494544 79
16.202589 67.088350 75
17.961920 66.632137 71
19.712617 66.143689 66
21.448845 65.605737 60
23.168316 65.015739 55
24.870526 64.377255 48
26.560802 63.707538 42
28.231532 62.989843 35
29.880426 62.222644 27
31.506729 61.408730 19
33.118051 60.564862 11
34.705002 59.675555 2
36.265041 58.738765 -6
37.797664 57.758063 -16
39.312516 56.749432 -26
40.798173 55.697891 -36
42.252096 54.601930 -47
43.674536 53.465347 -58
45.076163 52.302614 -70
46.444274 51.100024 -82
47.776340 49.856816 -94
49.072861 48.576290 -106
50.729118 46.764663 -119
-49.935262 44.467630 -119
-48.739019 45.657526 -106
-48.335871 46.175425 -102
-47.506474 47.009900 -94
-46.677329 47.844376 -85
-46.251586 48.250062 -82
-44.961921 49.453668 -70
-43.637217 50.617922 -58
-43.191926 51.001522 -54
-42.280529 51.743842 -47
-41.369130 52.485908 -40
-40.903527 52.844378 -37
-39.496065 53.905562 -26
-38.057628 54.923837 -16
-37.574764 55.258184 -13
-36.591266 55.900480 -7
-35.607768 56.542522 0
-35.107388 56.849964 2
-33.597360 57.756792 10
-32.060929 58.617922 19
-31.546077 58.899722 22
-30.501141 59.434879 27
-29.456208 59.969788 32
-28.926632 60.223152 35
-27.330542 60.965980 42
-25.713126 61.660829 49
-25.171617 61.887027 51
-24.076669 62.309218 55
-22.981975 62.731404 59
-22.429042 62.927392 61
-20.764154 63.498603 67
-19.083270 64.019548 72
-18.521452 64.187359 73
-17.388677 64.492514 76
-16.255903 64.797159 79
-15.685453 64.934248 81
-13.970551 65.327494 85
-12.244732 65.668950 88
-11.668190 65.776846 89
-10.510028 65.961157 91
-9.351612 66.145468 93
-8.770246 66.221629 93
-7.023864 66.432598 95
-5.271897 66.591013 97
-4.687230 66.637982 97
-3.516121 66.699671 98
-2.345011 66.761106 99
-1.758822 66.775833 99
0.000000 66.802236 99
1.758822 66.775833 99
2.345011 66.761106 99
3.516121 66.699671 98
4.687230 66.637982 97
5.271897 66.591013 97
7.023864 66.432598 95
8.770246 66.221629 93
9.351612 66.145468 93
10.510028 65.961157 91
11.668190 65.776846 89
12.244732 65.668950 88
13.970551 65.327494 85
15.685453 64.934248 81
16.255903 64.797159 79
17.388677 64.492514 76
18.521452 64.187359 73
19.083270 64.019548 72
20.764154 63.498603 67
22.429042 62.927392 61
22.981975 62.731404 59
24.076669 62.309218 55
25.171617 61.887027 51
25.713126 61.660829 49
27.330542 60.965980 42
28.926632 60.223152 35
29.456208 59.969788 32
30.501141 59.434879 27
31.546077 58.899722 22
32.060929 58.617922 19
33.597360 57.756792 10
35.107388 56.849964 2
35.607768 56.542522 0
36.591266 55.900480 -7
37.574764 55.258184 -13
38.057628 54.923837 -16
39.496065 53.905562 -26
40.903527 52.844378 -37
41.369130 52.485908 -40
42.280529 51.743842 -47
43.191926 51.001522 -54
43.637217 50.617922 -58
44.961921 49.453668 -70
46.251586 48.250062 -82
46.677329 47.844376 -85
47.506474 47.009900 -94
48.335871 46.175425 -102
48.739019 45.657526 -106
49.935262 44.467630 -119
-49.675551 41.290681 -122
-48.268851 42.967250 -106
-46.694086 44.614369 -89
-45.119574 46.250319 -74
-43.434883 47.781924 -59
-41.750446 49.302870 -44
-39.964203 50.712111 -30
-38.177963 52.110431 -17
-36.298554 53.390710 -4
-34.419397 54.659813 7
-32.456206 55.804770 18
-30.493273 56.938565 29
-28.455699 57.942876 39
-26.418380 58.936024 48
-24.316578 59.794874 57
-22.215029 60.642802 65
-20.059152 61.351863 72
-17.903276 62.050264 78
-15.703732 62.606501 84
-13.504189 63.152325 89
-11.271896 63.552935 93
-9.039604 63.943386 97
-6.785224 64.186343 99
-4.530845 64.419141 101
-2.265296 64.503936 103
0.000000 64.578065 103
2.265296 64.503936 103
4.530845 64.419141 101
6.785224 64.186343 99
9.039604 63.943386 97
11.271896 63.552935 93
13.504189 63.152325 89
15.703732 62.606501 84
17.903276 62.050264 78
20.059152 61.351863 72
22.215029 60.642802 65
24.316578 59.794874 57
26.418380 58.936024 48
28.455699 57.942876 39
30.493273 56.938565 29
32.456206 55.804770 18
34.419397 54.659813 7
36.298554 53.390710 -4
38.177963 52.110431 -17
39.964203 50.712111 -30
41.750446 49.302870 -44
43.434883 47.781924 -59
45.119574 46.250319 -74
46.694086 44.614369 -89
48.268851 42.967250 -106
49.675551 41.290681 -122
-48.009138 39.790047 -110
-46.602438 41.466616 -94
-45.082001 43.052042 -78
-43.561818 44.636964 -63
-41.935262 46.111194 -49
-40.308962 47.584920 -35
-38.584411 48.940849 -22
-36.859864 50.296269 -9
-35.045442 51.527292 2
-33.231022 52.758058 14
-31.335620 53.858339 25
-29.440468 54.958621 35
-27.473472 55.923078 45
-25.506220 56.887536 54
-23.477025 57.711602 62
-21.448084 58.535668 69
-19.366590 59.215029 76
-17.285097 59.894643 82
-15.161715 60.426757 88
-13.038081 60.958871 93
-10.882712 61.340695 97
-8.727596 61.722518 100
-6.550901 61.952273 103
-4.374460 62.182282 104
-2.187103 62.258698 106
0.000000 62.335616 106
2.187103 62.258698 106
4.374460 62.182282 104
6.550901 61.952273 103
8.727596 61.722518 100
10.882712 61.340695 97
13.038081 60.958871 93
15.161715 60.426757 88
17.285097 59.894643 82
19.366590 59.215029 76
21.448084 58.535668 69
23.477025 57.711602 62
25.506220 56.887536 54
27.473472 55.923078 45
29.440468 54.958621 35
31.335620 53.858339 25
33.231022 52.758058 14
35.045442 51.527292 2
36.859864 50.296269 -9
38.584411 48.940849 -22
40.308962 47.584920 -35
41.935262 46.111194 -49
43.561818 44.636964 -63
45.082001 43.052042 -78
46.602438 41.466616 -94
48.009138 39.790047 -110
-47.614116 36.703986 -114
-46.258695 38.332065 -98
-44.903021 39.959889 -83
-43.438183 41.487940 -68
-41.973342 43.015486 -54
-40.406448 44.436150 -40
-38.839299 45.856564 -27
-37.177457 47.163240 -14
-35.515866 48.469407 -2
-33.767707 49.655749 9
-32.019294 50.841839 20
-30.193198 51.902261 30
-28.366844 52.962426 40
-26.471693 53.892106 49
-24.576288 54.821272 58
-22.621223 55.615383 66
-20.665906 56.409240 73
-18.660321 57.064230 80
-16.654988 57.719220 86
-14.608784 58.231785 91
-12.562579 58.744604 95
-10.485910 59.112209 99
-8.409241 59.480069 102
-6.312008 59.701698 105
-4.215029 59.923328 107
-2.107388 59.997208 108
0.000000 60.071083 108
2.107388 59.997208 108
4.215029 59.923328 107
6.312008 59.701698 105
8.409241 59.480069 102
10.485910 59.112209 99
12.562579 58.744604 95
14.608784 58.231785 91
16.654988 57.719220 86
18.660321 57.064230 80
20.665906 56.409240 73
22.621223 55.615383 66
24.576288 54.821272 58
26.471693 53.892106 49
28.366844 52.962426 40
30.193198 51.902261 30
32.019294 50.841839 20
33.767707 49.655749 9
35.515866 48.469407 -2
37.177457 47.163240 -14
38.839299 45.856564 -27
40.406448 44.436150 -40
41.973342 43.015486 -54
43.438183 41.487940 -68
44.903021 39.959889 -83
46.258695 38.332065 -98
47.614116 36.703986 -114
-47.004824 33.664383 -118
-45.812136 35.296013 -103
-44.507998 36.863164 -88
-43.203860 38.429805 -73
-41.794365 39.900481 -59
-40.385124 41.370652 -45
-38.877380 42.738003 -32
-37.369383 44.104850 -19
-35.770754 45.362527 -7
-34.171872 46.619446 3
-32.489719 47.761359 15
-30.807820 48.902768 25
-29.050522 49.923330 35
-27.293475 50.943642 44
-25.469916 51.838031 53
-23.646357 52.732416 61
-21.765169 53.496572 69
-19.883980 54.260728 76
-17.954302 54.890833 82
-16.024626 55.521198 88
-14.055851 56.014468 93
-12.087332 56.507745 97
-10.089109 56.861895 101
-8.091140 57.215790 104
-6.073115 57.429040 106
-4.055344 57.642042 108
-2.027672 57.713381 109
0.000000 57.784460 109
2.027672 57.713381 109
4.055344 57.642042 108
6.073115 57.429040 106
8.091140 57.215790 104
10.089109 56.861895 101
12.087332 56.507745 97
14.055851 56.014468 93
16.024626 55.521198 88
17.954302 54.890833 82
19.883980 54.260728 76
21.765169 53.496572 69
23.646357 52.732416 61
25.469916 51.838031 53
27.293475 50.943642 44
29.050522 49.923330 35
30.807820 48.902768 25
32.489719 47.761359 15
34.171872 46.619446 3
35.770754 45.362527 -7
37.369383 44.104850 -19
38.877380 42.738003 -32
40.385124 41.370652 -45
41.794365 39.900481 -59
43.203860 38.429805 -73
44.507998 36.863164 -88
45.812136 35.296013 -103
47.004824 33.664383 -118
-45.128205 32.300837 -107
-43.983244 33.890834 -92
-42.731151 35.396040 -78
-41.478801 36.900483 -64
-40.125668 38.312770 -51
-38.772531 39.725058 -38
-37.324955 41.037826 -25
-35.877379 42.350598 -13
-34.342473 43.558010 -1
-32.807566 44.765170 9
-31.192436 45.861640 19
-29.577559 46.957604 29
-27.890581 47.937548 39
-26.203860 48.917237 48
-24.452907 49.776087 56
-22.702208 50.634679 64
-20.896166 51.368622 71
-19.089871 52.102058 78
-17.237369 52.707283 84
-15.384870 53.312261 89
-13.494796 53.785729 94
-11.604722 54.259457 98
-9.686215 54.599643 101
-7.767962 54.939326 104
-5.830668 55.143948 107
-3.893374 55.348564 108
-1.946687 55.416860 109
0.000000 55.485404 109
1.946687 55.416860 109
3.893374 55.348564 108
5.830668 55.143948 107
7.767962 54.939326 104
9.686215 54.599643 101
11.604722 54.259457 98
13.494796 53.785729 94
15.384870 53.312261 89
17.237369 52.707283 84
19.089871 52.102058 78
20.896166 51.368622 71
22.702208 50.634679 64
24.452907 49.776087 56
26.203860 48.917237 48
27.890581 47.937548 39
29.577559 46.957604 29
31.192436 45.861640 19
32.807566 44.765170 9
34.342473 43.558010 -1
35.877379 42.350598 -13
37.324955 41.037826 -25
38.772531 39.725058 -38
40.125668 38.312770 -51
41.478801 36.900483 -64
42.731151 35.396040 -78
43.983244 33.890834 -92
45.128205 32.300837 -107
-44.348820 29.412289 -112
-43.251334 30.937294 -97
-42.154099 32.461793 -83
-40.954051 33.905053 -70
-39.753999 35.347295 -56
-38.456967 36.701448 -44
-37.160193 38.055344 -31
-35.772784 39.313784 -19
-34.385376 40.572481 -8
-32.914191 41.729880 2
-31.443007 42.887280 13
-29.895404 43.938309 23
-28.347550 44.989083 32
-26.730898 45.928408 42
-25.113988 46.867733 50
-23.436152 47.691040 58
-21.758060 48.514343 65
-20.027164 49.217569 72
-18.296014 49.920792 79
-16.520436 50.501142 84
-14.745113 51.080984 89
-12.933486 51.534906 94
-11.122112 51.989083 98
-9.283574 52.315053 101
-7.445037 52.640772 104
-5.588220 52.837014 106
-3.731658 53.033003 108
-1.865702 53.098503 109
0.000000 53.164252 109
1.865702 53.098503 109
3.731658 53.033003 108
5.588220 52.837014 106
7.445037 52.640772 104
9.283574 52.315053 101
11.122112 51.989083 98
12.933486 51.534906 94
14.745113 51.080984 89
16.520436 50.501142 84
18.296014 49.920792 79
20.027164 49.217569 72
21.758060 48.514343 65
23.436152 47.691040 58
25.113988 46.867733 50
26.730898 45.928408 42
28.347550 44.989083 32
29.895404 43.938309 23
31.443007 42.887280 13
32.914191 41.729880 2
34.385376 40.572481 -8
35.772784 39.313784 -19
37.160193 38.055344 -31
38.456967 36.701448 -44
39.753999 35.347295 -56
40.954051 33.905053 -70
42.154099 32.461793 -83
43.251334 30.937294 -97
44.348820 29.412289 -112
-43.298554 26.677836 -116
-42.396293 28.121603 -102
-41.347297 29.580602 -88
-40.298298 31.038588 -75
-39.151054 32.418633 -62
-38.003807 33.798171 -50
-36.764154 35.092915 -37
-35.524246 36.387409 -26
-34.198021 37.591012 -14
-32.871794 38.794364 -3
-31.465348 39.900989 6
-30.058899 41.007617 16
-28.579335 42.012440 26
-27.099771 43.017011 35
-25.553948 43.915206 43
-24.008378 44.813152 51
-22.404418 45.600154 59
-20.800203 46.387156 66
-19.145469 47.059661 72
-17.490734 47.731913 78
-15.793348 48.286621 84
-14.095963 48.841076 89
-12.364052 49.275196 93
-10.632394 49.709318 97
-8.874841 50.020562 100
-7.117289 50.332063 103
-5.342219 50.519674 105
-3.567403 50.707286 106
-1.783702 50.769737 107
0.000000 50.832446 107
1.783702 50.769737 107
3.567403 50.707286 106
5.342219 50.519674 105
7.117289 50.332063 103
8.874841 50.020562 100
10.632394 49.709318 97
12.364052 49.275196 93
14.095963 48.841076 89
15.793348 48.286621 84
17.490734 47.731913 78
19.145469 47.059661 72
20.800203 46.387156 66
22.404418 45.600154 59
24.008378 44.813152 51
25.553948 43.915206 43
27.099771 43.017011 35
28.579335 42.012440 26
30.058899 41.007617 16
31.465348 39.900989 6
32.871794 38.794364 -3
34.198021 37.591012 -14
35.524246 36.387409 -26
36.764154 35.092915 -37
38.003807 33.798171 -50
39.151054 32.418633 -62
40.298298 31.038588 -75
41.347297 29.580602 -88
42.396293 28.121603 -102
43.298554 26.677836 -116
-41.346281 25.361005 -107
-40.444020 26.804772 -93
-39.443261 28.197260 -80
-38.442498 29.588728 -68
-37.348312 30.905814 -56
-36.253873 32.222391 -44
-35.071083 33.457985 -32
-33.888550 34.693322 -21
-32.623255 35.842091 -10
-31.357957 36.990354 0
-30.016247 38.046459 9
-28.674791 39.102564 18
-27.263265 40.061437 27
-25.851739 41.019802 36
-24.377252 41.876873 44
-22.902768 42.733689 52
-21.372683 43.484640 59
-19.842346 44.235845 66
-18.263772 44.877379 72
-16.685199 45.519167 77
-15.066007 46.048235 83
-13.446813 46.577305 87
-11.794872 46.991622 91
-10.142930 47.405688 95
-8.466108 47.702971 98
-6.789541 47.999999 100
-5.096217 48.178980 102
-3.403148 48.357958 104
-1.701447 48.417620 104
0.000000 48.477533 105
1.701447 48.417620 104
3.403148 48.357958 104
5.096217 48.178980 102
6.789541 47.999999 100
8.466108 47.702971 98
10.142930 47.405688 95
11.794872 46.991622 91
13.446813 46.577305 87
15.066007 46.048235 83
16.685199 45.519167 77
18.263772 44.877379 72
19.842346 44.235845 66
21.372683 43.484640 59
22.902768 42.733689 52
24.377252 41.876873 44
25.851739 41.019802 36
27.263265 40.061437 27
28.674791 39.102564 18
30.016247 38.046459 9
31.357957 36.990354 0
32.623255 35.842091 -10
33.888550 34.693322 -21
35.071083 33.457985 -32
36.253873 32.222391 -44
37.348312 30.905814 -56
38.442498 29.588728 -68
39.443261 28.197260 -80
40.444020 26.804772 -93
41.346281 25.361005 -107
-40.180756 22.718965 -111
-39.322672 24.109420 -98
-38.464585 25.499112 -86
-37.512821 26.824066 -74
-36.561056 28.148261 -62
-35.520437 29.401371 -50
-34.479564 30.653718 -39
-33.354658 31.829399 -28
-32.230009 33.004317 -17
-31.026657 34.096978 -7
-29.823305 35.189388 1
-28.547347 36.193956 11
-27.271388 37.198273 20
-25.928917 38.110435 28
-24.586444 39.022086 36
-23.184310 39.837267 44
-21.781924 40.652197 51
-20.326732 41.366338 58
-18.871288 42.080733 64
-17.369891 42.690784 70
-15.868749 43.301092 76
-14.328763 43.804264 80
-12.788779 44.307439 85
-11.217568 44.701448 89
-9.646357 45.095203 92
-8.051790 45.378016 95
-6.457223 45.660572 97
-4.846915 45.830922 99
-3.236354 46.001015 100
-1.618177 46.057882 101
0.000000 46.114749 101
1.618177 46.057882 101
3.236354 46.001015 100
4.846915 45.830922 99
6.457223 45.660572 97
8.051790 45.378016 95
9.646357 45.095203 92
11.217568 44.701448 89
12.788779 44.307439 85
14.328763 43.804264 80
15.868749 43.301092 76
17.369891 42.690784 70
18.871288 42.080733 64
20.326732 41.366338 58
21.781924 40.652197 51
23.184310 39.837267 44
24.586444 39.022086 36
25.928917 38.110435 28
27.271388 37.198273 20
28.547347 36.193956 11
29.823305 35.189388 1
31.026657 34.096978 -7
32.230009 33.004317 -17
33.354658 31.829399 -28
34.479564 30.653718 -39
35.520437 29.401371 -50
36.561056 28.148261 -62
37.512821 26.824066 -74
38.464585 25.499112 -86
39.322672 24.109420 -98
40.180756 22.718965 -111
-38.834223 20.182788 -115
-38.113227 21.525260 -103
-37.299314 22.845138 -91
-36.485403 24.164003 -79
-35.582635 25.421426 -68
-34.679869 26.678090 -57
-33.692562 27.867481 -46
-32.705255 29.056106 -35
-31.638233 30.171616 -25
-30.571464 31.286875 -15
-29.430058 32.323686 -5
-28.288653 33.360496 3
-27.078192 34.313531 12
-25.867987 35.266566 20
-24.594568 36.132013 28
-23.321401 36.997206 36
-21.991114 37.770755 43
-20.661082 38.543793 50
-19.280529 39.221628 56
-17.900229 39.899467 62
-16.476009 40.478547 68
-15.052044 41.057375 73
-13.591266 41.534906 77
-12.130490 42.012440 81
-10.640264 42.386138 85
-9.150038 42.759839 88
-7.637471 43.028180 91
-6.124905 43.296270 93
-4.597360 43.457986 95
-3.069815 43.619194 96
-1.534907 43.673014 97
0.000000 43.727089 97
1.534907 43.673014 97
3.069815 43.619194 96
4.597360 43.457986 95
6.124905 43.296270 93
7.637471 43.028180 91
9.150038 42.759839 88
10.640264 42.386138 85
12.130490 42.012440 81
13.591266 41.534906 77
15.052044 41.057375 73
16.476009 40.478547 68
17.900229 39.899467 62
19.280529 39.221628 56
20.661082 38.543793 50
21.991114 37.770755 43
23.321401 36.997206 36
24.594568 36.132013 28
25.867987 35.266566 20
27.078192 34.313531 12
28.288653 33.360496 3
29.430058 32.323686 -5
30.571464 31.286875 -15
31.638233 30.171616 -25
32.705255 29.056106 -35
33.692562 27.867481 -46
34.679869 26.678090 -57
35.582635 25.421426 -68
36.485403 24.164003 -79
37.299314 22.845138 -91
38.113227 21.525260 -103
38.834223 20.182788 -115
-36.700178 19.048237 -108
-36.018787 20.349075 -96
-35.249555 21.597613 -85
-34.480326 22.844630 -74
-33.627061 24.033767 -63
-32.774054 25.221629 -52
-31.841076 26.346027 -42
-30.908098 27.469663 -32
-29.899721 28.524246 -23
-28.891344 29.578319 -13
-27.812644 30.558008 -4
-26.733944 31.537955 3
-25.590251 32.438690 12
-24.446560 33.339426 20
-23.243209 34.157399 27
-22.039858 34.974868 34
-20.782686 35.705762 41
-19.525768 36.436659 47
-18.221122 37.077176 53
-16.916477 37.717694 59
-15.570704 38.264788 64
-14.224930 38.811882 69
-12.844377 39.263264 73
-11.464077 39.714394 77
-10.055598 40.067530 80
-8.647118 40.420666 83
-7.217822 40.674284 86
-5.788271 40.927647 88
-4.344758 41.080224 90
-2.901244 41.232801 91
-1.450622 41.283829 91
0.000000 41.334604 92
1.450622 41.283829 91
2.901244 41.232801 91
4.344758 41.080224 90
5.788271 40.927647 88
7.217822 40.674284 86
8.647118 40.420666 83
10.055598 40.067530 80
11.464077 39.714394 77
12.844377 39.263264 73
14.224930 38.811882 69
15.570704 38.264788 64
16.916477 37.717694 59
18.221122 37.077176 53
19.525768 36.436659 47
20.782686 35.705762 41
22.039858 34.974868 34
23.243209 34.157399 27
24.446560 33.339426 20
25.590251 32.438690 12
26.733944 31.537955 3
27.812644 30.558008 -4
28.891344 29.578319 -13
29.899721 28.524246 -23
30.908098 27.469663 -32
31.841076 26.346027 -42
32.774054 25.221629 -52
33.627061 24.033767 -63
34.480326 22.844630 -74
35.249555 21.597613 -85
36.018787 20.349075 -96
36.700178 19.048237 -108
-35.207920 16.686215 -112
-34.566135 17.913429 -101
-33.924347 19.139884 -90
-33.199797 20.316832 -80
-32.475246 21.492259 -69
-31.671745 22.613099 -59
-30.868241 23.732926 -49
-29.989592 24.792589 -40
-29.110689 25.851486 -30
-28.160955 26.845140 -21
-27.211475 27.838539 -13
-26.195480 28.761870 -4
-25.179487 29.685201 3
-24.102311 30.534145 11
-23.024880 31.382839 18
-21.891597 32.153847 25
-20.758314 32.924093 32
-19.574258 33.612592 38
-18.390201 34.301346 44
-17.161462 34.904799 50
-15.932725 35.508252 55
-14.665397 36.023863 60
-13.397816 36.539478 64
-12.097486 36.964459 68
-10.797410 37.389694 72
-9.470932 37.722265 75
-8.144453 38.055090 78
-6.798172 38.293984 80
-5.451638 38.532624 82
-4.092155 38.676567 84
-2.732419 38.820259 85
-1.366337 38.868241 85
0.000000 38.916223 85
1.366337 38.868241 85
2.732419 38.820259 85
4.092155 38.676567 84
5.451638 38.532624 82
6.798172 38.293984 80
8.144453 38.055090 78
9.470932 37.722265 75
10.797410 37.389694 72
12.097486 36.964459 68
13.397816 36.539478 64
14.665397 36.023863 60
15.932725 35.508252 55
17.161462 34.904799 50
18.390201 34.301346 44
19.574258 33.612592 38
20.758314 32.924093 32
21.891597 32.153847 25
23.024880 31.382839 18
24.102311 30.534145 11
25.179487 29.685201 3
26.195480 28.761870 -4
27.211475 27.838539 -13
28.160955 26.845140 -21
29.110689 25.851486 -30
29.989592 24.792589 -40
30.868241 23.732926 -49
31.671745 22.613099 -59
32.475246 21.492259 -69
33.199797 20.316832 -80
33.924347 19.139884 -90
34.566135 17.913429 -101
35.207920 16.686215 -112
-33.008122 15.650926 -106
-32.406448 16.802996 -95
-31.804774 17.953797 -85
-31.125413 19.057630 -76
-30.446307 20.160447 -66
-29.693069 21.211475 -56
-28.939580 22.261742 -47
-28.115765 23.255396 -38
-27.291953 24.248287 -30
-26.401624 25.180248 -21
-25.511298 26.111450 -13
-24.558771 26.977152 -5
-23.606245 27.842853 1
-22.596344 28.638743 9
-21.586443 29.434375 15
-20.523737 30.156639 22
-19.461285 30.878902 28
-18.351358 31.524753 34
-17.241432 32.170092 40
-16.089363 32.735719 45
-14.937294 33.301345 50
-13.748921 33.784718 54
-12.560549 34.267833 59
-11.341711 34.666667 62
-10.122874 35.064990 66
-8.879157 35.376999 69
-7.635441 35.688754 71
-6.373445 35.912668 73
-5.111196 36.136584 75
-3.836507 36.271388 77
-2.561818 36.406195 78
-1.280782 36.451128 78
0.000000 36.496318 78
1.280782 36.451128 78
2.561818 36.406195 78
3.836507 36.271388 77
5.111196 36.136584 75
6.373445 35.912668 73
7.635441 35.688754 71
8.879157 35.376999 69
10.122874 35.064990 66
11.341711 34.666667 62
12.560549 34.267833 59
13.748921 33.784718 54
14.937294 33.301345 50
16.089363 32.735719 45
17.241432 32.170092 40
18.351358 31.524753 34
19.461285 30.878902 28
20.523737 30.156639 22
21.586443 29.434375 15
22.596344 28.638743 9
23.606245 27.842853 1
24.558771 26.977152 -5
25.511298 26.111450 -13
26.401624 25.180248 -21
27.291953 24.248287 -30
28.115765 23.255396 -38
28.939580 22.261742 -47
29.693069 21.211475 -56
30.446307 20.160447 -66
31.125413 19.057630 -76
31.804774 17.953797 -85
32.406448 16.802996 -95
33.008122 15.650926 -106
-31.294998 13.502411 -110
-30.808328 14.577811 -100
-30.246764 15.654735 -91
-29.685201 16.730135 -82
-29.051281 17.761615 -72
-28.417364 18.792078 -63
-27.714142 19.773801 -55
-27.011170 20.755015 -46
-26.242195 21.683168 -38
-25.473217 22.610561 -30
-24.642042 23.481088 -22
-23.811119 24.350852 -14
-22.922062 25.159686 -7
-22.033258 25.968012 0
-21.090378 26.711349 6
-20.147753 27.454431 12
-19.156131 28.128967 18
-18.164255 28.803505 24
-17.128205 29.406447 29
-16.092409 30.009138 35
-15.017010 30.537192 39
-13.941863 31.065500 44
-12.832699 31.516881 48
-11.723534 31.968011 52
-10.585936 32.340442 55
-9.448083 32.712365 59
-8.287383 33.003809 61
-7.126682 33.294998 64
-5.948718 33.503934 66
-4.770500 33.712870 67
-3.580858 33.838792 69
-2.390962 33.964712 70
-1.195481 34.006601 70
0.000000 34.048742 70
1.195481 34.006601 70
2.390962 33.964712 70
3.580858 33.838792 69
4.770500 33.712870 67
5.948718 33.503934 66
7.126682 33.294998 64
8.287383 33.003809 61
9.448083 32.712365 59
10.585936 32.340442 55
11.723534 31.968011 52
12.832699 31.516881 48
13.941863 31.065500 44
15.017010 30.537192 39
16.092409 30.009138 35
17.128205 29.406447 29
18.164255 28.803505 24
19.156131 28.128967 18
20.147753 27.454431 12
21.090378 26.711349 6
22.033258 25.968012 0
22.922062 25.159686 -7
23.811119 24.350852 -14
24.642042 23.481088 -22
25.473217 22.610561 -30
26.242195 21.683168 -38
27.011170 20.755015 -46
27.714142 19.773801 -55
28.417364 18.792078 -63
29.051281 17.761615 -72
29.685201 16.730135 -82
30.246764 15.654735 -91
30.808328 14.577811 -100
31.294998 13.502411 -110
-29.512567 11.468138 -114
-29.060928 12.507744 -105
-28.609039 13.545063 -96
-28.087586 14.546331 -87
-27.565878 15.545569 -79
-26.977406 16.503934 -70
-26.388676 17.461286 -62
-25.735719 18.373445 -54
-25.082762 19.284590 -46
-24.368622 20.146740 -38
-23.654735 21.007870 -31
-22.882965 21.815945 -24
-22.111196 22.623763 -17
-21.285860 23.374714 -10
-20.460269 24.125414 -4
-19.584920 24.815689 2
-18.709570 25.505459 7
-17.788525 26.131761 13
-16.867478 26.758060 19
-15.905560 27.317848 24
-14.943387 27.877379 28
-13.945163 28.367861 33
-12.946687 28.858339 37
-11.916730 29.277481 41
-10.886773 29.696369 44
-9.830160 30.041888 48
-8.773546 30.387407 50
-7.695862 30.658035 53
-6.617923 30.928155 55
-5.523991 31.122367 57
-4.430058 31.316325 59
-3.325209 31.433105 60
-2.220360 31.550140 61
-1.110180 31.588983 61
0.000000 31.628077 61
1.110180 31.588983 61
2.220360 31.550140 61
3.325209 31.433105 60
4.430058 31.316325 59
5.523991 31.122367 57
6.617923 30.928155 55
7.695862 30.658035 53
8.773546 30.387407 50
9.830160 30.041888 48
10.886773 29.696369 44
11.916730 29.277481 41
12.946687 28.858339 37
13.945163 28.367861 33
14.943387 27.877379 28
15.905560 27.317848 24
16.867478 26.758060 19
17.788525 26.131761 13
18.709570 25.505459 7
19.584920 24.815689 2
20.460269 24.125414 -4
21.285860 23.374714 -10
22.111196 22.623763 -17
22.882965 21.815945 -24
23.654735 21.007870 -31
24.368622 20.146740 -38
25.082762 19.284590 -46
25.735719 18.373445 -54
26.388676 17.461286 -62
26.977406 16.503934 -70
27.565878 15.545569 -79
28.087586 14.546331 -87
28.609039 13.545063 -96
29.060928 12.507744 -105
29.512567 11.468138 -114
-27.243717 10.551408 -109
-26.409495 12.472709 -93
-25.446813 14.322164 -77
-24.359989 16.092918 -62
-23.154354 17.778117 -47
-21.835999 19.370653 -33
-20.411272 20.863673 -20
-18.887280 22.250824 -8
-17.271135 23.525769 2
-15.570704 24.682915 12
-13.794618 25.716933 21
-11.951257 26.623002 29
-10.049758 27.397056 36
-8.099264 28.035036 41
-6.109165 28.534653 46
-4.089363 28.893374 49
-2.049759 29.108910 51
0.000000 29.181009 51
2.049759 29.108910 51
4.089363 28.893374 49
6.109165 28.534653 46
8.099264 28.035036 41
10.049758 27.397056 36
11.951257 26.623002 29
13.794618 25.716933 21
15.570704 24.682915 12
17.271135 23.525769 2
18.887280 22.250824 -8
20.411272 20.863673 -20
21.835999 19.370653 -33
23.154354 17.778117 -47
24.359989 16.092918 -62
25.446813 14.322164 -77
26.409495 12.472709 -93
27.243717 10.551408 -109
-24.923839 9.669204 -106
-24.160701 11.429044 -91
-23.223153 13.095963 -76
-22.285606 14.741814 -62
-21.130997 16.249049 -49
-19.976644 17.739528 -36
-18.627824 19.063469 -25
-17.279005 20.373699 -14
-15.761868 21.491497 -3
-14.244986 22.597613 5
-12.589236 23.489973 13
-10.933486 24.371668 20
-9.171617 25.022341 26
-7.409494 25.663112 32
-5.575273 26.060168 36
-3.741051 26.447830 38
-1.870526 26.583905 40
0.000000 26.710841 41
1.870526 26.583905 40
3.741051 26.447830 38
5.575273 26.060168 36
7.409494 25.663112 32
9.171617 25.022341 26
10.933486 24.371668 20
12.589236 23.489973 13
14.244986 22.597613 5
15.761868 21.491497 -3
17.279005 20.373699 -14
18.627824 19.063469 -25
19.976644 17.739528 -36
21.130997 16.249049 -49
22.285606 14.741814 -62
23.223153 13.095963 -76
24.160701 11.429044 -91
24.923839 9.669204 -106
-22.603960 8.731659 -103
-21.911906 10.332063 -90
-21.061437 11.840314 -77
-20.211221 13.342474 -64
-19.164255 14.705509 -52
-18.117289 16.065246 -41
-16.893882 17.261997 -30
-15.670729 18.456715 -20
-14.294745 19.466617 -11
-12.919015 20.475756 -2
-11.417365 21.280782 4
-9.915968 22.085808 10
-8.317848 22.671999 16
-6.719726 23.257679 21
-5.056359 23.613862 24
-3.392993 23.970045 27
-1.696370 24.089363 28
0.000000 24.208684 29
1.696370 24.089363 28
3.392993 23.970045 27
5.056359 23.613862 24
6.719726 23.257679 21
8.317848 22.671999 16
9.915968 22.085808 10
11.417365 21.280782 4
12.919015 20.475756 -2
14.294745 19.466617 -11
15.670729 18.456715 -20
16.893882 17.261997 -30
18.117289 16.065246 -41
19.164255 14.705509 -52
20.211221 13.342474 -64
21.061437 11.840314 -77
21.911906 10.332063 -90
22.603960 8.731659 -103
-20.265296 7.846409 -102
-19.644834 9.282305 -90
-18.882458 10.634425 -78
-18.120081 11.980706 -67
-17.181519 13.202082 -56
-16.242701 14.420412 -46
-15.145976 15.492511 -36
-14.049252 16.563088 -27
-12.815689 17.468141 -19
-11.582382 18.372177 -12
-10.236101 19.093678 -5
-8.890073 19.814928 0
-7.457222 20.340190 5
-6.024625 20.865194 9
-4.533130 21.184058 12
-3.041889 21.503174 14
-1.520944 21.610307 16
0.000000 21.717189 16
1.520944 21.610307 16
3.041889 21.503174 14
4.533130 21.184058 12
6.024625 20.865194 9
7.457222 20.340190 5
8.890073 19.814928 0
10.236101 19.093678 -5
11.582382 18.372177 -12
12.815689 17.468141 -19
14.049252 16.563088 -27
15.145976 15.492511 -36
16.242701 14.420412 -46
17.181519 13.202082 -56
18.120081 11.980706 -67
18.882458 10.634425 -78
19.644834 9.282305 -90
20.265296 7.846409 -102
-17.926631 6.901496 -101
-17.377761 8.176442 -91
-16.703224 9.376239 -80
-16.028941 10.570194 -70
-15.198527 11.652957 -61
-14.368367 12.732673 -52
-13.398071 13.682409 -44
-12.428028 14.630872 -36
-11.336887 15.432343 -29
-10.245747 16.233055 -22
-9.054837 16.872048 -16
-7.863925 17.510535 -11
-6.596598 17.975630 -7
-5.329271 18.440467 -3
-4.010155 18.723026 0
-2.690784 19.005331 1
-1.345519 19.100279 2
0.000000 19.194721 2
1.345519 19.100279 2
2.690784 19.005331 1
4.010155 18.723026 0
5.329271 18.440467 -3
6.596598 17.975630 -7
7.863925 17.510535 -11
9.054837 16.872048 -16
10.245747 16.233055 -22
11.336887 15.432343 -29
12.428028 14.630872 -36
13.398071 13.682409 -44
14.368367 12.732673 -52
15.198527 11.652957 -61
16.028941 10.570194 -70
16.703224 9.376239 -80
17.377761 8.176442 -91
17.926631 6.901496 -101
-15.621224 6.033257 -102
-15.142675 7.143945 -93
-14.555217 8.188627 -84
-13.967504 9.228230 -75
-13.243970 10.170601 -67
-12.520436 11.110688 -59
-11.675045 11.937800 -52
-10.829652 12.763391 -45
-9.878903 13.461284 -39
-8.928154 14.158418 -33
-7.890327 14.714902 -28
-6.852754 15.270881 -24
-5.748413 15.676059 -20
-4.643818 16.080732 -17
-3.494288 16.326732 -14
-2.344758 16.572735 -13
-1.172379 16.655244 -11
0.000000 16.737752 -11
1.172379 16.655244 -11
2.344758 16.572735 -13
3.494288 16.326732 -14
4.643818 16.080732 -17
5.748413 15.676059 -20
6.852754 15.270881 -24
7.890327 14.714902 -28
8.928154 14.158418 -33
9.878903 13.461284 -39
10.829652 12.763391 -45
11.675045 11.937800 -52
12.520436 11.110688 -59
13.243970 10.170601 -67
13.967504 9.228230 -75
14.555217 8.188627 -84
15.142675 7.143945 -93
15.621224 6.033257 -102
-12.907845 6.054074 -96
-11.906068 7.838029 -81
-10.672506 9.447067 -67
-9.231277 10.858846 -56
-7.610307 12.049758 -45
-5.841330 12.999493 -37
-3.958619 13.690531 -32
-1.998731 14.110436 -28
0.000000 14.251332 -27
1.998731 14.110436 -28
3.958619 13.690531 -32
5.841330 12.999493 -37
7.610307 12.049758 -45
9.231277 10.858846 -56
10.672506 9.447067 -67
11.906068 7.838029 -81
12.907845 6.054074 -96
-10.597868 5.000761 -100
-9.680122 6.401879 -88
-8.762630 7.778370 -77
-7.505459 8.850977 -67
-6.248286 9.911145 -59
-4.749175 10.588221 -52
-3.250064 11.256410 -47
-1.625032 11.490225 -44
0.000000 11.715917 -43
1.625032 11.490225 -44
3.250064 11.256410 -47
4.749175 10.588221 -52
6.248286 9.911145 -59
7.505459 8.850977 -67
8.762630 7.778370 -77
9.680122 6.401879 -88
10.597868 5.000761 -100
-8.287637 3.874079 -105
-7.569941 4.971819 -96
-6.852501 6.058390 -87
-5.869256 6.896420 -79
-4.886266 7.731404 -73
-3.713887 8.258950 -68
-2.541508 8.785733 -64
-1.270881 8.965727 -62
0.000000 9.145721 -61
1.270881 8.965727 -62
2.541508 8.785733 -64
3.713887 8.258950 -68
4.886266 7.731404 -73
5.869256 6.896420 -79
6.852501 6.058390 -87
7.569941 4.971819 -96
8.287637 3.874079 -105
-5.638995 3.304647 -105
-4.921554 4.368623 -99
-4.215537 4.968519 -93
-3.509520 5.566641 -88
-2.667428 5.944656 -84
-1.825336 6.322417 -82
-0.912668 6.451383 -80
0.000000 6.580351 -80
0.912668 6.451383 -80
1.825336 6.322417 -82
2.667428 5.944656 -84
3.509520 5.566641 -88
4.215537 4.968519 -93
4.921554 4.368623 -99
5.638995 3.304647 -105
-2.990607 2.630111 -111
-2.132521 3.363289 -105
-1.109165 3.824575 -101
0.000000 3.981974 -99
1.109165 3.824575 -101
2.132521 3.363289 -105
2.990607 2.630111 -111
