# Active surface commands at 22.264249
# Zero points are Off, FEM corrections are Off
-12.741051 103.255394 25
-10.929931 103.478548 21
-9.111958 103.637726 18
-7.293983 103.797412 14
-5.471693 103.893116 10
-3.649150 103.988833 7
-1.824575 104.021075 3
0.000000 104.052809 0
1.824575 104.021075 -3
3.649150 103.988833 -7
5.471693 103.893116 -10
7.293983 103.797412 -14
9.111958 103.637726 -18
10.929931 103.478548 -21
12.741051 103.255394 -25
-23.048235 99.466362 45
-21.336126 99.861387 42
-19.578065 100.204114 38
-17.820005 100.546840 35
-16.051028 100.827872 31
-14.282051 101.109163 28
-12.504442 101.327749 24
-10.726834 101.546838 21
-8.942625 101.703220 17
-7.158416 101.859863 14
-5.369891 101.953794 10
-3.581366 102.047726 7
-1.790810 102.079205 3
0.000000 102.110431 0
1.790810 102.079205 -3
3.581366 102.047726 -7
5.369891 101.953794 -10
7.158416 101.859863 -14
8.942625 101.703220 -17
10.726834 101.546838 -21
12.504442 101.327749 -24
14.282051 101.109163 -28
16.051028 100.827872 -31
17.820005 100.546840 -35
19.578065 100.204114 -38
21.336126 99.861387 -42
23.048235 99.466362 -45
-29.431075 95.752474 58
-27.750698 96.268088 55
-26.053567 96.724041 51
-24.356436 97.180501 48
-22.644327 97.566385 45
-20.932217 97.961664 41
-19.207413 98.297790 38
-17.482610 98.634170 34
-15.747145 98.909623 31
-14.011678 99.185578 27
-12.267835 99.400352 24
-10.523737 99.615127 20
-8.773292 99.768466 17
-7.023103 99.922314 13
-5.268342 100.014472 10
-3.513582 100.106625 6
-1.756791 100.137596 3
0.000000 100.168314 0
1.756791 100.137596 -3
3.513582 100.106625 -6
5.268342 100.014472 -10
7.023103 99.922314 -13
8.773292 99.768466 -17
10.523737 99.615127 -20
12.267835 99.400352 -24
14.011678 99.185578 -27
15.747145 98.909623 -31
17.482610 98.634170 -34
19.207413 98.297790 -38
20.932217 97.961664 -41
22.644327 97.566385 -45
24.356436 97.180501 -48
26.053567 96.724041 -51
27.750698 96.268088 -55
29.431075 95.752474 -58
-33.758314 92.233310 67
-32.129727 92.795887 63
-30.500890 93.358464 60
-28.853517 93.863672 57
-27.206144 94.368874 54
-25.542269 94.816198 50
-23.878396 95.263517 47
-22.200051 95.651942 44
-20.521453 96.040875 40
-18.830413 96.370399 37
-17.139629 96.700178 34
-15.438182 96.970295 30
-13.736736 97.240672 27
-12.026910 97.451380 23
-10.317339 97.661841 20
-8.601167 97.812391 17
-6.885250 97.963189 13
-5.165016 98.053569 10
-3.444783 98.143942 6
-1.722264 98.174158 3
0.000000 98.204367 0
1.722264 98.174158 -3
3.444783 98.143942 -6
5.165016 98.053569 -10
6.885250 97.963189 -13
8.601167 97.812391 -17
10.317339 97.661841 -20
12.026910 97.451380 -23
13.736736 97.240672 -27
15.438182 96.970295 -30
17.139629 96.700178 -34
18.830413 96.370399 -37
20.521453 96.040875 -40
22.200051 95.651942 -44
23.878396 95.263517 -47
25.542269 94.816198 -50
27.206144 94.368874 -54
28.853517 93.863672 -57
30.500890 93.358464 -60
32.129727 92.795887 -63
33.758314 92.233310 -67
-37.788525 88.513329 75
-36.234578 89.175168 72
-34.658542 89.781925 68
-33.082762 90.376744 65
-31.486418 90.928152 62
-29.890328 91.479560 59
-28.275959 91.974610 56
-26.661588 92.469659 53
-25.030972 92.908096 49
-23.400355 93.346279 46
-21.755522 93.727340 43
-20.110687 94.108401 40
-18.453669 94.431325 36
-16.796395 94.754503 33
-15.129221 95.019296 30
-13.461793 95.284336 26
-11.786240 95.490731 23
-10.110688 95.696877 20
-8.429043 95.844632 16
-6.747398 95.992127 13
-5.061437 96.080728 10
-3.375730 96.169329 6
-1.687992 96.199036 3
0.000000 96.228737 0
1.687992 96.199036 -3
3.375730 96.169329 -6
5.061437 96.080728 -10
6.747398 95.992127 -13
8.429043 95.844632 -16
10.110688 95.696877 -20
11.786240 95.490731 -23
13.461793 95.284336 -26
15.129221 95.019296 -30
16.796395 94.754503 -33
18.453669 94.431325 -36
20.110687 94.108401 -40
21.755522 93.727340 -43
23.400355 93.346279 -46
25.030972 92.908096 -49
26.661588 92.469659 -53
28.275959 91.974610 -56
29.890328 91.479560 -59
31.486418 90.928152 -62
33.082762 90.376744 -65
34.658542 89.781925 -68
36.234578 89.175168 -72
37.788525 88.513329 -75
-39.992131 85.333588 79
-38.525769 86.017008 76
-37.004061 86.665143 73
-35.482357 87.313278 70
-33.939070 87.907589 67
-32.395784 88.501900 64
-30.832953 89.041885 61
-29.269864 89.581871 58
-27.689008 90.067022 55
-26.108150 90.551913 51
-24.511297 90.980959 48
-22.914699 91.410254 45
-21.303884 91.783444 42
-19.693322 92.156386 39
-18.070576 92.472709 35
-16.447830 92.789286 32
-14.815182 93.048742 29
-13.182280 93.308198 26
-11.541508 93.510279 22
-9.900736 93.712366 19
-8.254126 93.856817 16
-6.607261 94.001522 13
-4.956588 94.088345 9
-3.305662 94.175173 6
-1.652704 94.203857 3
0.000000 94.233050 0
1.652704 94.203857 -3
3.305662 94.175173 -6
4.956588 94.088345 -9
6.607261 94.001522 -13
8.254126 93.856817 -16
9.900736 93.712366 -19
11.541508 93.510279 -22
13.182280 93.308198 -26
14.815182 93.048742 -29
16.447830 92.789286 -32
18.070576 92.472709 -35
19.693322 92.156386 -39
21.303884 91.783444 -42
22.914699 91.410254 -45
24.511297 90.980959 -48
26.108150 90.551913 -51
27.689008 90.067022 -55
29.269864 89.581871 -58
30.832953 89.041885 -61
32.395784 88.501900 -64
33.939070 87.907589 -67
35.482357 87.313278 -70
37.004061 86.665143 -73
38.525769 86.017008 -76
39.992131 85.333588 -79
-43.525259 81.348821 86
-42.083525 82.085805 83
-40.641787 82.823303 80
-39.175425 83.498858 77
-37.709063 84.182532 75
-36.219597 84.816957 72
-34.730135 85.451382 69
-33.219599 86.033253 66
-31.709064 86.614877 63
-30.179234 87.143439 60
-28.649403 87.671995 56
-27.102058 88.146988 53
-25.554709 88.621479 50
-23.991623 89.041631 47
-22.428788 89.461790 44
-20.852247 89.827114 41
-19.275705 90.192179 38
-17.687485 90.501901 35
-16.099010 90.811629 32
-14.500889 91.065755 28
-12.902767 91.319626 25
-11.297029 91.517387 22
-9.691039 91.715154 19
-8.078954 91.856816 16
-6.467124 91.998224 12
-4.851485 92.083268 9
-3.235593 92.168317 6
-1.617669 92.196493 3
0.000000 92.224930 0
1.617669 92.196493 -3
3.235593 92.168317 -6
4.851485 92.083268 -9
6.467124 91.998224 -12
8.078954 91.856816 -16
9.691039 91.715154 -19
11.297029 91.517387 -22
12.902767 91.319626 -25
14.500889 91.065755 -28
16.099010 90.811629 -32
17.687485 90.501901 -35
19.275705 90.192179 -38
20.852247 89.827114 -41
22.428788 89.461790 -44
23.991623 89.041631 -47
25.554709 88.621479 -50
27.102058 88.146988 -53
28.649403 87.671995 -56
30.179234 87.143439 -60
31.709064 86.614877 -63
33.219599 86.033253 -66
34.730135 85.451382 -69
36.219597 84.816957 -72
37.709063 84.182532 -74
39.175425 83.498858 -77
40.641787 82.823303 -80
42.083525 82.085805 -83
43.525259 81.348821 -86
-45.334856 78.006345 90
-43.951002 78.776593 87
-42.566894 79.546588 84
-41.156894 80.267326 81
-39.747144 80.988573 79
-38.313024 81.659560 76
-36.878650 82.331049 73
-35.422189 82.951255 70
-33.965474 83.571716 67
-32.488194 84.140900 64
-31.010917 84.710078 61
-29.514851 85.226957 58
-28.018533 85.744096 55
-26.505205 86.208174 52
-24.992130 86.672506 49
-23.463569 87.083523 46
-21.935009 87.494540 43
-20.393246 87.851739 40
-18.851231 88.208683 37
-17.298045 88.511805 34
-15.744605 88.814672 31
-14.181772 89.063213 28
-12.618685 89.311500 25
-11.048236 89.505201 21
-9.477533 89.698400 18
-7.901244 89.836759 15
-6.324702 89.975371 12
-4.744605 90.058388 9
-3.164255 90.141404 6
-1.582127 90.169079 3
0.000000 90.197001 0
1.582127 90.169079 -3
3.164255 90.141404 -6
4.744605 90.058388 -9
6.324702 89.975371 -12
7.901244 89.836759 -15
9.477533 89.698400 -18
11.048236 89.505201 -21
12.618685 89.311500 -25
14.181772 89.063213 -28
15.744605 88.814672 -31
17.298045 88.511805 -34
18.851231 88.208683 -37
20.393246 87.851739 -40
21.935009 87.494540 -43
23.463569 87.083523 -46
24.992130 86.672506 -49
26.505205 86.208174 -52
28.018533 85.744096 -55
29.514851 85.226957 -58
31.010917 84.710078 -61
32.488194 84.140900 -64
33.965474 83.571716 -67
35.422189 82.951255 -70
36.878650 82.331049 -73
38.313024 81.659560 -76
39.747144 80.988573 -79
41.156894 80.267326 -81
42.566894 79.546588 -84
43.951002 78.776593 -87
45.334856 78.006345 -90
-46.965981 74.651943 93
-45.640265 75.489211 90
-44.314294 76.238640 88
-42.961412 76.991367 85
-41.608529 77.744100 82
-40.230517 78.448847 80
-38.852247 79.153843 77
-37.450369 79.809849 74
-36.048488 80.466110 71
-34.624778 81.072606 68
-33.200813 81.679357 66
-31.756792 82.235593 63
-30.312770 82.791823 60
-28.850217 83.297286 57
-27.387663 83.802742 54
-25.908606 84.256407 51
-24.429297 84.710332 48
-22.935262 85.111959 45
-21.441229 85.513833 42
-19.933994 85.863161 39
-18.427013 86.211980 36
-16.908607 86.508252 33
-15.390200 86.804518 30
-13.862401 87.047475 27
-12.334602 87.290172 24
-10.799442 87.479311 21
-9.264281 87.668444 18
-7.723280 87.803753 15
-6.182534 87.939069 12
-4.637725 88.020307 9
-3.093171 88.101550 6
-1.546585 88.128456 3
0.000000 88.155622 0
1.546585 88.128456 -3
3.093171 88.101550 -6
4.637725 88.020307 -9
6.182534 87.939069 -12
7.723280 87.803753 -15
9.264281 87.668444 -18
10.799442 87.479311 -21
12.334602 87.290172 -24
13.862401 87.047475 -27
15.390200 86.804518 -30
16.908607 86.508252 -33
18.427013 86.211980 -36
19.933994 85.863161 -39
21.441229 85.513833 -42
22.935262 85.111959 -45
24.429297 84.710332 -48
25.908606 84.256407 -51
27.387663 83.802742 -54
28.850217 83.297286 -57
30.312770 82.791823 -60
31.756792 82.235593 -63
33.200813 81.679357 -66
34.624778 81.072606 -68
36.048488 80.466110 -71
37.450369 79.809849 -74
38.852247 79.153843 -77
40.230517 78.448847 -80
41.608529 77.744100 -82
42.961412 76.991367 -85
44.314294 76.238640 -88
45.640265 75.489211 -90
46.965981 74.651943 -93
-47.107389 72.095458 93
-45.870779 72.898959 91
-45.226199 73.294493 89
-44.575780 73.680122 88
-43.280781 74.461285 86
-41.959635 75.196496 83
-41.301599 75.569178 82
-40.638233 75.931707 80
-39.292205 76.620210 78
-37.946178 77.308960 75
-37.264025 77.634680 74
-36.577051 77.949478 72
-35.207920 78.590503 70
-33.817214 79.183042 67
-33.124143 79.484638 65
-32.426505 79.775580 64
-31.016247 80.318863 61
-29.605739 80.862400 58
-28.893628 81.114746 57
-28.177457 81.356179 56
-26.748921 81.849710 53
-25.304392 82.292968 50
-24.583650 82.520182 48
-23.859609 82.736227 47
-22.400355 83.128711 44
-20.941102 83.521196 41
-20.206397 83.697381 40
-19.469155 83.862150 38
-17.997207 84.203097 35
-16.514344 84.492509 32
-15.773801 84.642805 31
-15.031227 84.781672 29
-13.539223 85.019038 26
-12.046966 85.256156 23
-11.298045 85.354147 22
-10.547601 85.440721 20
-9.048236 85.625795 17
-7.543285 85.757807 15
-6.791318 85.829654 13
-6.038335 85.890073 12
-4.529576 85.969284 9
-3.021071 86.048742 6
-2.265804 86.067529 4
-1.510536 86.075146 3
0.000000 86.101295 0
1.510536 86.075146 -3
2.265804 86.067529 -4
3.021071 86.048742 -6
4.529576 85.969284 -9
6.038335 85.890073 -12
6.791318 85.829654 -13
7.543285 85.757807 -15
9.048236 85.625795 -17
10.547601 85.440721 -20
11.298045 85.354147 -22
12.046966 85.256156 -23
13.539223 85.019038 -26
15.031227 84.781672 -29
15.773801 84.642805 -31
16.514344 84.492509 -32
17.997207 84.203097 -35
19.469155 83.862150 -38
20.206397 83.697381 -40
20.941102 83.521196 -41
22.400355 83.128711 -44
23.859609 82.736227 -47
24.583650 82.520182 -48
25.304392 82.292968 -50
26.748921 81.849710 -53
28.177457 81.356179 -56
28.893628 81.114746 -57
29.605739 80.862400 -58
31.016247 80.318863 -61
32.426505 79.775580 -64
33.124143 79.484638 -65
33.817214 79.183042 -67
35.207920 78.590503 -70
36.577051 77.949478 -72
37.264025 77.634680 -74
37.946178 77.308960 -75
39.292205 76.620210 -78
40.638233 75.931707 -80
41.301599 75.569178 -82
41.959635 75.196496 -83
43.280781 74.461285 -86
44.575780 73.680122 -88
45.226199 73.294493 -89
45.870779 72.898959 -91
47.107389 72.095458 -93
-49.664637 67.850213 98
-47.856056 69.128712 95
-46.012187 70.342728 91
-44.146231 71.532112 87
-42.247271 72.671237 84
-40.315563 73.752726 80
-38.353897 74.778879 76
-36.374207 75.768978 72
-34.367098 76.702210 68
-32.333079 77.575017 64
-30.275452 78.389439 60
-28.203603 79.166289 56
-26.110180 79.883978 51
-23.996699 80.538459 47
-21.865449 81.132522 43
-19.724041 81.687482 39
-17.567402 82.181515 34
-15.397309 82.610562 30
-13.215791 82.977659 26
-11.028180 83.304897 21
-8.832191 83.569943 17
-6.629094 83.769229 13
-4.421427 83.905561 8
-2.211729 84.001525 4
0.000000 84.034523 0
2.211729 84.001525 -4
4.421427 83.905561 -8
6.629094 83.769229 -13
8.832191 83.569943 -17
11.028180 83.304897 -21
13.215791 82.977659 -26
15.397309 82.610562 -30
17.567402 82.181515 -34
19.724041 81.687482 -39
21.865449 81.132522 -43
23.996699 80.538459 -47
26.110180 79.883978 -51
28.203603 79.166289 -56
30.275452 78.389439 -60
32.333079 77.575017 -64
34.367098 76.702210 -68
36.374207 75.768978 -72
38.353897 74.778879 -76
40.315563 73.752726 -80
42.247271 72.671237 -84
44.146231 71.532112 -87
46.012187 70.342728 -91
47.856056 69.128712 -95
49.664637 67.850213 -98
-49.543539 65.365829 99
-48.424472 66.143181 96
-46.661081 67.389946 92
-44.863164 68.586440 89
-43.043920 69.749173 85
-41.192433 70.860115 81
-39.308708 71.914953 78
-37.396294 72.915458 74
-35.465854 73.880932 70
-33.509014 74.791064 66
-31.525769 75.642042 62
-29.519676 76.436407 58
-27.499364 77.193702 54
-25.458238 77.893627 50
-23.397309 78.531858 46
-21.319625 79.110940 42
-19.231532 79.652196 38
-17.128713 80.134044 34
-15.012693 80.552423 29
-12.885758 80.910639 25
-10.752983 81.229751 21
-8.611576 81.487943 17
-6.463570 81.682152 12
-4.310993 81.815180 8
-2.156385 81.908603 4
0.000000 81.941100 0
2.156385 81.908603 -4
4.310993 81.815180 -8
6.463570 81.682152 -12
8.611576 81.487943 -17
10.752983 81.229751 -21
12.885758 80.910639 -25
15.012693 80.552423 -29
17.128713 80.134044 -34
19.231532 79.652196 -38
21.319625 79.110940 -42
23.397309 78.531858 -46
25.458238 77.893627 -50
27.499364 77.193702 -54
29.519676 76.436407 -58
31.525769 75.642042 -62
33.509014 74.791064 -66
35.465854 73.880932 -70
37.396294 72.915458 -74
39.308708 71.914953 -78
41.192433 70.860115 -81
43.043920 69.749173 -85
44.863164 68.586440 -89
46.661081 67.389946 -92
48.424472 66.143181 -96
49.543539 65.365829 -99
-50.511044 61.871792 100
-48.865955 63.241688 97
-47.184310 64.435894 93
-45.466109 65.651435 90
-43.714141 66.816957 86
-41.941608 67.950243 83
-40.137345 69.032748 79
-38.302106 70.060674 76
-36.438438 71.035798 72
-34.557501 71.976387 68
-32.650672 72.863673 64
-30.718456 73.692816 61
-28.763646 74.466870 57
-26.795125 75.205130 53
-24.806296 75.887026 49
-22.798173 76.508757 45
-20.773547 77.073367 41
-18.739020 77.600659 37
-16.690022 78.070067 33
-14.628333 78.477786 29
-12.555725 78.826859 24
-10.477532 79.137852 20
-8.390962 79.389691 16
-6.298045 79.578830 12
-4.200559 79.708301 8
-2.101295 79.799443 4
0.000000 79.831177 0
2.101295 79.799443 -4
4.200559 79.708301 -8
6.298045 79.578830 -12
8.390962 79.389691 -16
10.477532 79.137852 -20
12.555725 78.826859 -24
14.628333 78.477786 -29
16.690022 78.070067 -33
18.739020 77.600659 -37
20.773547 77.073367 -41
22.798173 76.508757 -45
24.806296 75.887026 -49
26.795125 75.205130 -53
28.763646 74.466870 -57
30.718456 73.692816 -61
32.650672 72.863673 -64
34.557501 71.976387 -68
36.438438 71.035798 -72
38.302106 70.060674 -76
40.137345 69.032748 -79
41.941608 67.950243 -83
43.714141 66.816957 -86
45.466109 65.651435 -90
47.184310 64.435894 -93
48.865955 63.241688 -97
50.511044 61.871792 -100
-51.221884 58.386649 100
-49.161462 60.205382 97
-47.560295 61.484390 94
-45.923837 62.716931 91
-44.251334 63.899975 87
-42.546332 65.034526 84
-40.821019 66.137850 81
-39.064992 67.191417 77
-37.278752 68.191929 74
-35.464838 69.141152 70
-33.634425 70.057122 66
-31.778370 70.920286 63
-29.897691 71.727598 59
-27.995176 72.481087 55
-26.079208 73.199799 51
-24.143438 73.863162 48
-22.189135 74.468649 44
-20.218583 75.018278 40
-18.238132 75.531606 36
-16.244224 75.988574 32
-14.237370 76.385379 28
-12.220360 76.724802 24
-10.197512 77.027669 20
-8.166794 77.272659 16
-6.129728 77.456715 12
-4.088347 77.582889 8
-2.045189 77.671744 4
0.000000 77.702461 0
2.045189 77.671744 -4
4.088347 77.582889 -8
6.129728 77.456715 -12
8.166794 77.272659 -16
10.197512 77.027669 -20
12.220360 76.724802 -24
14.237370 76.385379 -28
16.244224 75.988574 -32
18.238132 75.531606 -36
20.218583 75.018278 -40
22.189135 74.468649 -44
24.143438 73.863162 -48
26.079208 73.199799 -51
27.995176 72.481087 -55
29.897691 71.727598 -59
31.778370 70.920286 -63
33.634425 70.057122 -66
35.464838 69.141152 -70
37.278752 68.191929 -74
39.064992 67.191417 -77
40.821019 66.137850 -81
42.546332 65.034526 -84
44.251334 63.899975 -87
45.923837 62.716931 -91
47.560295 61.484390 -94
49.161462 60.205382 -97
51.221884 58.386649 -100
-50.844123 55.968014 101
-49.346281 57.283826 98
-47.811883 58.538972 95
-46.254887 59.782942 91
-44.663113 60.981723 88
-43.036557 62.132518 85
-41.378269 63.235849 82
-39.700433 64.309213 78
-37.992638 65.333841 75
-36.255394 66.307187 72
-34.491495 67.230514 68
-32.711094 68.121352 65
-30.906068 68.960901 61
-29.076922 69.746384 57
-27.226706 70.479054 54
-25.363290 71.177963 50
-23.480832 71.823556 46
-21.580096 72.412289 42
-19.663366 72.946938 39
-17.737497 73.446307 35
-15.798172 73.890583 31
-13.846661 74.276720 27
-11.884996 74.607007 23
-9.917746 74.901495 19
-7.942625 75.139629 15
-5.961412 75.318864 11
-3.976136 75.441480 7
-1.989083 75.527800 3
0.000000 75.557755 0
1.989083 75.527800 -3
3.976136 75.441480 -7
5.961412 75.318864 -11
7.942625 75.139629 -15
9.917746 74.901495 -19
11.884996 74.607007 -23
13.846661 74.276720 -27
15.798172 73.890583 -31
17.737497 73.446307 -35
19.663366 72.946938 -39
21.580096 72.412289 -42
23.480832 71.823556 -46
25.363290 71.177963 -50
27.226706 70.479054 -54
29.076922 69.746384 -57
30.906068 68.960901 -61
32.711094 68.121352 -65
34.491495 67.230514 -68
36.255394 66.307187 -72
37.992638 65.333841 -75
39.700433 64.309213 -78
41.378269 63.235849 -82
43.036557 62.132518 -85
44.663113 60.981723 -88
46.254887 59.782942 -91
47.811883 58.538972 -95
49.346281 57.283826 -98
50.844123 55.968014 -101
-51.183549 52.517642 101
-49.385378 54.348058 98
-47.930439 55.626050 95
-46.440214 56.862149 92
-44.927645 58.070320 89
-43.381824 59.235340 86
-41.801979 60.353137 83
-40.191165 61.425236 79
-38.561311 62.467634 76
-36.902767 63.463571 73
-35.215283 64.408735 70
-33.501904 65.305659 66
-31.772532 66.171109 63
-30.019293 66.986801 59
-28.242701 67.749680 56
-26.445543 68.461537 52
-24.635695 69.140389 48
-22.807058 69.767451 45
-20.960904 70.339424 41
-19.099264 70.858590 37
-17.228739 71.343742 34
-15.345011 71.775323 30
-13.449353 72.150546 26
-11.544047 72.471437 22
-9.633156 72.757297 19
-7.714649 72.988830 15
-5.790556 73.162983 11
-3.862148 73.282053 7
-1.931962 73.365826 3
0.000000 73.395025 0
1.931962 73.365826 -3
3.862148 73.282053 -7
5.790556 73.162983 -11
7.714649 72.988830 -15
9.633156 72.757297 -19
11.544047 72.471437 -22
13.449353 72.150546 -26
15.345011 71.775323 -30
17.228739 71.343742 -34
19.099264 70.858590 -37
20.960904 70.339424 -41
22.807058 69.767451 -45
24.635695 69.140389 -48
26.445543 68.461537 -52
28.242701 67.749680 -56
30.019293 66.986801 -59
31.772532 66.171109 -63
33.501904 65.305659 -66
35.215283 64.408735 -70
36.902767 63.463571 -73
38.561311 62.467634 -76
40.191165 61.425236 -79
41.801979 60.353137 -83
43.381824 59.235340 -86
44.927645 58.070320 -89
46.440214 56.862149 -92
47.930439 55.626050 -95
49.385378 54.348058 -98
51.183549 52.517642 -101
-50.639250 50.142676 100
-49.301345 51.358721 98
-47.926884 52.727848 95
-46.514851 53.968522 92
-45.068545 55.168319 89
-43.600661 56.340950 86
-42.100278 57.471695 83
-40.567148 58.556487 80
-39.004062 59.597107 77
-37.422441 60.609035 74
-35.812644 61.575526 71
-34.175172 62.493021 67
-32.512314 63.363541 64
-30.833969 64.203604 61
-29.132776 64.995174 57
-27.408479 65.735722 54
-25.664381 66.426505 51
-23.907844 67.085555 47
-22.133537 67.694084 44
-20.341711 68.249304 40
-18.535161 68.753235 36
-16.719727 69.223914 33
-14.891851 69.643056 29
-13.052044 70.007110 25
-11.203097 70.318611 22
-9.348565 70.596091 18
-7.486926 70.820764 14
-5.619447 70.989846 11
-3.747906 71.105359 7
-1.874841 71.186851 3
0.000000 71.215027 0
1.874841 71.186851 -3
3.747906 71.105359 -7
5.619447 70.989846 -11
7.486926 70.820764 -14
9.348565 70.596091 -18
11.203097 70.318611 -22
13.052044 70.007110 -25
14.891851 69.643056 -29
16.719727 69.223914 -33
18.535161 68.753235 -36
20.341711 68.249304 -40
22.133537 67.694084 -44
23.907844 67.085555 -47
25.664381 66.426505 -51
27.408479 65.735722 -54
29.132776 64.995174 -57
30.833969 64.203604 -61
32.512314 63.363541 -64
34.175172 62.493021 -67
35.812644 61.575526 -71
37.422441 60.609035 -74
39.004062 59.597107 -77
40.567148 58.556487 -80
42.100278 57.471695 -83
43.600661 56.340950 -86
45.068545 55.168319 -89
46.514851 53.968522 -92
47.926884 52.727848 -95
49.301345 51.358721 -98
50.639250 50.142676 -100
-50.729118 46.764663 100
-49.072861 48.576290 97
-47.776340 49.856816 94
-46.444274 51.100024 92
-45.076163 52.302614 89
-43.674536 53.465347 86
-42.252096 54.601930 84
-40.798173 55.697891 81
-39.312516 56.749432 78
-37.797664 57.758063 75
-36.265041 58.738765 72
-34.705002 59.675555 69
-33.118051 60.564862 65
-31.506729 61.408730 62
-29.880426 62.222644 59
-28.231532 62.989843 56
-26.560802 63.707538 52
-24.870526 64.377255 49
-23.168316 65.015739 46
-21.448845 65.605737 42
-19.712617 66.143689 39
-17.961920 66.632137 35
-16.202589 67.088350 32
-14.431074 67.494544 28
-12.648388 67.847169 25
-10.856563 68.149020 21
-9.059406 68.417872 18
-7.255395 68.635696 14
-5.445545 68.799442 10
-3.632140 68.911651 7
-1.816959 68.990354 3
0.000000 69.017774 0
1.816959 68.990354 -3
3.632140 68.911651 -7
5.445545 68.799442 -10
7.255395 68.635696 -14
9.059406 68.417872 -18
10.856563 68.149020 -21
12.648388 67.847169 -25
14.431074 67.494544 -28
16.202589 67.088350 -32
17.961920 66.632137 -35
19.712617 66.143689 -39
21.448845 65.605737 -42
23.168316 65.015739 -46
24.870526 64.377255 -49
26.560802 63.707538 -52
28.231532 62.989843 -56
29.880426 62.222644 -59
31.506729 61.408730 -62
33.118051 60.564862 -65
34.705002 59.675555 -69
36.265041 58.738765 -72
37.797664 57.758063 -75
39.312516 56.749432 -78
40.798173 55.697891 -81
42.252096 54.601930 -84
43.674536 53.465347 -86
45.076163 52.302614 -89
46.444274 51.100024 -92
47.776340 49.856816 -94
49.072861 48.576290 -97
50.729118 46.764663 -100
-49.935262 44.467630 99
-48.739019 45.657526 96
-48.335871 46.175425 96
-47.506474 47.009900 94
-46.677329 47.844376 92
-46.251586 48.250062 91
-44.961921 49.453668 89
-43.637217 50.617922 86
-43.191926 51.001522 85
-42.280529 51.743842 84
-41.369130 52.485908 82
-40.903527 52.844378 81
-39.496065 53.905562 78
-38.057628 54.923837 75
-37.574764 55.258184 74
-36.591266 55.900480 72
-35.607768 56.542522 70
-35.107388 56.849964 69
-33.597360 57.756792 66
-32.060929 58.617922 63
-31.546077 58.899722 62
-30.501141 59.434879 60
-29.456208 59.969788 58
-28.926632 60.223152 57
-27.330542 60.965980 54
-25.713126 61.660829 51
-25.171617 61.887027 50
-24.076669 62.309218 47
-22.981975 62.731404 45
-22.429042 62.927392 44
-20.764154 63.498603 41
-19.083270 64.019548 37
-18.521452 64.187359 36
-17.388677 64.492514 34
-16.255903 64.797159 32
-15.685453 64.934248 31
-13.970551 65.327494 27
-12.244732 65.668950 24
-11.668190 65.776846 23
-10.510028 65.961157 20
-9.351612 66.145468 18
-8.770246 66.221629 17
-7.023864 66.432598 13
-5.271897 66.591013 10
-4.687230 66.637982 9
-3.516121 66.699671 6
-2.345011 66.761106 4
-1.758822 66.775833 3
0.000000 66.802236 0
1.758822 66.775833 -3
2.345011 66.761106 -4
3.516121 66.699671 -6
4.687230 66.637982 -9
5.271897 66.591013 -10
7.023864 66.432598 -13
8.770246 66.221629 -17
9.351612 66.145468 -18
10.510028 65.961157 -20
11.668190 65.776846 -23
12.244732 65.668950 -24
13.970551 65.327494 -27
15.685453 64.934248 -31
16.255903 64.797159 -32
17.388677 64.492514 -34
18.521452 64.187359 -36
19.083270 64.019548 -37
20.764154 63.498603 -41
22.429042 62.927392 -44
22.981975 62.731404 -45
24.076669 62.309218 -47
25.171617 61.887027 -50
25.713126 61.660829 -51
27.330542 60.965980 -54
28.926632 60.223152 -57
29.456208 59.969788 -58
30.501141 59.434879 -60
31.546077 58.899722 -62
32.060929 58.617922 -63
33.597360 57.756792 -66
35.107388 56.849964 -69
35.607768 56.542522 -70
36.591266 55.900480 -72
37.574764 55.258184 -74
38.057628 54.923837 -75
39.496065 53.905562 -78
40.903527 52.844378 -81
41.369130 52.485908 -82
42.280529 51.743842 -84
43.191926 51.001522 -85
43.637217 50.617922 -86
44.961921 49.453668 -89
46.251586 48.250062 -91
46.677329 47.844376 -92
47.506474 47.009900 -94
48.335871 46.175425 -96
48.739019 45.657526 -96
49.935262 44.467630 -99
-49.675551 41.290681 98
-48.268851 42.967250 95
-46.694086 44.614369 92
-45.119574 46.250319 89
-43.434883 47.781924 86
-41.750446 49.302870 82
-39.964203 50.712111 79
-38.177963 52.110431 75
-36.298554 53.390710 72
-34.419397 54.659813 68
-32.456206 55.804770 64
-30.493273 56.938565 60
-28.455699 57.942876 56
-26.418380 58.936024 52
-24.316578 59.794874 48
-22.215029 60.642802 44
-20.059152 61.351863 39
-17.903276 62.050264 35
-15.703732 62.606501 31
-13.504189 63.152325 26
-11.271896 63.552935 22
-9.039604 63.943386 17
-6.785224 64.186343 13
-4.530845 64.419141 9
-2.265296 64.503936 4
0.000000 64.578065 0
2.265296 64.503936 -4
4.530845 64.419141 -9
6.785224 64.186343 -13
9.039604 63.943386 -17
11.271896 63.552935 -22
13.504189 63.152325 -26
15.703732 62.606501 -31
17.903276 62.050264 -35
20.059152 61.351863 -39
22.215029 60.642802 -44
24.316578 59.794874 -48
26.418380 58.936024 -52
28.455699 57.942876 -56
30.493273 56.938565 -60
32.456206 55.804770 -64
34.419397 54.659813 -68
36.298554 53.390710 -72
38.177963 52.110431 -75
39.964203 50.712111 -79
41.750446 49.302870 -82
43.434883 47.781924 -86
45.119574 46.250319 -89
46.694086 44.614369 -92
48.268851 42.967250 -95
49.675551 41.290681 -98
-48.009138 39.790047 95
-46.602438 41.466616 92
-45.082001 43.052042 89
-43.561818 44.636964 86
-41.935262 46.111194 83
-40.308962 47.584920 80
-38.584411 48.940849 76
-36.859864 50.296269 73
-35.045442 51.527292 69
-33.231022 52.758058 66
-31.335620 53.858339 62
-29.440468 54.958621 58
-27.473472 55.923078 54
-25.506220 56.887536 50
-23.477025 57.711602 46
-21.448084 58.535668 42
-19.366590 59.215029 38
-17.285097 59.894643 34
-15.161715 60.426757 30
-13.038081 60.958871 25
-10.882712 61.340695 21
-8.727596 61.722518 17
-6.550901 61.952273 13
-4.374460 62.182282 8
-2.187103 62.258698 4
0.000000 62.335616 0
2.187103 62.258698 -4
4.374460 62.182282 -8
6.550901 61.952273 -13
8.727596 61.722518 -17
10.882712 61.340695 -21
13.038081 60.958871 -25
15.161715 60.426757 -30
17.285097 59.894643 -34
19.366590 59.215029 -38
21.448084 58.535668 -42
23.477025 57.711602 -46
25.506220 56.887536 -50
27.473472 55.923078 -54
29.440468 54.958621 -58
31.335620 53.858339 -62
33.231022 52.758058 -66
35.045442 51.527292 -69
36.859864 50.296269 -73
38.584411 48.940849 -76
40.308962 47.584920 -80
41.935262 46.111194 -83
43.561818 44.636964 -86
45.082001 43.052042 -89
46.602438 41.466616 -92
48.009138 39.790047 -95
-47.614116 36.703986 94
-46.258695 38.332065 91
-44.903021 39.959889 89
-43.438183 41.487940 86
-41.973342 43.015486 83
-40.406448 44.436150 80
-38.839299 45.856564 77
-37.177457 47.163240 73
-35.515866 48.469407 70
-33.767707 49.655749 67
-32.019294 50.841839 63
-30.193198 51.902261 60
-28.366844 52.962426 56
-26.471693 53.892106 52
-24.576288 54.821272 48
-22.621223 55.615383 44
-20.665906 56.409240 41
-18.660321 57.064230 37
-16.654988 57.719220 33
-14.608784 58.231785 29
-12.562579 58.744604 24
-10.485910 59.112209 20
-8.409241 59.480069 16
-6.312008 59.701698 12
-4.215029 59.923328 8
-2.107388 59.997208 4
0.000000 60.071083 0
2.107388 59.997208 -4
4.215029 59.923328 -8
6.312008 59.701698 -12
8.409241 59.480069 -16
10.485910 59.112209 -20
12.562579 58.744604 -24
14.608784 58.231785 -29
16.654988 57.719220 -33
18.660321 57.064230 -37
20.665906 56.409240 -41
22.621223 55.615383 -44
24.576288 54.821272 -48
26.471693 53.892106 -52
28.366844 52.962426 -56
30.193198 51.902261 -60
32.019294 50.841839 -63
33.767707 49.655749 -67
35.515866 48.469407 -70
37.177457 47.163240 -73
38.839299 45.856564 -77
40.406448 44.436150 -80
41.973342 43.015486 -83
43.438183 41.487940 -86
44.903021 39.959889 -89
46.258695 38.332065 -91
47.614116 36.703986 -94
-47.004824 33.664383 93
-45.812136 35.296013 91
-44.507998 36.863164 88
-43.203860 38.429805 85
-41.794365 39.900481 83
-40.385124 41.370652 80
-38.877380 42.738003 77
-37.369383 44.104850 74
-35.770754 45.362527 71
-34.171872 46.619446 67
-32.489719 47.761359 64
-30.807820 48.902768 61
-29.050522 49.923330 57
-27.293475 50.943642 54
-25.469916 51.838031 50
-23.646357 52.732416 46
-21.765169 53.496572 43
-19.883980 54.260728 39
-17.954302 54.890833 35
-16.024626 55.521198 31
-14.055851 56.014468 27
-12.087332 56.507745 24
-10.089109 56.861895 20
-8.091140 57.215790 16
-6.073115 57.429040 12
-4.055344 57.642042 8
-2.027672 57.713381 4
0.000000 57.784460 0
2.027672 57.713381 -4
4.055344 57.642042 -8
6.073115 57.429040 -12
8.091140 57.215790 -16
10.089109 56.861895 -20
12.087332 56.507745 -24
14.055851 56.014468 -27
16.024626 55.521198 -31
17.954302 54.890833 -35
19.883980 54.260728 -39
21.765169 53.496572 -43
23.646357 52.732416 -46
25.469916 51.838031 -50
27.293475 50.943642 -54
29.050522 49.923330 -57
30.807820 48.902768 -61
32.489719 47.761359 -64
34.171872 46.619446 -67
35.770754 45.362527 -71
37.369383 44.104850 -74
38.877380 42.738003 -77
40.385124 41.370652 -80
41.794365 39.900481 -83
43.203860 38.429805 -85
44.507998 36.863164 -88
45.812136 35.296013 -91
47.004824 33.664383 -93
-45.128205 32.300837 89
-43.983244 33.890834 87
-42.731151 35.396040 84
-41.478801 36.900483 82
-40.125668 38.312770 79
-38.772531 39.725058 77
-37.324955 41.037826 74
-35.877379 42.350598 71
-34.342473 43.558010 68
-32.807566 44.765170 65
-31.192436 45.861640 62
-29.577559 46.957604 58
-27.890581 47.937548 55
-26.203860 48.917237 52
-24.452907 49.776087 48
-22.702208 50.634679 45
-20.896166 51.368622 41
-19.089871 52.102058 37
-17.237369 52.707283 34
-15.384870 53.312261 30
-13.494796 53.785729 26
-11.604722 54.259457 23
-9.686215 54.599643 19
-7.767962 54.939326 15
-5.830668 55.143948 11
-3.893374 55.348564 7
-1.946687 55.416860 3
0.000000 55.485404 0
1.946687 55.416860 -3
3.893374 55.348564 -7
5.830668 55.143948 -11
7.767962 54.939326 -15
9.686215 54.599643 -19
11.604722 54.259457 -23
13.494796 53.785729 -26
15.384870 53.312261 -30
17.237369 52.707283 -34
19.089871 52.102058 -37
20.896166 51.368622 -41
22.702208 50.634679 -45
24.452907 49.776087 -48
26.203860 48.917237 -52
27.890581 47.937548 -55
29.577559 46.957604 -58
31.192436 45.861640 -62
32.807566 44.765170 -65
34.342473 43.558010 -68
35.877379 42.350598 -71
37.324955 41.037826 -74
38.772531 39.725058 -77
40.125668 38.312770 -79
41.478801 36.900483 -82
42.731151 35.396040 -84
43.983244 33.890834 -87
45.128205 32.300837 -89
-44.348820 29.412289 88
-43.251334 30.937294 85
-42.154099 32.461793 83
-40.954051 33.905053 81
-39.753999 35.347295 78
-38.456967 36.701448 76
-37.160193 38.055344 73
-35.772784 39.313784 71
-34.385376 40.572481 68
-32.914191 41.729880 65
-31.443007 42.887280 62
-29.895404 43.938309 59
-28.347550 44.989083 56
-26.730898 45.928408 53
-25.113988 46.867733 49
-23.436152 47.691040 46
-21.758060 48.514343 43
-20.027164 49.217569 39
-18.296014 49.920792 36
-16.520436 50.501142 32
-14.745113 51.080984 29
-12.933486 51.534906 25
-11.122112 51.989083 22
-9.283574 52.315053 18
-7.445037 52.640772 14
-5.588220 52.837014 11
-3.731658 53.033003 7
-1.865702 53.098503 3
0.000000 53.164252 0
1.865702 53.098503 -3
3.731658 53.033003 -7
5.588220 52.837014 -11
7.445037 52.640772 -14
9.283574 52.315053 -18
11.122112 51.989083 -22
12.933486 51.534906 -25
14.745113 51.080984 -29
16.520436 50.501142 -32
18.296014 49.920792 -36
20.027164 49.217569 -39
21.758060 48.514343 -43
23.436152 47.691040 -46
25.113988 46.867733 -49
26.730898 45.928408 -53
28.347550 44.989083 -56
29.895404 43.938309 -59
31.443007 42.887280 -62
32.914191 41.729880 -65
34.385376 40.572481 -68
35.772784 39.313784 -71
37.160193 38.055344 -73
38.456967 36.701448 -76
39.753999 35.347295 -78
40.954051 33.905053 -81
42.154099 32.461793 -83
43.251334 30.937294 -85
44.348820 29.412289 -88
-43.298554 26.677836 86
-42.396293 28.121603 84
-41.347297 29.580602 82
-40.298298 31.038588 80
-39.151054 32.418633 77
-38.003807 33.798171 75
-36.764154 35.092915 73
-35.524246 36.387409 70
-34.198021 37.591012 68
-32.871794 38.794364 65
-31.465348 39.900989 62
-30.058899 41.007617 59
-28.579335 42.012440 56
-27.099771 43.017011 53
-25.553948 43.915206 50
-24.008378 44.813152 47
-22.404418 45.600154 44
-20.800203 46.387156 41
-19.145469 47.059661 38
-17.490734 47.731913 34
-15.793348 48.286621 31
-14.095963 48.841076 28
-12.364052 49.275196 24
-10.632394 49.709318 21
-8.874841 50.020562 17
-7.117289 50.332063 14
-5.342219 50.519674 10
-3.567403 50.707286 7
-1.783702 50.769737 3
0.000000 50.832446 0
1.783702 50.769737 -3
3.567403 50.707286 -7
5.342219 50.519674 -10
7.117289 50.332063 -14
8.874841 50.020562 -17
10.632394 49.709318 -21
12.364052 49.275196 -24
14.095963 48.841076 -28
15.793348 48.286621 -31
17.490734 47.731913 -34
19.145469 47.059661 -38
20.800203 46.387156 -41
22.404418 45.600154 -44
24.008378 44.813152 -47
25.553948 43.915206 -50
27.099771 43.017011 -53
28.579335 42.012440 -56
30.058899 41.007617 -59
31.465348 39.900989 -62
32.871794 38.794364 -65
34.198021 37.591012 -68
35.524246 36.387409 -70
36.764154 35.092915 -73
38.003807 33.798171 -75
39.151054 32.418633 -77
40.298298 31.038588 -80
41.347297 29.580602 -82
42.396293 28.121603 -84
43.298554 26.677836 -86
-41.346281 25.361005 82
-40.444020 26.804772 80
-39.443261 28.197260 78
-38.442498 29.588728 76
-37.348312 30.905814 74
-36.253873 32.222391 72
-35.071083 33.457985 69
-33.888550 34.693322 67
-32.623255 35.842091 64
-31.357957 36.990354 62
-30.016247 38.046459 59
-28.674791 39.102564 56
-27.263265 40.061437 54
-25.851739 41.019802 51
-24.377252 41.876873 48
-22.902768 42.733689 45
-21.372683 43.484640 42
-19.842346 44.235845 39
-18.263772 44.877379 36
-16.685199 45.519167 33
-15.066007 46.048235 29
-13.446813 46.577305 26
-11.794872 46.991622 23
-10.142930 47.405688 20
-8.466108 47.702971 16
-6.789541 47.999999 13
-5.096217 48.178980 10
-3.403148 48.357958 6
-1.701447 48.417620 3
0.000000 48.477533 0
1.701447 48.417620 -3
3.403148 48.357958 -6
5.096217 48.178980 -10
6.789541 47.999999 -13
8.466108 47.702971 -16
10.142930 47.405688 -20
11.794872 46.991622 -23
13.446813 46.577305 -26
15.066007 46.048235 -29
16.685199 45.519167 -33
18.263772 44.877379 -36
19.842346 44.235845 -39
21.372683 43.484640 -42
22.902768 42.733689 -45
24.377252 41.876873 -48
25.851739 41.019802 -51
27.263265 40.061437 -54
28.674791 39.102564 -56
30.016247 38.046459 -59
31.357957 36.990354 -62
32.623255 35.842091 -64
33.888550 34.693322 -67
35.071083 33.457985 -69
36.253873 32.222391 -72
37.348312 30.905814 -74
38.442498 29.588728 -76
39.443261 28.197260 -78
40.444020 26.804772 -80
41.346281 25.361005 -82
-40.180756 22.718965 79
-39.322672 24.109420 78
-38.464585 25.499112 76
-37.512821 26.824066 74
-36.561056 28.148261 72
-35.520437 29.401371 70
-34.479564 30.653718 68
-33.354658 31.829399 66
-32.230009 33.004317 64
-31.026657 34.096978 61
-29.823305 35.189388 59
-28.547347 36.193956 56
-27.271388 37.198273 54
-25.928917 38.110435 51
-24.586444 39.022086 48
-23.184310 39.837267 46
-21.781924 40.652197 43
-20.326732 41.366338 40
-18.871288 42.080733 37
-17.369891 42.690784 34
-15.868749 43.301092 31
-14.328763 43.804264 28
-12.788779 44.307439 25
-11.217568 44.701448 22
-9.646357 45.095203 19
-8.051790 45.378016 16
-6.457223 45.660572 12
-4.846915 45.830922 9
-3.236354 46.001015 6
-1.618177 46.057882 3
0.000000 46.114749 0
1.618177 46.057882 -3
3.236354 46.001015 -6
4.846915 45.830922 -9
6.457223 45.660572 -12
8.051790 45.378016 -16
9.646357 45.095203 -19
11.217568 44.701448 -22
12.788779 44.307439 -25
14.328763 43.804264 -28
15.868749 43.301092 -31
17.369891 42.690784 -34
18.871288 42.080733 -37
20.326732 41.366338 -40
21.781924 40.652197 -43
23.184310 39.837267 -46
24.586444 39.022086 -48
25.928917 38.110435 -51
27.271388 37.198273 -54
28.547347 36.193956 -56
29.823305 35.189388 -59
31.026657 34.096978 -61
32.230009 33.004317 -64
33.354658 31.829399 -66
34.479564 30.653718 -68
35.520437 29.401371 -70
36.561056 28.148261 -72
37.512821 26.824066 -74
38.464585 25.499112 -76
39.322672 24.109420 -78
40.180756 22.718965 -79
-38.834223 20.182788 77
-38.113227 21.525260 75
-37.299314 22.845138 74
-36.485403 24.164003 72
-35.582635 25.421426 70
-34.679869 26.678090 68
-33.692562 27.867481 66
-32.705255 29.056106 64
-31.638233 30.171616 62
-30.571464 31.286875 60
-29.430058 32.323686 58
-28.288653 33.360496 56
-27.078192 34.313531 53
-25.867987 35.266566 51
-24.594568 36.132013 48
-23.321401 36.997206 46
-21.991114 37.770755 43
-20.661082 38.543793 41
-19.280529 39.221628 38
-17.900229 39.899467 35
-16.476009 40.478547 32
-15.052044 41.057375 29
-13.591266 41.534906 27
-12.130490 42.012440 24
-10.640264 42.386138 21
-9.150038 42.759839 18
-7.637471 43.028180 15
-6.124905 43.296270 12
-4.597360 43.457986 9
-3.069815 43.619194 6
-1.534907 43.673014 3
0.000000 43.727089 0
1.534907 43.673014 -3
3.069815 43.619194 -6
4.597360 43.457986 -9
6.124905 43.296270 -12
7.637471 43.028180 -15
9.150038 42.759839 -18
10.640264 42.386138 -21
12.130490 42.012440 -24
13.591266 41.534906 -27
15.052044 41.057375 -29
16.476009 40.478547 -32
17.900229 39.899467 -35
19.280529 39.221628 -38
20.661082 38.543793 -41
21.991114 37.770755 -43
23.321401 36.997206 -46
24.594568 36.132013 -48
25.867987 35.266566 -51
27.078192 34.313531 -53
28.288653 33.360496 -56
29.430058 32.323686 -58
30.571464 31.286875 -60
31.638233 30.171616 -62
32.705255 29.056106 -64
33.692562 27.867481 -66
34.679869 26.678090 -68
35.582635 25.421426 -70
36.485403 24.164003 -72
37.299314 22.845138 -74
38.113227 21.525260 -75
38.834223 20.182788 -77
-36.700178 19.048237 72
-36.018787 20.349075 71
-35.249555 21.597613 70
-34.480326 22.844630 68
-33.627061 24.033767 66
-32.774054 25.221629 65
-31.841076 26.346027 63
-30.908098 27.469663 61
-29.899721 28.524246 59
-28.891344 29.578319 57
-27.812644 30.558008 55
-26.733944 31.537955 53
-25.590251 32.438690 50
-24.446560 33.339426 48
-23.243209 34.157399 46
-22.039858 34.974868 43
-20.782686 35.705762 41
-19.525768 36.436659 38
-18.221122 37.077176 36
-16.916477 37.717694 33
-15.570704 38.264788 30
-14.224930 38.811882 28
-12.844377 39.263264 25
-11.464077 39.714394 22
-10.055598 40.067530 19
-8.647118 40.420666 17
-7.217822 40.674284 14
-5.788271 40.927647 11
-4.344758 41.080224 8
-2.901244 41.232801 5
-1.450622 41.283829 2
0.000000 41.334604 0
1.450622 41.283829 -2
2.901244 41.232801 -5
4.344758 41.080224 -8
5.788271 40.927647 -11
7.217822 40.674284 -14
8.647118 40.420666 -17
10.055598 40.067530 -19
11.464077 39.714394 -22
12.844377 39.263264 -25
14.224930 38.811882 -28
15.570704 38.264788 -30
16.916477 37.717694 -33
18.221122 37.077176 -36
19.525768 36.436659 -38
20.782686 35.705762 -41
22.039858 34.974868 -43
23.243209 34.157399 -46
24.446560 33.339426 -48
25.590251 32.438690 -50
26.733944 31.537955 -53
27.812644 30.558008 -55
28.891344 29.578319 -57
29.899721 28.524246 -59
30.908098 27.469663 -61
31.841076 26.346027 -63
32.774054 25.221629 -65
33.627061 24.033767 -66
34.480326 22.844630 -68
35.249555 21.597613 -70
36.018787 20.349075 -71
36.700178 19.048237 -72
-35.207920 16.686215 69
-34.566135 17.913429 68
-33.924347 19.139884 67
-33.199797 20.316832 66
-32.475246 21.492259 64
-31.671745 22.613099 62
-30.868241 23.732926 61
-29.989592 24.792589 59
-29.110689 25.851486 57
-28.160955 26.845140 55
-27.211475 27.838539 54
-26.195480 28.761870 52
-25.179487 29.685201 50
-24.102311 30.534145 47
-23.024880 31.382839 45
-21.891597 32.153847 43
-20.758314 32.924093 41
-19.574258 33.612592 38
-18.390201 34.301346 36
-17.161462 34.904799 34
-15.932725 35.508252 31
-14.665397 36.023863 29
-13.397816 36.539478 26
-12.097486 36.964459 24
-10.797410 37.389694 21
-9.470932 37.722265 18
-8.144453 38.055090 16
-6.798172 38.293984 13
-5.451638 38.532624 10
-4.092155 38.676567 8
-2.732419 38.820259 5
-1.366337 38.868241 2
0.000000 38.916223 0
1.366337 38.868241 -2
2.732419 38.820259 -5
4.092155 38.676567 -8
5.451638 38.532624 -10
6.798172 38.293984 -13
8.144453 38.055090 -16
9.470932 37.722265 -18
10.797410 37.389694 -21
12.097486 36.964459 -24
13.397816 36.539478 -26
14.665397 36.023863 -29
15.932725 35.508252 -31
17.161462 34.904799 -34
18.390201 34.301346 -36
19.574258 33.612592 -38
20.758314 32.924093 -41
21.891597 32.153847 -43
23.024880 31.382839 -45
24.102311 30.534145 -47
25.179487 29.685201 -50
26.195480 28.761870 -52
27.211475 27.838539 -54
28.160955 26.845140 -55
29.110689 25.851486 -57
29.989592 24.792589 -59
30.868241 23.732926 -61
31.671745 22.613099 -62
32.475246 21.492259 -64
33.199797 20.316832 -66
33.924347 19.139884 -67
34.566135 17.913429 -68
35.207920 16.686215 -69
-33.008122 15.650926 65
-32.406448 16.802996 64
-31.804774 17.953797 63
-31.125413 19.057630 61
-30.446307 20.160447 60
-29.693069 21.211475 59
-28.939580 22.261742 57
-28.115765 23.255396 55
-27.291953 24.248287 54
-26.401624 25.180248 52
-25.511298 26.111450 50
-24.558771 26.977152 48
-23.606245 27.842853 46
-22.596344 28.638743 44
-21.586443 29.434375 42
-20.523737 30.156639 40
-19.461285 30.878902 38
-18.351358 31.524753 36
-17.241432 32.170092 34
-16.089363 32.735719 31
-14.937294 33.301345 29
-13.748921 33.784718 27
-12.560549 34.267833 24
-11.341711 34.666667 22
-10.122874 35.064990 20
-8.879157 35.376999 17
-7.635441 35.688754 15
-6.373445 35.912668 12
-5.111196 36.136584 10
-3.836507 36.271388 7
-2.561818 36.406195 5
-1.280782 36.451128 2
0.000000 36.496318 0
1.280782 36.451128 -2
2.561818 36.406195 -5
3.836507 36.271388 -7
5.111196 36.136584 -10
6.373445 35.912668 -12
7.635441 35.688754 -15
8.879157 35.376999 -17
10.122874 35.064990 -20
11.341711 34.666667 -22
12.560549 34.267833 -24
13.748921 33.784718 -27
14.937294 33.301345 -29
16.089363 32.735719 -31
17.241432 32.170092 -34
18.351358 31.524753 -36
19.461285 30.878902 -38
20.523737 30.156639 -40
21.586443 29.434375 -42
22.596344 28.638743 -44
23.606245 27.842853 -46
24.558771 26.977152 -48
25.511298 26.111450 -50
26.401624 25.180248 -52
27.291953 24.248287 -54
28.115765 23.255396 -55
28.939580 22.261742 -57
29.693069 21.211475 -59
30.446307 20.160447 -60
31.125413 19.057630 -61
31.804774 17.953797 -63
32.406448 16.802996 -64
33.008122 15.650926 -65
-31.294998 13.502411 62
-30.808328 14.577811 61
-30.246764 15.654735 60
-29.685201 16.730135 58
-29.051281 17.761615 57
-28.417364 18.792078 56
-27.714142 19.773801 55
-27.011170 20.755015 53
-26.242195 21.683168 52
-25.473217 22.610561 50
-24.642042 23.481088 48
-23.811119 24.350852 47
-22.922062 25.159686 45
-22.033258 25.968012 43
-21.090378 26.711349 41
-20.147753 27.454431 40
-19.156131 28.128967 38
-18.164255 28.803505 36
-17.128205 29.406447 34
-16.092409 30.009138 31
-15.017010 30.537192 29
-13.941863 31.065500 27
-12.832699 31.516881 25
-11.723534 31.968011 23
-10.585936 32.340442 21
-9.448083 32.712365 18
-8.287383 33.003809 16
-7.126682 33.294998 14
-5.948718 33.503934 11
-4.770500 33.712870 9
-3.580858 33.838792 7
-2.390962 33.964712 4
-1.195481 34.006601 2
0.000000 34.048742 0
1.195481 34.006601 -2
2.390962 33.964712 -4
3.580858 33.838792 -7
4.770500 33.712870 -9
5.948718 33.503934 -11
7.126682 33.294998 -14
8.287383 33.003809 -16
9.448083 32.712365 -18
10.585936 32.340442 -21
11.723534 31.968011 -23
12.832699 31.516881 -25
13.941863 31.065500 -27
15.017010 30.537192 -29
16.092409 30.009138 -31
17.128205 29.406447 -34
18.164255 28.803505 -36
19.156131 28.128967 -38
20.147753 27.454431 -40
21.090378 26.711349 -41
22.033258 25.968012 -43
22.922062 25.159686 -45
23.811119 24.350852 -47
24.642042 23.481088 -48
25.473217 22.610561 -50
26.242195 21.683168 -52
27.011170 20.755015 -53
27.714142 19.773801 -55
28.417364 18.792078 -56
29.051281 17.761615 -57
29.685201 16.730135 -58
30.246764 15.654735 -60
30.808328 14.577811 -61
31.294998 13.502411 -62
-29.512567 11.468138 58
-29.060928 12.507744 57
-28.609039 13.545063 56
-28.087586 14.546331 55
-27.565878 15.545569 54
-26.977406 16.503934 53
-26.388676 17.461286 52
-25.735719 18.373445 51
-25.082762 19.284590 49
-24.368622 20.146740 48
-23.654735 21.007870 46
-22.882965 21.815945 45
-22.111196 22.623763 43
-21.285860 23.374714 42
-20.460269 24.125414 40
-19.584920 24.815689 38
-18.709570 25.505459 37
-17.788525 26.131761 35
-16.867478 26.758060 33
-15.905560 27.317848 31
-14.943387 27.877379 29
-13.945163 28.367861 27
-12.946687 28.858339 25
-11.916730 29.277481 23
-10.886773 29.696369 21
-9.830160 30.041888 19
-8.773546 30.387407 17
-7.695862 30.658035 15
-6.617923 30.928155 13
-5.523991 31.122367 10
-4.430058 31.316325 8
-3.325209 31.433105 6
-2.220360 31.550140 4
-1.110180 31.588983 2
0.000000 31.628077 0
1.110180 31.588983 -2
2.220360 31.550140 -4
3.325209 31.433105 -6
4.430058 31.316325 -8
5.523991 31.122367 -10
6.617923 30.928155 -13
7.695862 30.658035 -15
8.773546 30.387407 -17
9.830160 30.041888 -19
10.886773 29.696369 -21
11.916730 29.277481 -23
12.946687 28.858339 -25
13.945163 28.367861 -27
14.943387 27.877379 -29
15.905560 27.317848 -31
16.867478 26.758060 -33
17.788525 26.131761 -35
18.709570 25.505459 -37
19.584920 24.815689 -38
20.460269 24.125414 -40
21.285860 23.374714 -42
22.111196 22.623763 -43
22.882965 21.815945 -45
23.654735 21.007870 -46
24.368622 20.146740 -48
25.082762 19.284590 -49
25.735719 18.373445 -51
26.388676 17.461286 -52
26.977406 16.503934 -53
27.565878 15.545569 -54
28.087586 14.546331 -55
28.609039 13.545063 -56
29.060928 12.507744 -57
29.512567 11.468138 -58
-27.243717 10.551408 54
-26.409495 12.472709 52
-25.446813 14.322164 50
-24.359989 16.092918 48
-23.154354 17.778117 45
-21.835999 19.370653 43
-20.411272 20.863673 40
-18.887280 22.250824 37
-17.271135 23.525769 34
-15.570704 24.682915 30
-13.794618 25.716933 27
-11.951257 26.623002 23
-10.049758 27.397056 19
-8.099264 28.035036 16
-6.109165 28.534653 12
-4.089363 28.893374 8
-2.049759 29.108910 4
0.000000 29.181009 0
2.049759 29.108910 -4
4.089363 28.893374 -8
6.109165 28.534653 -12
8.099264 28.035036 -16
10.049758 27.397056 -19
11.951257 26.623002 -23
13.794618 25.716933 -27
15.570704 24.682915 -30
17.271135 23.525769 -34
18.887280 22.250824 -37
20.411272 20.863673 -40
21.835999 19.370653 -43
23.154354 17.778117 -45
24.359989 16.092918 -48
25.446813 14.322164 -50
26.409495 12.472709 -52
27.243717 10.551408 -54
-24.923839 9.669204 49
-24.160701 11.429044 47
-23.223153 13.095963 46
-22.285606 14.741814 44
-21.130997 16.249049 42
-19.976644 17.739528 39
-18.627824 19.063469 37
-17.279005 20.373699 34
-15.761868 21.491497 31
-14.244986 22.597613 28
-12.589236 23.489973 25
-10.933486 24.371668 21
-9.171617 25.022341 18
-7.409494 25.663112 14
-5.575273 26.060168 11
-3.741051 26.447830 7
-1.870526 26.583905 3
0.000000 26.710841 0
1.870526 26.583905 -3
3.741051 26.447830 -7
5.575273 26.060168 -11
7.409494 25.663112 -14
9.171617 25.022341 -18
10.933486 24.371668 -21
12.589236 23.489973 -25
14.244986 22.597613 -28
15.761868 21.491497 -31
17.279005 20.373699 -34
18.627824 19.063469 -37
19.976644 17.739528 -39
21.130997 16.249049 -42
22.285606 14.741814 -44
23.223153 13.095963 -46
24.160701 11.429044 -47
24.923839 9.669204 -49
-22.603960 8.731659 44
-21.911906 10.332063 43
-21.061437 11.840314 41
-20.211221 13.342474 40
-19.164255 14.705509 38
-18.117289 16.065246 35
-16.893882 17.261997 33
-15.670729 18.456715 31
-14.294745 19.466617 28
-12.919015 20.475756 25
-11.417365 21.280782 22
-9.915968 22.085808 19
-8.317848 22.671999 16
-6.719726 23.257679 13
-5.056359 23.613862 10
-3.392993 23.970045 6
-1.696370 24.089363 3
0.000000 24.208684 0
1.696370 24.089363 -3
3.392993 23.970045 -6
5.056359 23.613862 -10
6.719726 23.257679 -13
8.317848 22.671999 -16
9.915968 22.085808 -19
11.417365 21.280782 -22
12.919015 20.475756 -25
14.294745 19.466617 -28
15.670729 18.456715 -31
16.893882 17.261997 -33
18.117289 16.065246 -35
19.164255 14.705509 -38
20.211221 13.342474 -40
21.061437 11.840314 -41
21.911906 10.332063 -43
22.603960 8.731659 -44
-20.265296 7.846409 40
-19.644834 9.282305 38
-18.882458 10.634425 37
-18.120081 11.980706 35
-17.181519 13.202082 34
-16.242701 14.420412 32
-15.145976 15.492511 30
-14.049252 16.563088 27
-12.815689 17.468141 25
-11.582382 18.372177 22
-10.236101 19.093678 20
-8.890073 19.814928 17
-7.457222 20.340190 14
-6.024625 20.865194 11
-4.533130 21.184058 9
-3.041889 21.503174 6
-1.520944 21.610307 3
0.000000 21.717189 0
1.520944 21.610307 -3
3.041889 21.503174 -6
4.533130 21.184058 -9
6.024625 20.865194 -11
7.457222 20.340190 -14
8.890073 19.814928 -17
10.236101 19.093678 -20
11.582382 18.372177 -22
12.815689 17.468141 -25
14.049252 16.563088 -27
15.145976 15.492511 -30
16.242701 14.420412 -32
17.181519 13.202082 -34
18.120081 11.980706 -35
18.882458 10.634425 -37
19.644834 9.282305 -38
20.265296 7.846409 -40
-17.926631 6.901496 35
-17.377761 8.176442 34
-16.703224 9.376239 33
-16.028941 10.570194 31
-15.198527 11.652957 30
-14.368367 12.732673 28
-13.398071 13.682409 26
-12.428028 14.630872 24
-11.336887 15.432343 22
-10.245747 16.233055 20
-9.054837 16.872048 18
-7.863925 17.510535 15
-6.596598 17.975630 13
-5.329271 18.440467 10
-4.010155 18.723026 7
-2.690784 19.005331 5
-1.345519 19.100279 2
0.000000 19.194721 0
1.345519 19.100279 -2
2.690784 19.005331 -5
4.010155 18.723026 -7
5.329271 18.440467 -10
6.596598 17.975630 -13
7.863925 17.510535 -15
9.054837 16.872048 -18
10.245747 16.233055 -20
11.336887 15.432343 -22
12.428028 14.630872 -24
13.398071 13.682409 -26
14.368367 12.732673 -28
15.198527 11.652957 -30
16.028941 10.570194 -31
16.703224 9.376239 -33
17.377761 8.176442 -34
17.926631 6.901496 -35
-15.621224 6.033257 30
-15.142675 7.143945 29
-14.555217 8.188627 28
-13.967504 9.228230 27
-13.243970 10.170601 26
-12.520436 11.110688 24
-11.675045 11.937800 23
-10.829652 12.763391 21
-9.878903 13.461284 19
-8.928154 14.158418 17
-7.890327 14.714902 15
-6.852754 15.270881 13
-5.748413 15.676059 11
-4.643818 16.080732 9
-3.494288 16.326732 6
-2.344758 16.572735 4
-1.172379 16.655244 2
0.000000 16.737752 0
1.172379 16.655244 -2
2.344758 16.572735 -4
3.494288 16.326732 -6
4.643818 16.080732 -9
5.748413 15.676059 -11
6.852754 15.270881 -13
7.890327 14.714902 -15
8.928154 14.158418 -17
9.878903 13.461284 -19
10.829652 12.763391 -21
11.675045 11.937800 -23
12.520436 11.110688 -24
13.243970 10.170601 -26
13.967504 9.228230 -27
14.555217 8.188627 -28
15.142675 7.143945 -29
15.621224 6.033257 -30
-12.907845 6.054074 25
-11.906068 7.838029 23
-10.672506 9.447067 21
-9.231277 10.858846 18
-7.610307 12.049758 14
-5.841330 12.999493 11
-3.958619 13.690531 7
-1.998731 14.110436 3
0.000000 14.251332 0
1.998731 14.110436 -3
3.958619 13.690531 -7
5.841330 12.999493 -11
7.610307 12.049758 -14
9.231277 10.858846 -18
10.672506 9.447067 -21
11.906068 7.838029 -23
12.907845 6.054074 -25
-10.597868 5.000761 20
-9.680122 6.401879 19
-8.762630 7.778370 17
-7.505459 8.850977 14
-6.248286 9.911145 12
-4.749175 10.588221 9
-3.250064 11.256410 6
-1.625032 11.490225 3
0.000000 11.715917 0
1.625032 11.490225 -3
3.250064 11.256410 -6
4.749175 10.588221 -9
6.248286 9.911145 -12
7.505459 8.850977 -14
8.762630 7.778370 -17
9.680122 6.401879 -19
10.597868 5.000761 -20
-8.287637 3.874079 16
-7.569941 4.971819 15
-6.852501 6.058390 13
-5.869256 6.896420 11
-4.886266 7.731404 9
-3.713887 8.258950 7
-2.541508 8.785733 5
-1.270881 8.965727 2
0.000000 9.145721 0
1.270881 8.965727 -2
2.541508 8.785733 -5
3.713887 8.258950 -7
4.886266 7.731404 -9
5.869256 6.896420 -11
6.852501 6.058390 -13
7.569941 4.971819 -15
8.287637 3.874079 -16
-5.638995 3.304647 10
-4.921554 4.368623 9
-4.215537 4.968519 8
-3.509520 5.566641 6
-2.667428 5.944656 5
-1.825336 6.322417 3
-0.912668 6.451383 1
0.000000 6.580351 0
0.912668 6.451383 -1
1.825336 6.322417 -3
2.667428 5.944656 -5
3.509520 5.566641 -6
4.215537 4.968519 -8
4.921554 4.368623 -9
5.638995 3.304647 -10
-2.990607 2.630111 5
-2.132521 3.363289 4
-1.109165 3.824575 2
0.000000 3.981974 0
1.109165 3.824575 -2
2.132521 3.363289 -4
2.990607 2.630111 -5
