# Active surface commands at 38.501076
# Zero points are Off, FEM corrections are Off
-12.741051 103.255394 27
-10.929931 103.478548 23
-9.111958 103.637726 19
-7.293983 103.797412 14
-5.471693 103.893116 11
-3.649150 103.988833 7
-1.824575 104.021075 3
0.000000 104.052809 0
1.824575 104.021075 -3
3.649150 103.988833 -7
5.471693 103.893116 -11
7.293983 103.797412 -14
9.111958 103.637726 -19
10.929931 103.478548 -23
12.741051 103.255394 -27
-23.048235 99.466362 51
-21.336126 99.861387 45
-19.578065 100.204114 39
-17.820005 100.546840 34
-16.051028 100.827872 29
-14.282051 101.109163 25
-12.504442 101.327749 21
-10.726834 101.546838 18
-8.942625 101.703220 14
-7.158416 101.859863 11
-5.369891 101.953794 8
-3.581366 102.047726 5
-1.790810 102.079205 2
0.000000 102.110431 0
1.790810 102.079205 -2
3.581366 102.047726 -5
5.369891 101.953794 -8
7.158416 101.859863 -11
8.942625 101.703220 -14
10.726834 101.546838 -18
12.504442 101.327749 -21
14.282051 101.109163 -25
16.051028 100.827872 -29
17.820005 100.546840 -34
19.578065 100.204114 -39
21.336126 99.861387 -45
23.048235 99.466362 -51
-29.431075 95.752474 65
-27.750698 96.268088 58
-26.053567 96.724041 51
-24.356436 97.180501 45
-22.644327 97.566385 39
-20.932217 97.961664 34
-19.207413 98.297790 30
-17.482610 98.634170 26
-15.747145 98.909623 22
-14.011678 99.185578 18
-12.267835 99.400352 15
-10.523737 99.615127 13
-8.773292 99.768466 10
-7.023103 99.922314 8
-5.268342 100.014472 5
-3.513582 100.106625 3
-1.756791 100.137596 1
0.000000 100.168314 0
1.756791 100.137596 -1
3.513582 100.106625 -3
5.268342 100.014472 -5
7.023103 99.922314 -8
8.773292 99.768466 -10
10.523737 99.615127 -13
12.267835 99.400352 -15
14.011678 99.185578 -18
15.747145 98.909623 -22
17.482610 98.634170 -26
19.207413 98.297790 -30
20.932217 97.961664 -34
22.644327 97.566385 -39
24.356436 97.180501 -45
26.053567 96.724041 -51
27.750698 96.268088 -58
29.431075 95.752474 -65
-33.758314 92.233310 74
-32.129727 92.795887 66
-30.500890 93.358464 58
-28.853517 93.863672 51
-27.206144 94.368874 45
-25.542269 94.816198 39
-23.878396 95.263517 34
-22.200051 95.651942 29
-20.521453 96.040875 25
-18.830413 96.370399 21
-17.139629 96.700178 18
-15.438182 96.970295 15
-13.736736 97.240672 12
-12.026910 97.451380 10
-10.317339 97.661841 8
-8.601167 97.812391 6
-6.885250 97.963189 5
-5.165016 98.053569 3
-3.444783 98.143942 2
-1.722264 98.174158 1
0.000000 98.204367 0
1.722264 98.174158 -1
3.444783 98.143942 -2
5.165016 98.053569 -3
6.885250 97.963189 -5
8.601167 97.812391 -6
10.317339 97.661841 -8
12.026910 97.451380 -10
13.736736 97.240672 -12
15.438182 96.970295 -15
17.139629 96.700178 -18
18.830413 96.370399 -21
20.521453 96.040875 -25
22.200051 95.651942 -29
23.878396 95.263517 -34
25.542269 94.816198 -39
27.206144 94.368874 -45
28.853517 93.863672 -51
30.500890 93.358464 -58
32.129727 92.795887 -66
33.758314 92.233310 -74
-37.788525 88.513329 84
-36.234578 89.175168 75
-34.658542 89.781925 66
-33.082762 90.376744 58
-31.486418 90.928152 51
-29.890328 91.479560 44
-28.275959 91.974610 38
-26.661588 92.469659 32
-25.030972 92.908096 27
-23.400355 93.346279 23
-21.755522 93.727340 19
-20.110687 94.108401 16
-18.453669 94.431325 13
-16.796395 94.754503 10
-15.129221 95.019296 8
-13.461793 95.284336 6
-11.786240 95.490731 5
-10.110688 95.696877 4
-8.429043 95.844632 3
-6.747398 95.992127 2
-5.061437 96.080728 1
-3.375730 96.169329 0
-1.687992 96.199036 0
0.000000 96.228737 0
1.687992 96.199036 0
3.375730 96.169329 0
5.061437 96.080728 -1
6.747398 95.992127 -2
8.429043 95.844632 -3
10.110688 95.696877 -4
11.786240 95.490731 -5
13.461793 95.284336 -6
15.129221 95.019296 -8
16.796395 94.754503 -10
18.453669 94.431325 -13
20.110687 94.108401 -16
21.755522 93.727340 -19
23.400355 93.346279 -23
25.030972 92.908096 -27
26.661588 92.469659 -32
28.275959 91.974610 -38
29.890328 91.479560 -44
31.486418 90.928152 -51
33.082762 90.376744 -58
34.658542 89.781925 -66
36.234578 89.175168 -75
37.788525 88.513329 -84
-39.992131 85.333588 86
-38.525769 86.017008 76
-37.004061 86.665143 67
-35.482357 87.313278 58
-33.939070 87.907589 50
-32.395784 88.501900 43
-30.832953 89.041885 37
-29.269864 89.581871 31
-27.689008 90.067022 26
-26.108150 90.551913 21
-24.511297 90.980959 17
-22.914699 91.410254 13
-21.303884 91.783444 10
-19.693322 92.156386 8
-18.070576 92.472709 5
-16.447830 92.789286 4
-14.815182 93.048742 2
-13.182280 93.308198 1
-11.541508 93.510279 0
-9.900736 93.712366 0
-8.254126 93.856817 0
-6.607261 94.001522 0
-4.956588 94.088345 0
-3.305662 94.175173 0
-1.652704 94.203857 0
0.000000 94.233050 0
1.652704 94.203857 0
3.305662 94.175173 0
4.956588 94.088345 0
6.607261 94.001522 0
8.254126 93.856817 0
9.900736 93.712366 0
11.541508 93.510279 0
13.182280 93.308198 -1
14.815182 93.048742 -2
16.447830 92.789286 -4
18.070576 92.472709 -5
19.693322 92.156386 -8
21.303884 91.783444 -10
22.914699 91.410254 -13
24.511297 90.980959 -17
26.108150 90.551913 -21
27.689008 90.067022 -26
29.269864 89.581871 -31
30.832953 89.041885 -37
32.395784 88.501900 -43
33.939070 87.907589 -50
35.482357 87.313278 -58
37.004061 86.665143 -67
38.525769 86.017008 -76
39.992131 85.333588 -86
-43.525259 81.348821 99
-42.083525 82.085805 88
-40.641787 82.823303 77
-39.175425 83.498858 67
-37.709063 84.182532 58
-36.219597 84.816957 50
-34.730135 85.451382 42
-33.219599 86.033253 35
-31.709064 86.614877 29
-30.179234 87.143439 24
-28.649403 87.671995 19
-27.102058 88.146988 14
-25.554709 88.621479 10
-23.991623 89.041631 7
-22.428788 89.461790 4
-20.852247 89.827114 2
-19.275705 90.192179 0
-17.687485 90.501901 -1
-16.099010 90.811629 -2
-14.500889 91.065755 -2
-12.902767 91.319626 -3
-11.297029 91.517387 -3
-9.691039 91.715154 -3
-8.078954 91.856816 -3
-6.467124 91.998224 -2
-4.851485 92.083268 -2
-3.235593 92.168317 -1
-1.617669 92.196493 0
0.000000 92.224930 0
1.617669 92.196493 0
3.235593 92.168317 1
4.851485 92.083268 2
6.467124 91.998224 2
8.078954 91.856816 3
9.691039 91.715154 3
11.297029 91.517387 3
12.902767 91.319626 3
14.500889 91.065755 2
16.099010 90.811629 2
17.687485 90.501901 1
19.275705 90.192179 0
20.852247 89.827114 -2
22.428788 89.461790 -4
23.991623 89.041631 -7
25.554709 88.621479 -10
27.102058 88.146988 -14
28.649403 87.671995 -19
30.179234 87.143439 -24
31.709064 86.614877 -29
33.219599 86.033253 -35
34.730135 85.451382 -42
36.219597 84.816957 -50
37.709063 84.182532 -58
39.175425 83.498858 -67
40.641787 82.823303 -77
42.083525 82.085805 -88
43.525259 81.348821 -99
-45.334856 78.006345 102
-43.951002 78.776593 90
-42.566894 79.546588 79
-41.156894 80.267326 69
-39.747144 80.988573 59
-38.313024 81.659560 50
-36.878650 82.331049 42
-35.422189 82.951255 35
-33.965474 83.571716 28
-32.488194 84.140900 22
-31.010917 84.710078 16
-29.514851 85.226957 12
-28.018533 85.744096 7
-26.505205 86.208174 4
-24.992130 86.672506 1
-23.463569 87.083523 -1
-21.935009 87.494540 -3
-20.393246 87.851739 -5
-18.851231 88.208683 -6
-17.298045 88.511805 -7
-15.744605 88.814672 -7
-14.181772 89.063213 -8
-12.618685 89.311500 -7
-11.048236 89.505201 -7
-9.477533 89.698400 -6
-7.901244 89.836759 -6
-6.324702 89.975371 -5
-4.744605 90.058388 -3
-3.164255 90.141404 -2
-1.582127 90.169079 -1
0.000000 90.197001 0
1.582127 90.169079 1
3.164255 90.141404 2
4.744605 90.058388 3
6.324702 89.975371 5
7.901244 89.836759 6
9.477533 89.698400 6
11.048236 89.505201 7
12.618685 89.311500 7
14.181772 89.063213 8
15.744605 88.814672 7
17.298045 88.511805 7
18.851231 88.208683 6
20.393246 87.851739 5
21.935009 87.494540 3
23.463569 87.083523 1
24.992130 86.672506 -1
26.505205 86.208174 -4
28.018533 85.744096 -7
29.514851 85.226957 -12
31.010917 84.710078 -16
32.488194 84.140900 -22
33.965474 83.571716 -28
35.422189 82.951255 -35
36.878650 82.331049 -42
38.313024 81.659560 -50
39.747144 80.988573 -59
41.156894 80.267326 -69
42.566894 79.546588 -79
43.951002 78.776593 -90
45.334856 78.006345 -102
-46.965981 74.651943 105
-45.640265 75.489211 93
-44.314294 76.238640 81
-42.961412 76.991367 70
-41.608529 77.744100 60
-40.230517 78.448847 51
-38.852247 79.153843 42
-37.450369 79.809849 34
-36.048488 80.466110 27
-34.624778 81.072606 21
-33.200813 81.679357 15
-31.756792 82.235593 9
-30.312770 82.791823 5
-28.850217 83.297286 1
-27.387663 83.802742 -2
-25.908606 84.256407 -5
-24.429297 84.710332 -7
-22.935262 85.111959 -9
-21.441229 85.513833 -11
-19.933994 85.863161 -12
-18.427013 86.211980 -12
-16.908607 86.508252 -13
-15.390200 86.804518 -13
-13.862401 87.047475 -12
-12.334602 87.290172 -12
-10.799442 87.479311 -11
-9.264281 87.668444 -9
-7.723280 87.803753 -8
-6.182534 87.939069 -7
-4.637725 88.020307 -5
-3.093171 88.101550 -3
-1.546585 88.128456 -1
0.000000 88.155622 0
1.546585 88.128456 1
3.093171 88.101550 3
4.637725 88.020307 5
6.182534 87.939069 7
7.723280 87.803753 8
9.264281 87.668444 9
10.799442 87.479311 11
12.334602 87.290172 12
13.862401 87.047475 12
15.390200 86.804518 13
16.908607 86.508252 13
18.427013 86.211980 12
19.933994 85.863161 12
21.441229 85.513833 11
22.935262 85.111959 9
24.429297 84.710332 7
25.908606 84.256407 5
27.387663 83.802742 2
28.850217 83.297286 -1
30.312770 82.791823 -5
31.756792 82.235593 -9
33.200813 81.679357 -15
34.624778 81.072606 -21
36.048488 80.466110 -27
37.450369 79.809849 -34
38.852247 79.153843 -42
40.230517 78.448847 -51
41.608529 77.744100 -60
42.961412 76.991367 -70
44.314294 76.238640 -81
45.640265 75.489211 -93
46.965981 74.651943 -105
-47.107389 72.095458 96
-45.870779 72.898959 85
-45.226199 73.294493 78
-44.575780 73.680122 73
-43.280781 74.461285 62
-41.959635 75.196496 53
-41.301599 75.569178 47
-40.638233 75.931707 43
-39.292205 76.620210 35
-37.946178 77.308960 27
-37.264025 77.634680 23
-36.577051 77.949478 20
-35.207920 78.590503 13
-33.817214 79.183042 8
-33.124143 79.484638 5
-32.426505 79.775580 3
-31.016247 80.318863 -1
-29.605739 80.862400 -5
-28.893628 81.114746 -7
-28.177457 81.356179 -8
-26.748921 81.849710 -11
-25.304392 82.292968 -13
-24.583650 82.520182 -15
-23.859609 82.736227 -15
-22.400355 83.128711 -17
-20.941102 83.521196 -17
-20.206397 83.697381 -18
-19.469155 83.862150 -18
-17.997207 84.203097 -18
-16.514344 84.492509 -18
-15.773801 84.642805 -18
-15.031227 84.781672 -17
-13.539223 85.019038 -16
-12.046966 85.256156 -15
-11.298045 85.354147 -15
-10.547601 85.440721 -14
-9.048236 85.625795 -12
-7.543285 85.757807 -10
-6.791318 85.829654 -9
-6.038335 85.890073 -8
-4.529576 85.969284 -6
-3.021071 86.048742 -4
-2.265804 86.067529 -3
-1.510536 86.075146 -2
0.000000 86.101295 0
1.510536 86.075146 2
2.265804 86.067529 3
3.021071 86.048742 4
4.529576 85.969284 6
6.038335 85.890073 8
6.791318 85.829654 9
7.543285 85.757807 10
9.048236 85.625795 12
10.547601 85.440721 14
11.298045 85.354147 15
12.046966 85.256156 15
13.539223 85.019038 16
15.031227 84.781672 17
15.773801 84.642805 18
16.514344 84.492509 18
17.997207 84.203097 18
19.469155 83.862150 18
20.206397 83.697381 18
20.941102 83.521196 17
22.400355 83.128711 17
23.859609 82.736227 15
24.583650 82.520182 15
25.304392 82.292968 13
26.748921 81.849710 11
28.177457 81.356179 8
28.893628 81.114746 7
29.605739 80.862400 5
31.016247 80.318863 1
32.426505 79.775580 -3
33.124143 79.484638 -5
33.817214 79.183042 -8
35.207920 78.590503 -13
36.577051 77.949478 -20
37.264025 77.634680 -23
37.946178 77.308960 -27
39.292205 76.620210 -35
40.638233 75.931707 -43
41.301599 75.569178 -47
41.959635 75.196496 -53
43.280781 74.461285 -62
44.575780 73.680122 -73
45.226199 73.294493 -78
45.870779 72.898959 -85
47.107389 72.095458 -96
-49.664637 67.850213 114
-47.856056 69.128712 94
-46.012187 70.342728 76
-44.146231 71.532112 60
-42.247271 72.671237 45
-40.315563 73.752726 32
-38.353897 74.778879 20
-36.374207 75.768978 10
-34.367098 76.702210 1
-32.333079 77.575017 -5
-30.275452 78.389439 -11
-28.203603 79.166289 -16
-26.110180 79.883978 -20
-23.996699 80.538459 -22
-21.865449 81.132522 -23
-19.724041 81.687482 -24
-17.567402 82.181515 -23
-15.397309 82.610562 -22
-13.215791 82.977659 -20
-11.028180 83.304897 -18
-8.832191 83.569943 -15
-6.629094 83.769229 -11
-4.421427 83.905561 -7
-2.211729 84.001525 -4
0.000000 84.034523 0
2.211729 84.001525 4
4.421427 83.905561 7
6.629094 83.769229 11
8.832191 83.569943 15
11.028180 83.304897 18
13.215791 82.977659 20
15.397309 82.610562 22
17.567402 82.181515 23
19.724041 81.687482 24
21.865449 81.132522 23
23.996699 80.538459 22
26.110180 79.883978 20
28.203603 79.166289 16
30.275452 78.389439 11
32.333079 77.575017 5
34.367098 76.702210 -1
36.374207 75.768978 -10
38.353897 74.778879 -20
40.315563 73.752726 -32
42.247271 72.671237 -45
44.146231 71.532112 -60
46.012187 70.342728 -76
47.856056 69.128712 -94
49.664637 67.850213 -114
-49.543539 65.365829 112
-48.424472 66.143181 92
-46.661081 67.389946 74
-44.863164 68.586440 57
-43.043920 69.749173 42
-41.192433 70.860115 29
-39.308708 71.914953 17
-37.396294 72.915458 6
-35.465854 73.880932 -2
-33.509014 74.791064 -9
-31.525769 75.642042 -16
-29.519676 76.436407 -21
-27.499364 77.193702 -24
-25.458238 77.893627 -27
-23.397309 78.531858 -29
-21.319625 79.110940 -29
-19.231532 79.652196 -29
-17.128713 80.134044 -28
-15.012693 80.552423 -26
-12.885758 80.910639 -23
-10.752983 81.229751 -20
-8.611576 81.487943 -17
-6.463570 81.682152 -13
-4.310993 81.815180 -9
-2.156385 81.908603 -4
0.000000 81.941100 0
2.156385 81.908603 4
4.310993 81.815180 9
6.463570 81.682152 13
8.611576 81.487943 17
10.752983 81.229751 20
12.885758 80.910639 23
15.012693 80.552423 26
17.128713 80.134044 28
19.231532 79.652196 29
21.319625 79.110940 29
23.397309 78.531858 29
25.458238 77.893627 27
27.499364 77.193702 24
29.519676 76.436407 21
31.525769 75.642042 16
33.509014 74.791064 9
35.465854 73.880932 2
37.396294 72.915458 -6
39.308708 71.914953 -17
41.192433 70.860115 -29
43.043920 69.749173 -42
44.863164 68.586440 -57
46.661081 67.389946 -74
48.424472 66.143181 -92
49.543539 65.365829 -112
-50.511044 61.871792 110
-48.865955 63.241688 90
-47.184310 64.435894 72
-45.466109 65.651435 55
-43.714141 66.816957 40
-41.941608 67.950243 26
-40.137345 69.032748 14
-38.302106 70.060674 3
-36.438438 71.035798 -5
-34.557501 71.976387 -13
-32.650672 72.863673 -19
-30.718456 73.692816 -25
-28.763646 74.466870 -29
-26.795125 75.205130 -32
-24.806296 75.887026 -34
-22.798173 76.508757 -35
-20.773547 77.073367 -35
-18.739020 77.600659 -34
-16.690022 78.070067 -32
-14.628333 78.477786 -29
-12.555725 78.826859 -26
-10.477532 79.137852 -23
-8.390962 79.389691 -19
-6.298045 79.578830 -14
-4.200559 79.708301 -9
-2.101295 79.799443 -5
0.000000 79.831177 0
2.101295 79.799443 5
4.200559 79.708301 9
6.298045 79.578830 14
8.390962 79.389691 19
10.477532 79.137852 23
12.555725 78.826859 26
14.628333 78.477786 29
16.690022 78.070067 32
18.739020 77.600659 34
20.773547 77.073367 35
22.798173 76.508757 35
24.806296 75.887026 34
26.795125 75.205130 32
28.763646 74.466870 29
30.718456 73.692816 25
32.650672 72.863673 19
34.557501 71.976387 13
36.438438 71.035798 5
38.302106 70.060674 -3
40.137345 69.032748 -14
41.941608 67.950243 -26
43.714141 66.816957 -40
45.466109 65.651435 -55
47.184310 64.435894 -72
48.865955 63.241688 -90
50.511044 61.871792 -110
-51.221884 58.386649 109
-49.161462 60.205382 89
-47.560295 61.484390 71
-45.923837 62.716931 54
-44.251334 63.899975 39
-42.546332 65.034526 25
-40.821019 66.137850 12
-39.064992 67.191417 1
-37.278752 68.191929 -7
-35.464838 69.141152 -16
-33.634425 70.057122 -23
-31.778370 70.920286 -28
-29.897691 71.727598 -33
-27.995176 72.481087 -36
-26.079208 73.199799 -38
-24.143438 73.863162 -40
-22.189135 74.468649 -40
-20.218583 75.018278 -39
-18.238132 75.531606 -38
-16.244224 75.988574 -35
-14.237370 76.385379 -32
-12.220360 76.724802 -29
-10.197512 77.027669 -25
-8.166794 77.272659 -20
-6.129728 77.456715 -15
-4.088347 77.582889 -10
-2.045189 77.671744 -5
0.000000 77.702461 0
2.045189 77.671744 5
4.088347 77.582889 10
6.129728 77.456715 15
8.166794 77.272659 20
10.197512 77.027669 25
12.220360 76.724802 29
14.237370 76.385379 32
16.244224 75.988574 35
18.238132 75.531606 38
20.218583 75.018278 39
22.189135 74.468649 40
24.143438 73.863162 40
26.079208 73.199799 38
27.995176 72.481087 36
29.897691 71.727598 33
31.778370 70.920286 28
33.634425 70.057122 23
35.464838 69.141152 16
37.278752 68.191929 7
39.064992 67.191417 -1
40.821019 66.137850 -12
42.546332 65.034526 -25
44.251334 63.899975 -39
45.923837 62.716931 -54
47.560295 61.484390 -71
49.161462 60.205382 -89
51.221884 58.386649 -109
-50.844123 55.968014 108
-49.346281 57.283826 88
-47.811883 58.538972 70
-46.254887 59.782942 53
-44.663113 60.981723 37
-43.036557 62.132518 23
-41.378269 63.235849 11
-39.700433 64.309213 0
-37.992638 65.333841 -9
-36.255394 66.307187 -18
-34.491495 67.230514 -25
-32.711094 68.121352 -31
-30.906068 68.960901 -36
-29.076922 69.746384 -40
-27.226706 70.479054 -42
-25.363290 71.177963 -44
-23.480832 71.823556 -45
-21.580096 72.412289 -44
-19.663366 72.946938 -43
-17.737497 73.446307 -41
-15.798172 73.890583 -38
-13.846661 74.276720 -35
-11.884996 74.607007 -31
-9.917746 74.901495 -26
-7.942625 75.139629 -21
-5.961412 75.318864 -16
-3.976136 75.441480 -11
-1.989083 75.527800 -5
0.000000 75.557755 0
1.989083 75.527800 5
3.976136 75.441480 11
5.961412 75.318864 16
7.942625 75.139629 21
9.917746 74.901495 26
11.884996 74.607007 31
13.846661 74.276720 35
15.798172 73.890583 38
17.737497 73.446307 41
19.663366 72.946938 43
21.580096 72.412289 44
23.480832 71.823556 45
25.363290 71.177963 44
27.226706 70.479054 42
29.076922 69.746384 40
30.906068 68.960901 36
32.711094 68.121352 31
34.491495 67.230514 25
36.255394 66.307187 18
37.992638 65.333841 9
39.700433 64.309213 0
41.378269 63.235849 -11
43.036557 62.132518 -23
44.663113 60.981723 -37
46.254887 59.782942 -53
47.811883 58.538972 -70
49.346281 57.283826 -88
50.844123 55.968014 -108
-51.183549 52.517642 107
-49.385378 54.348058 87
-47.930439 55.626050 69
-46.440214 56.862149 52
-44.927645 58.070320 37
-43.381824 59.235340 22
-41.801979 60.353137 10
-40.191165 61.425236 -1
-38.561311 62.467634 -11
-36.902767 63.463571 -20
-35.215283 64.408735 -27
-33.501904 65.305659 -34
-31.772532 66.171109 -39
-30.019293 66.986801 -43
-28.242701 67.749680 -46
-26.445543 68.461537 -48
-24.635695 69.140389 -49
-22.807058 69.767451 -49
-20.960904 70.339424 -48
-19.099264 70.858590 -46
-17.228739 71.343742 -44
-15.345011 71.775323 -40
-13.449353 72.150546 -37
-11.544047 72.471437 -32
-9.633156 72.757297 -28
-7.714649 72.988830 -22
-5.790556 73.162983 -17
-3.862148 73.282053 -11
-1.931962 73.365826 -5
0.000000 73.395025 0
1.931962 73.365826 5
3.862148 73.282053 11
5.790556 73.162983 17
7.714649 72.988830 22
9.633156 72.757297 28
11.544047 72.471437 32
13.449353 72.150546 37
15.345011 71.775323 40
17.228739 71.343742 44
19.099264 70.858590 46
20.960904 70.339424 48
22.807058 69.767451 49
24.635695 69.140389 49
26.445543 68.461537 48
28.242701 67.749680 46
30.019293 66.986801 43
31.772532 66.171109 39
33.501904 65.305659 34
35.215283 64.408735 27
36.902767 63.463571 20
38.561311 62.467634 11
40.191165 61.425236 1
41.801979 60.353137 -10
43.381824 59.235340 -22
44.927645 58.070320 -37
46.440214 56.862149 -52
47.930439 55.626050 -69
49.385378 54.348058 -87
51.183549 52.517642 -107
-50.639250 50.142676 106
-49.301345 51.358721 87
-47.926884 52.727848 69
-46.514851 53.968522 52
-45.068545 55.168319 36
-43.600661 56.340950 22
-42.100278 57.471695 9
-40.567148 58.556487 -1
-39.004062 59.597107 -12
-37.422441 60.609035 -21
-35.812644 61.575526 -29
-34.175172 62.493021 -35
-32.512314 63.363541 -41
-30.833969 64.203604 -45
-29.132776 64.995174 -49
-27.408479 65.735722 -51
-25.664381 66.426505 -52
-23.907844 67.085555 -53
-22.133537 67.694084 -52
-20.341711 68.249304 -51
-18.535161 68.753235 -49
-16.719727 69.223914 -46
-14.891851 69.643056 -42
-13.052044 70.007110 -38
-11.203097 70.318611 -34
-9.348565 70.596091 -29
-7.486926 70.820764 -23
-5.619447 70.989846 -18
-3.747906 71.105359 -12
-1.874841 71.186851 -6
0.000000 71.215027 0
1.874841 71.186851 6
3.747906 71.105359 12
5.619447 70.989846 18
7.486926 70.820764 23
9.348565 70.596091 29
11.203097 70.318611 34
13.052044 70.007110 38
14.891851 69.643056 42
16.719727 69.223914 46
18.535161 68.753235 49
20.341711 68.249304 51
22.133537 67.694084 52
23.907844 67.085555 53
25.664381 66.426505 52
27.408479 65.735722 51
29.132776 64.995174 49
30.833969 64.203604 45
32.512314 63.363541 41
34.175172 62.493021 35
35.812644 61.575526 29
37.422441 60.609035 21
39.004062 59.597107 12
40.567148 58.556487 1
42.100278 57.471695 -9
43.600661 56.340950 -22
45.068545 55.168319 -36
46.514851 53.968522 -52
47.926884 52.727848 -69
49.301345 51.358721 -87
50.639250 50.142676 -106
-50.729118 46.764663 105
-49.072861 48.576290 86
-47.776340 49.856816 68
-46.444274 51.100024 52
-45.076163 52.302614 36
-43.674536 53.465347 22
-42.252096 54.601930 9
-40.798173 55.697891 -1
-39.312516 56.749432 -12
-37.797664 57.758063 -21
-36.265041 58.738765 -29
-34.705002 59.675555 -36
-33.118051 60.564862 -42
-31.506729 61.408730 -47
-29.880426 62.222644 -51
-28.231532 62.989843 -53
-26.560802 63.707538 -55
-24.870526 64.377255 -56
-23.168316 65.015739 -56
-21.448845 65.605737 -55
-19.712617 66.143689 -53
-17.961920 66.632137 -50
-16.202589 67.088350 -47
-14.431074 67.494544 -44
-12.648388 67.847169 -39
-10.856563 68.149020 -34
-9.059406 68.417872 -29
-7.255395 68.635696 -24
-5.445545 68.799442 -18
-3.632140 68.911651 -12
-1.816959 68.990354 -6
0.000000 69.017774 0
1.816959 68.990354 6
3.632140 68.911651 12
5.445545 68.799442 18
7.255395 68.635696 24
9.059406 68.417872 29
10.856563 68.149020 34
12.648388 67.847169 39
14.431074 67.494544 44
16.202589 67.088350 47
17.961920 66.632137 50
19.712617 66.143689 53
21.448845 65.605737 55
23.168316 65.015739 56
24.870526 64.377255 56
26.560802 63.707538 55
28.231532 62.989843 53
29.880426 62.222644 51
31.506729 61.408730 47
33.118051 60.564862 42
34.705002 59.675555 36
36.265041 58.738765 29
37.797664 57.758063 21
39.312516 56.749432 12
40.798173 55.697891 1
42.252096 54.601930 -9
43.674536 53.465347 -22
45.076163 52.302614 -36
46.444274 51.100024 -52
47.776340 49.856816 -68
49.072861 48.576290 -86
50.729118 46.764663 -105
-49.935262 44.467630 105
-48.739019 45.657526 86
-48.335871 46.175425 80
-47.506474 47.009900 69
-46.677329 47.844376 57
-46.251586 48.250062 52
-44.961921 49.453668 37
-43.637217 50.617922 23
-43.191926 51.001522 18
-42.280529 51.743842 10
-41.369130 52.485908 2
-40.903527 52.844378 -1
-39.496065 53.905562 -11
-38.057628 54.923837 -21
-37.574764 55.258184 -24
-36.591266 55.900480 -29
-35.607768 56.542522 -34
-35.107388 56.849964 -36
-33.597360 57.756792 -43
-32.060929 58.617922 -48
-31.546077 58.899722 -49
-30.501141 59.434879 -52
-29.456208 59.969788 -54
-28.926632 60.223152 -55
-27.330542 60.965980 -57
-25.713126 61.660829 -58
-25.171617 61.887027 -58
-24.076669 62.309218 -58
-22.981975 62.731404 -58
-22.429042 62.927392 -58
-20.764154 63.498603 -56
-19.083270 64.019548 -54
-18.521452 64.187359 -54
-17.388677 64.492514 -52
-16.255903 64.797159 -49
-15.685453 64.934248 -48
-13.970551 65.327494 -44
-12.244732 65.668950 -40
-11.668190 65.776846 -38
-10.510028 65.961157 -35
-9.351612 66.145468 -31
-8.770246 66.221629 -30
-7.023864 66.432598 -24
-5.271897 66.591013 -18
-4.687230 66.637982 -16
-3.516121 66.699671 -12
-2.345011 66.761106 -8
-1.758822 66.775833 -6
0.000000 66.802236 0
1.758822 66.775833 6
2.345011 66.761106 8
3.516121 66.699671 12
4.687230 66.637982 16
5.271897 66.591013 18
7.023864 66.432598 24
8.770246 66.221629 30
9.351612 66.145468 31
10.510028 65.961157 35
11.668190 65.776846 38
12.244732 65.668950 40
13.970551 65.327494 44
15.685453 64.934248 48
16.255903 64.797159 49
17.388677 64.492514 52
18.521452 64.187359 54
19.083270 64.019548 54
20.764154 63.498603 56
22.429042 62.927392 58
22.981975 62.731404 58
24.076669 62.309218 58
25.171617 61.887027 58
25.713126 61.660829 58
27.330542 60.965980 57
28.926632 60.223152 55
29.456208 59.969788 54
30.501141 59.434879 52
31.546077 58.899722 49
32.060929 58.617922 48
33.597360 57.756792 43
35.107388 56.849964 36
35.607768 56.542522 34
36.591266 55.900480 29
37.574764 55.258184 24
38.057628 54.923837 21
39.496065 53.905562 11
40.903527 52.844378 1
41.369130 52.485908 -2
42.280529 51.743842 -10
43.191926 51.001522 -18
43.637217 50.617922 -23
44.961921 49.453668 -37
46.251586 48.250062 -52
46.677329 47.844376 -57
47.506474 47.009900 -69
48.335871 46.175425 -80
48.739019 45.657526 -86
49.935262 44.467630 -105
-49.675551 41.290681 111
-48.268851 42.967250 86
-46.694086 44.614369 63
-45.119574 46.250319 43
-43.434883 47.781924 24
-41.750446 49.302870 7
-39.964203 50.712111 -7
-38.177963 52.110431 -20
-36.298554 53.390710 -31
-34.419397 54.659813 -40
-32.456206 55.804770 -48
-30.493273 56.938565 -53
-28.455699 57.942876 -57
-26.418380 58.936024 -60
-24.316578 59.794874 -60
-22.215029 60.642802 -60
-20.059152 61.351863 -58
-17.903276 62.050264 -54
-15.703732 62.606501 -50
-13.504189 63.152325 -45
-11.271896 63.552935 -38
-9.039604 63.943386 -32
-6.785224 64.186343 -24
-4.530845 64.419141 -16
-2.265296 64.503936 -8
0.000000 64.578065 0
2.265296 64.503936 8
4.530845 64.419141 16
6.785224 64.186343 24
9.039604 63.943386 32
11.271896 63.552935 38
13.504189 63.152325 45
15.703732 62.606501 50
17.903276 62.050264 54
20.059152 61.351863 58
22.215029 60.642802 60
24.316578 59.794874 60
26.418380 58.936024 60
28.455699 57.942876 57
30.493273 56.938565 53
32.456206 55.804770 48
34.419397 54.659813 40
36.298554 53.390710 31
38.177963 52.110431 20
39.964203 50.712111 7
41.750446 49.302870 -7
43.434883 47.781924 -24
45.119574 46.250319 -43
46.694086 44.614369 -63
48.268851 42.967250 -86
49.675551 41.290681 -111
-48.009138 39.790047 92
-46.602438 41.466616 69
-45.082001 43.052042 49
-43.561818 44.636964 30
-41.935262 46.111194 13
-40.308962 47.584920 -2
-38.584411 48.940849 -15
-36.859864 50.296269 -27
-35.045442 51.527292 -37
-33.231022 52.758058 -45
-31.335620 53.858339 -52
-29.440468 54.958621 -56
-27.473472 55.923078 -60
-25.506220 56.887536 -61
-23.477025 57.711602 -62
-21.448084 58.535668 -60
-19.366590 59.215029 -58
-17.285097 59.894643 -55
-15.161715 60.426757 -50
-13.038081 60.958871 -45
-10.882712 61.340695 -38
-8.727596 61.722518 -31
-6.550901 61.952273 -24
-4.374460 62.182282 -16
-2.187103 62.258698 -8
0.000000 62.335616 0
2.187103 62.258698 8
4.374460 62.182282 16
6.550901 61.952273 24
8.727596 61.722518 31
10.882712 61.340695 38
13.038081 60.958871 45
15.161715 60.426757 50
17.285097 59.894643 55
19.366590 59.215029 58
21.448084 58.535668 60
23.477025 57.711602 62
25.506220 56.887536 61
27.473472 55.923078 60
29.440468 54.958621 56
31.335620 53.858339 52
33.231022 52.758058 45
35.045442 51.527292 37
36.859864 50.296269 27
38.584411 48.940849 15
40.308962 47.584920 2
41.935262 46.111194 -13
43.561818 44.636964 -30
45.082001 43.052042 -49
46.602438 41.466616 -69
48.009138 39.790047 -92
-47.614116 36.703986 97
-46.258695 38.332065 75
-44.903021 39.959889 55
-43.438183 41.487940 36
-41.973342 43.015486 19
-40.406448 44.436150 3
-38.839299 45.856564 -10
-37.177457 47.163240 -22
-35.515866 48.469407 -33
-33.767707 49.655749 -42
-32.019294 50.841839 -49
-30.193198 51.902261 -54
-28.366844 52.962426 -58
-26.471693 53.892106 -61
-24.576288 54.821272 -62
-22.621223 55.615383 -62
-20.665906 56.409240 -61
-18.660321 57.064230 -58
-16.654988 57.719220 -54
-14.608784 58.231785 -50
-12.562579 58.744604 -44
-10.485910 59.112209 -38
-8.409241 59.480069 -31
-6.312008 59.701698 -24
-4.215029 59.923328 -16
-2.107388 59.997208 -8
0.000000 60.071083 0
2.107388 59.997208 8
4.215029 59.923328 16
6.312008 59.701698 24
8.409241 59.480069 31
10.485910 59.112209 38
12.562579 58.744604 44
14.608784 58.231785 50
16.654988 57.719220 54
18.660321 57.064230 58
20.665906 56.409240 61
22.621223 55.615383 62
24.576288 54.821272 62
26.471693 53.892106 61
28.366844 52.962426 58
30.193198 51.902261 54
32.019294 50.841839 49
33.767707 49.655749 42
35.515866 48.469407 33
37.177457 47.163240 22
38.839299 45.856564 10
40.406448 44.436150 -3
41.973342 43.015486 -19
43.438183 41.487940 -36
44.903021 39.959889 -55
46.258695 38.332065 -75
47.614116 36.703986 -97
-47.004824 33.664383 103
-45.812136 35.296013 81
-44.507998 36.863164 61
-43.203860 38.429805 42
-41.794365 39.900481 25
-40.385124 41.370652 9
-38.877380 42.738003 -4
-37.369383 44.104850 -17
-35.770754 45.362527 -28
-34.171872 46.619446 -37
-32.489719 47.761359 -45
-30.807820 48.902768 -51
-29.050522 49.923330 -56
-27.293475 50.943642 -60
-25.469916 51.838031 -62
-23.646357 52.732416 -62
-21.765169 53.496572 -62
-19.883980 54.260728 -60
-17.954302 54.890833 -57
-16.024626 55.521198 -53
-14.055851 56.014468 -49
-12.087332 56.507745 -43
-10.089109 56.861895 -37
-8.091140 57.215790 -30
-6.073115 57.429040 -23
-4.055344 57.642042 -15
-2.027672 57.713381 -7
0.000000 57.784460 0
2.027672 57.713381 7
4.055344 57.642042 15
6.073115 57.429040 23
8.091140 57.215790 30
10.089109 56.861895 37
12.087332 56.507745 43
14.055851 56.014468 49
16.024626 55.521198 53
17.954302 54.890833 57
19.883980 54.260728 60
21.765169 53.496572 62
23.646357 52.732416 62
25.469916 51.838031 62
27.293475 50.943642 60
29.050522 49.923330 56
30.807820 48.902768 51
32.489719 47.761359 45
34.171872 46.619446 37
35.770754 45.362527 28
37.369383 44.104850 17
38.877380 42.738003 4
40.385124 41.370652 -9
41.794365 39.900481 -25
43.203860 38.429805 -42
44.507998 36.863164 -61
45.812136 35.296013 -81
47.004824 33.664383 -103
-45.128205 32.300837 86
-43.983244 33.890834 66
-42.731151 35.396040 48
-41.478801 36.900483 31
-40.125668 38.312770 15
-38.772531 39.725058 1
-37.324955 41.037826 -11
-35.877379 42.350598 -22
-34.342473 43.558010 -32
-32.807566 44.765170 -40
-31.192436 45.861640 -47
-29.577559 46.957604 -53
-27.890581 47.937548 -57
-26.203860 48.917237 -60
-24.452907 49.776087 -61
-22.702208 50.634679 -62
-20.896166 51.368622 -61
-19.089871 52.102058 -59
-17.237369 52.707283 -56
-15.384870 53.312261 -52
-13.494796 53.785729 -47
-11.604722 54.259457 -42
-9.686215 54.599643 -36
-7.767962 54.939326 -29
-5.830668 55.143948 -22
-3.893374 55.348564 -15
-1.946687 55.416860 -7
0.000000 55.485404 0
1.946687 55.416860 7
3.893374 55.348564 15
5.830668 55.143948 22
7.767962 54.939326 29
9.686215 54.599643 36
11.604722 54.259457 42
13.494796 53.785729 47
15.384870 53.312261 52
17.237369 52.707283 56
19.089871 52.102058 59
20.896166 51.368622 61
22.702208 50.634679 62
24.452907 49.776087 61
26.203860 48.917237 60
27.890581 47.937548 57
29.577559 46.957604 53
31.192436 45.861640 47
32.807566 44.765170 40
34.342473 43.558010 32
35.877379 42.350598 22
37.324955 41.037826 11
38.772531 39.725058 -1
40.125668 38.312770 -15
41.478801 36.900483 -31
42.731151 35.396040 -48
43.983244 33.890834 -66
45.128205 32.300837 -86
-44.348820 29.412289 91
-43.251334 30.937294 72
-42.154099 32.461793 54
-40.954051 33.905053 37
-39.753999 35.347295 22
-38.456967 36.701448 7
-37.160193 38.055344 -4
-35.772784 39.313784 -16
-34.385376 40.572481 -26
-32.914191 41.729880 -35
-31.443007 42.887280 -42
-29.895404 43.938309 -48
-28.347550 44.989083 -53
-26.730898 45.928408 -57
-25.113988 46.867733 -59
-23.436152 47.691040 -60
-21.758060 48.514343 -60
-20.027164 49.217569 -59
-18.296014 49.920792 -57
-16.520436 50.501142 -54
-14.745113 51.080984 -50
-12.933486 51.534906 -46
-11.122112 51.989083 -40
-9.283574 52.315053 -34
-7.445037 52.640772 -28
-5.588220 52.837014 -21
-3.731658 53.033003 -14
-1.865702 53.098503 -7
0.000000 53.164252 0
1.865702 53.098503 7
3.731658 53.033003 14
5.588220 52.837014 21
7.445037 52.640772 28
9.283574 52.315053 34
11.122112 51.989083 40
12.933486 51.534906 46
14.745113 51.080984 50
16.520436 50.501142 54
18.296014 49.920792 57
20.027164 49.217569 59
21.758060 48.514343 60
23.436152 47.691040 60
25.113988 46.867733 59
26.730898 45.928408 57
28.347550 44.989083 53
29.895404 43.938309 48
31.443007 42.887280 42
32.914191 41.729880 35
34.385376 40.572481 26
35.772784 39.313784 16
37.160193 38.055344 4
38.456967 36.701448 -7
39.753999 35.347295 -22
40.954051 33.905053 -37
42.154099 32.461793 -54
43.251334 30.937294 -72
44.348820 29.412289 -91
-43.298554 26.677836 95
-42.396293 28.121603 77
-41.347297 29.580602 59
-40.298298 31.038588 43
-39.151054 32.418633 28
-38.003807 33.798171 14
-36.764154 35.092915 1
-35.524246 36.387409 -9
-34.198021 37.591012 -20
-32.871794 38.794364 -29
-31.465348 39.900989 -37
-30.058899 41.007617 -43
-28.579335 42.012440 -48
-27.099771 43.017011 -53
-25.553948 43.915206 -56
-24.008378 44.813152 -58
-22.404418 45.600154 -58
-20.800203 46.387156 -58
-19.145469 47.059661 -57
-17.490734 47.731913 -55
-15.793348 48.286621 -52
-14.095963 48.841076 -48
-12.364052 49.275196 -44
-10.632394 49.709318 -38
-8.874841 50.020562 -33
-7.117289 50.332063 -27
-5.342219 50.519674 -20
-3.567403 50.707286 -13
-1.783702 50.769737 -7
0.000000 50.832446 0
1.783702 50.769737 7
3.567403 50.707286 13
5.342219 50.519674 20
7.117289 50.332063 27
8.874841 50.020562 33
10.632394 49.709318 38
12.364052 49.275196 44
14.095963 48.841076 48
15.793348 48.286621 52
17.490734 47.731913 55
19.145469 47.059661 57
20.800203 46.387156 58
22.404418 45.600154 58
24.008378 44.813152 58
25.553948 43.915206 56
27.099771 43.017011 53
28.579335 42.012440 48
30.058899 41.007617 43
31.465348 39.900989 37
32.871794 38.794364 29
34.198021 37.591012 20
35.524246 36.387409 9
36.764154 35.092915 -1
38.003807 33.798171 -14
39.151054 32.418633 -28
40.298298 31.038588 -43
41.347297 29.580602 -59
42.396293 28.121603 -77
43.298554 26.677836 -95
-41.346281 25.361005 81
-40.444020 26.804772 64
-39.443261 28.197260 49
-38.442498 29.588728 34
-37.348312 30.905814 20
-36.253873 32.222391 8
-35.071083 33.457985 -3
-33.888550 34.693322 -13
-32.623255 35.842091 -22
-31.357957 36.990354 -30
-30.016247 38.046459 -37
-28.674791 39.102564 -43
-27.263265 40.061437 -48
-25.851739 41.019802 -51
-24.377252 41.876873 -54
-22.902768 42.733689 -55
-21.372683 43.484640 -56
-19.842346 44.235845 -55
-18.263772 44.877379 -54
-16.685199 45.519167 -52
-15.066007 46.048235 -49
-13.446813 46.577305 -45
-11.794872 46.991622 -41
-10.142930 47.405688 -36
-8.466108 47.702971 -31
-6.789541 47.999999 -25
-5.096217 48.178980 -19
-3.403148 48.357958 -13
-1.701447 48.417620 -6
0.000000 48.477533 0
1.701447 48.417620 6
3.403148 48.357958 13
5.096217 48.178980 19
6.789541 47.999999 25
8.466108 47.702971 31
10.142930 47.405688 36
11.794872 46.991622 41
13.446813 46.577305 45
15.066007 46.048235 49
16.685199 45.519167 52
18.263772 44.877379 54
19.842346 44.235845 55
21.372683 43.484640 56
22.902768 42.733689 55
24.377252 41.876873 54
25.851739 41.019802 51
27.263265 40.061437 48
28.674791 39.102564 43
30.016247 38.046459 37
31.357957 36.990354 30
32.623255 35.842091 22
33.888550 34.693322 13
35.071083 33.457985 3
36.253873 32.222391 -8
37.348312 30.905814 -20
38.442498 29.588728 -34
39.443261 28.197260 -49
40.444020 26.804772 -64
41.346281 25.361005 -81
-40.180756 22.718965 84
-39.322672 24.109420 69
-38.464585 25.499112 54
-37.512821 26.824066 40
-36.561056 28.148261 26
-35.520437 29.401371 14
-34.479564 30.653718 3
-33.354658 31.829399 -6
-32.230009 33.004317 -15
-31.026657 34.096978 -24
-29.823305 35.189388 -31
-28.547347 36.193956 -37
-27.271388 37.198273 -42
-25.928917 38.110435 -46
-24.586444 39.022086 -49
-23.184310 39.837267 -51
-21.781924 40.652197 -53
-20.326732 41.366338 -53
-18.871288 42.080733 -52
-17.369891 42.690784 -51
-15.868749 43.301092 -49
-14.328763 43.804264 -46
-12.788779 44.307439 -43
-11.217568 44.701448 -38
-9.646357 45.095203 -34
-8.051790 45.378016 -29
-6.457223 45.660572 -23
-4.846915 45.830922 -18
-3.236354 46.001015 -12
-1.618177 46.057882 -6
0.000000 46.114749 0
1.618177 46.057882 6
3.236354 46.001015 12
4.846915 45.830922 18
6.457223 45.660572 23
8.051790 45.378016 29
9.646357 45.095203 34
11.217568 44.701448 38
12.788779 44.307439 43
14.328763 43.804264 46
15.868749 43.301092 49
17.369891 42.690784 51
18.871288 42.080733 52
20.326732 41.366338 53
21.781924 40.652197 53
23.184310 39.837267 51
24.586444 39.022086 49
25.928917 38.110435 46
27.271388 37.198273 42
28.547347 36.193956 37
29.823305 35.189388 31
31.026657 34.096978 24
32.230009 33.004317 15
33.354658 31.829399 6
34.479564 30.653718 -3
35.520437 29.401371 -14
36.561056 28.148261 -26
37.512821 26.824066 -40
38.464585 25.499112 -54
39.322672 24.109420 -69
40.180756 22.718965 -84
-38.834223 20.182788 87
-38.113227 21.525260 72
-37.299314 22.845138 58
-36.485403 24.164003 45
-35.582635 25.421426 32
-34.679869 26.678090 20
-33.692562 27.867481 10
-32.705255 29.056106 0
-31.638233 30.171616 -8
-30.571464 31.286875 -17
-29.430058 32.323686 -24
-28.288653 33.360496 -30
-27.078192 34.313531 -36
-25.867987 35.266566 -40
-24.594568 36.132013 -44
-23.321401 36.997206 -46
-21.991114 37.770755 -48
-20.661082 38.543793 -49
-19.280529 39.221628 -49
-17.900229 39.899467 -49
-16.476009 40.478547 -47
-15.052044 41.057375 -45
-13.591266 41.534906 -43
-12.130490 42.012440 -39
-10.640264 42.386138 -36
-9.150038 42.759839 -31
-7.637471 43.028180 -27
-6.124905 43.296270 -22
-4.597360 43.457986 -16
-3.069815 43.619194 -11
-1.534907 43.673014 -5
0.000000 43.727089 0
1.534907 43.673014 5
3.069815 43.619194 11
4.597360 43.457986 16
6.124905 43.296270 22
7.637471 43.028180 27
9.150038 42.759839 31
10.640264 42.386138 36
12.130490 42.012440 39
13.591266 41.534906 43
15.052044 41.057375 45
16.476009 40.478547 47
17.900229 39.899467 49
19.280529 39.221628 49
20.661082 38.543793 49
21.991114 37.770755 48
23.321401 36.997206 46
24.594568 36.132013 44
25.867987 35.266566 40
27.078192 34.313531 36
28.288653 33.360496 30
29.430058 32.323686 24
30.571464 31.286875 17
31.638233 30.171616 8
32.705255 29.056106 0
33.692562 27.867481 -10
34.679869 26.678090 -20
35.582635 25.421426 -32
36.485403 24.164003 -45
37.299314 22.845138 -58
38.113227 21.525260 -72
38.834223 20.182788 -87
-36.700178 19.048237 75
-36.018787 20.349075 62
-35.249555 21.597613 49
-34.480326 22.844630 37
-33.627061 24.033767 26
-32.774054 25.221629 16
-31.841076 26.346027 6
-30.908098 27.469663 -2
-29.899721 28.524246 -10
-28.891344 29.578319 -17
-27.812644 30.558008 -23
-26.733944 31.537955 -29
-25.590251 32.438690 -34
-24.446560 33.339426 -38
-23.243209 34.157399 -41
-22.039858 34.974868 -43
-20.782686 35.705762 -45
-19.525768 36.436659 -45
-18.221122 37.077176 -45
-16.916477 37.717694 -45
-15.570704 38.264788 -43
-14.224930 38.811882 -41
-12.844377 39.263264 -39
-11.464077 39.714394 -36
-10.055598 40.067530 -32
-8.647118 40.420666 -29
-7.217822 40.674284 -24
-5.788271 40.927647 -20
-4.344758 41.080224 -15
-2.901244 41.232801 -10
-1.450622 41.283829 -5
0.000000 41.334604 0
1.450622 41.283829 5
2.901244 41.232801 10
4.344758 41.080224 15
5.788271 40.927647 20
7.217822 40.674284 24
8.647118 40.420666 29
10.055598 40.067530 32
11.464077 39.714394 36
12.844377 39.263264 39
14.224930 38.811882 41
15.570704 38.264788 43
16.916477 37.717694 45
18.221122 37.077176 45
19.525768 36.436659 45
20.782686 35.705762 45
22.039858 34.974868 43
23.243209 34.157399 41
24.446560 33.339426 38
25.590251 32.438690 34
26.733944 31.537955 29
27.812644 30.558008 23
28.891344 29.578319 17
29.899721 28.524246 10
30.908098 27.469663 2
31.841076 26.346027 -6
32.774054 25.221629 -16
33.627061 24.033767 -26
34.480326 22.844630 -37
35.249555 21.597613 -49
36.018787 20.349075 -62
36.700178 19.048237 -75
-35.207920 16.686215 77
-34.566135 17.913429 65
-33.924347 19.139884 53
-33.199797 20.316832 42
-32.475246 21.492259 32
-31.671745 22.613099 22
-30.868241 23.732926 12
-29.989592 24.792589 4
-29.110689 25.851486 -3
-28.160955 26.845140 -10
-27.211475 27.838539 -16
-26.195480 28.761870 -22
-25.179487 29.685201 -27
-24.102311 30.534145 -31
-23.024880 31.382839 -34
-21.891597 32.153847 -37
-20.758314 32.924093 -39
-19.574258 33.612592 -40
-18.390201 34.301346 -41
-17.161462 34.904799 -41
-15.932725 35.508252 -40
-14.665397 36.023863 -39
-13.397816 36.539478 -37
-12.097486 36.964459 -35
-10.797410 37.389694 -32
-9.470932 37.722265 -29
-8.144453 38.055090 -26
-6.798172 38.293984 -22
-5.451638 38.532624 -18
-4.092155 38.676567 -13
-2.732419 38.820259 -9
-1.366337 38.868241 -4
0.000000 38.916223 0
1.366337 38.868241 4
2.732419 38.820259 9
4.092155 38.676567 13
5.451638 38.532624 18
6.798172 38.293984 22
8.144453 38.055090 26
9.470932 37.722265 29
10.797410 37.389694 32
12.097486 36.964459 35
13.397816 36.539478 37
14.665397 36.023863 39
15.932725 35.508252 40
17.161462 34.904799 41
18.390201 34.301346 41
19.574258 33.612592 40
20.758314 32.924093 39
21.891597 32.153847 37
23.024880 31.382839 34
24.102311 30.534145 31
25.179487 29.685201 27
26.195480 28.761870 22
27.211475 27.838539 16
28.160955 26.845140 10
29.110689 25.851486 3
29.989592 24.792589 -4
30.868241 23.732926 -12
31.671745 22.613099 -22
32.475246 21.492259 -32
33.199797 20.316832 -42
33.924347 19.139884 -53
34.566135 17.913429 -65
35.207920 16.686215 -77
-33.008122 15.650926 67
-32.406448 16.802996 56
-31.804774 17.953797 46
-31.125413 19.057630 36
-30.446307 20.160447 27
-29.693069 21.211475 18
-28.939580 22.261742 10
-28.115765 23.255396 3
-27.291953 24.248287 -3
-26.401624 25.180248 -9
-25.511298 26.111450 -15
-24.558771 26.977152 -20
-23.606245 27.842853 -24
-22.596344 28.638743 -28
-21.586443 29.434375 -31
-20.523737 30.156639 -33
-19.461285 30.878902 -35
-18.351358 31.524753 -36
-17.241432 32.170092 -36
-16.089363 32.735719 -36
-14.937294 33.301345 -36
-13.748921 33.784718 -35
-12.560549 34.267833 -33
-11.341711 34.666667 -31
-10.122874 35.064990 -29
-8.879157 35.376999 -26
-7.635441 35.688754 -23
-6.373445 35.912668 -19
-5.111196 36.136584 -16
-3.836507 36.271388 -12
-2.561818 36.406195 -8
-1.280782 36.451128 -4
0.000000 36.496318 0
1.280782 36.451128 4
2.561818 36.406195 8
3.836507 36.271388 12
5.111196 36.136584 16
6.373445 35.912668 19
7.635441 35.688754 23
8.879157 35.376999 26
10.122874 35.064990 29
11.341711 34.666667 31
12.560549 34.267833 33
13.748921 33.784718 35
14.937294 33.301345 36
16.089363 32.735719 36
17.241432 32.170092 36
18.351358 31.524753 36
19.461285 30.878902 35
20.523737 30.156639 33
21.586443 29.434375 31
22.596344 28.638743 28
23.606245 27.842853 24
24.558771 26.977152 20
25.511298 26.111450 15
26.401624 25.180248 9
27.291953 24.248287 3
28.115765 23.255396 -3
28.939580 22.261742 -10
29.693069 21.211475 -18
30.446307 20.160447 -27
31.125413 19.057630 -36
31.804774 17.953797 -46
32.406448 16.802996 -56
33.008122 15.650926 -67
-31.294998 13.502411 68
-30.808328 14.577811 58
-30.246764 15.654735 49
-29.685201 16.730135 40
-29.051281 17.761615 31
-28.417364 18.792078 23
-27.714142 19.773801 16
-27.011170 20.755015 9
-26.242195 21.683168 2
-25.473217 22.610561 -3
-24.642042 23.481088 -8
-23.811119 24.350852 -13
-22.922062 25.159686 -17
-22.033258 25.968012 -21
-21.090378 26.711349 -24
-20.147753 27.454431 -27
-19.156131 28.128967 -29
-18.164255 28.803505 -30
-17.128205 29.406447 -31
-16.092409 30.009138 -32
-15.017010 30.537192 -32
-13.941863 31.065500 -31
-12.832699 31.516881 -30
-11.723534 31.968011 -29
-10.585936 32.340442 -27
-9.448083 32.712365 -25
-8.287383 33.003809 -22
-7.126682 33.294998 -20
-5.948718 33.503934 -17
-4.770500 33.712870 -14
-3.580858 33.838792 -10
-2.390962 33.964712 -7
-1.195481 34.006601 -3
0.000000 34.048742 0
1.195481 34.006601 3
2.390962 33.964712 7
3.580858 33.838792 10
4.770500 33.712870 14
5.948718 33.503934 17
7.126682 33.294998 20
8.287383 33.003809 22
9.448083 32.712365 25
10.585936 32.340442 27
11.723534 31.968011 29
12.832699 31.516881 30
13.941863 31.065500 31
15.017010 30.537192 32
16.092409 30.009138 32
17.128205 29.406447 31
18.164255 28.803505 30
19.156131 28.128967 29
20.147753 27.454431 27
21.090378 26.711349 24
22.033258 25.968012 21
22.922062 25.159686 17
23.811119 24.350852 13
24.642042 23.481088 8
25.473217 22.610561 3
26.242195 21.683168 -2
27.011170 20.755015 -9
27.714142 19.773801 -16
28.417364 18.792078 -23
29.051281 17.761615 -31
29.685201 16.730135 -40
30.246764 15.654735 -49
30.808328 14.577811 -58
31.294998 13.502411 -68
-29.512567 11.468138 68
-29.060928 12.507744 59
-28.609039 13.545063 51
-28.087586 14.546331 43
-27.565878 15.545569 35
-26.977406 16.503934 28
-26.388676 17.461286 21
-25.735719 18.373445 14
-25.082762 19.284590 8
-24.368622 20.146740 3
-23.654735 21.007870 -2
-22.882965 21.815945 -6
-22.111196 22.623763 -10
-21.285860 23.374714 -14
-20.460269 24.125414 -17
-19.584920 24.815689 -20
-18.709570 25.505459 -22
-17.788525 26.131761 -24
-16.867478 26.758060 -25
-15.905560 27.317848 -26
-14.943387 27.877379 -27
-13.945163 28.367861 -27
-12.946687 28.858339 -26
-11.916730 29.277481 -26
-10.886773 29.696369 -24
-9.830160 30.041888 -23
-8.773546 30.387407 -21
-7.695862 30.658035 -19
-6.617923 30.928155 -17
-5.523991 31.122367 -14
-4.430058 31.316325 -11
-3.325209 31.433105 -9
-2.220360 31.550140 -6
-1.110180 31.588983 -3
0.000000 31.628077 0
1.110180 31.588983 3
2.220360 31.550140 6
3.325209 31.433105 9
4.430058 31.316325 11
5.523991 31.122367 14
6.617923 30.928155 17
7.695862 30.658035 19
8.773546 30.387407 21
9.830160 30.041888 23
10.886773 29.696369 24
11.916730 29.277481 26
12.946687 28.858339 26
13.945163 28.367861 27
14.943387 27.877379 27
15.905560 27.317848 26
16.867478 26.758060 25
17.788525 26.131761 24
18.709570 25.505459 22
19.584920 24.815689 20
20.460269 24.125414 17
21.285860 23.374714 14
22.111196 22.623763 10
22.882965 21.815945 6
23.654735 21.007870 2
24.368622 20.146740 -3
25.082762 19.284590 -8
25.735719 18.373445 -14
26.388676 17.461286 -21
26.977406 16.503934 -28
27.565878 15.545569 -35
28.087586 14.546331 -43
28.609039 13.545063 -51
29.060928 12.507744 -59
29.512567 11.468138 -68
-27.243717 10.551408 59
-26.409495 12.472709 45
-25.446813 14.322164 31
-24.359989 16.092918 19
-23.154354 17.778117 8
-21.835999 19.370653 0
-20.411272 20.863673 -8
-18.887280 22.250824 -14
-17.271135 23.525769 -18
-15.570704 24.682915 -21
-13.794618 25.716933 -22
-11.951257 26.623002 -22
-10.049758 27.397056 -20
-8.099264 28.035036 -17
-6.109165 28.534653 -14
-4.089363 28.893374 -9
-2.049759 29.108910 -5
0.000000 29.181009 0
2.049759 29.108910 5
4.089363 28.893374 9
6.109165 28.534653 14
8.099264 28.035036 17
10.049758 27.397056 20
11.951257 26.623002 22
13.794618 25.716933 22
15.570704 24.682915 21
17.271135 23.525769 18
18.887280 22.250824 14
20.411272 20.863673 8
21.835999 19.370653 0
23.154354 17.778117 -8
24.359989 16.092918 -19
25.446813 14.322164 -31
26.409495 12.472709 -45
27.243717 10.551408 -59
-24.923839 9.669204 52
-24.160701 11.429044 40
-23.223153 13.095963 28
-22.285606 14.741814 18
-21.130997 16.249049 9
-19.976644 17.739528 1
-18.627824 19.063469 -4
-17.279005 20.373699 -10
-15.761868 21.491497 -13
-14.244986 22.597613 -16
-12.589236 23.489973 -17
-10.933486 24.371668 -17
-9.171617 25.022341 -16
-7.409494 25.663112 -14
-5.575273 26.060168 -11
-3.741051 26.447830 -7
-1.870526 26.583905 -4
0.000000 26.710841 0
1.870526 26.583905 4
3.741051 26.447830 7
5.575273 26.060168 11
7.409494 25.663112 14
9.171617 25.022341 16
10.933486 24.371668 17
12.589236 23.489973 17
14.244986 22.597613 16
15.761868 21.491497 13
17.279005 20.373699 10
18.627824 19.063469 4
19.976644 17.739528 -1
21.130997 16.249049 -9
22.285606 14.741814 -18
23.223153 13.095963 -28
24.160701 11.429044 -40
24.923839 9.669204 -52
-22.603960 8.731659 46
-21.911906 10.332063 35
-21.061437 11.840314 26
-20.211221 13.342474 17
-19.164255 14.705509 10
-18.117289 16.065246 3
-16.893882 17.261997 -1
-15.670729 18.456715 -6
-14.294745 19.466617 -9
-12.919015 20.475756 -11
-11.417365 21.280782 -12
-9.915968 22.085808 -13
-8.317848 22.671999 -12
-6.719726 23.257679 -10
-5.056359 23.613862 -8
-3.392993 23.970045 -6
-1.696370 24.089363 -3
0.000000 24.208684 0
1.696370 24.089363 3
3.392993 23.970045 6
5.056359 23.613862 8
6.719726 23.257679 10
8.317848 22.671999 12
9.915968 22.085808 13
11.417365 21.280782 12
12.919015 20.475756 11
14.294745 19.466617 9
15.670729 18.456715 6
16.893882 17.261997 1
18.117289 16.065246 -3
19.164255 14.705509 -10
20.211221 13.342474 -17
21.061437 11.840314 -26
21.911906 10.332063 -35
22.603960 8.731659 -46
-20.265296 7.846409 40
-19.644834 9.282305 32
-18.882458 10.634425 24
-18.120081 11.980706 17
-17.181519 13.202082 11
-16.242701 14.420412 5
-15.145976 15.492511 1
-14.049252 16.563088 -2
-12.815689 17.468141 -5
-11.582382 18.372177 -7
-10.236101 19.093678 -8
-8.890073 19.814928 -8
-7.457222 20.340190 -8
-6.024625 20.865194 -7
-4.533130 21.184058 -6
-3.041889 21.503174 -4
-1.520944 21.610307 -2
0.000000 21.717189 0
1.520944 21.610307 2
3.041889 21.503174 4
4.533130 21.184058 6
6.024625 20.865194 7
7.457222 20.340190 8
8.890073 19.814928 8
10.236101 19.093678 8
11.582382 18.372177 7
12.815689 17.468141 5
14.049252 16.563088 2
15.145976 15.492511 -1
16.242701 14.420412 -5
17.181519 13.202082 -11
18.120081 11.980706 -17
18.882458 10.634425 -24
19.644834 9.282305 -32
20.265296 7.846409 -40
-17.926631 6.901496 35
-17.377761 8.176442 29
-16.703224 9.376239 23
-16.028941 10.570194 17
-15.198527 11.652957 12
-14.368367 12.732673 7
-13.398071 13.682409 4
-12.428028 14.630872 0
-11.336887 15.432343 -1
-10.245747 16.233055 -3
-9.054837 16.872048 -4
-7.863925 17.510535 -5
-6.596598 17.975630 -5
-5.329271 18.440467 -4
-4.010155 18.723026 -3
-2.690784 19.005331 -2
-1.345519 19.100279 -1
0.000000 19.194721 0
1.345519 19.100279 1
2.690784 19.005331 2
4.010155 18.723026 3
5.329271 18.440467 4
6.596598 17.975630 5
7.863925 17.510535 5
9.054837 16.872048 4
10.245747 16.233055 3
11.336887 15.432343 1
12.428028 14.630872 0
13.398071 13.682409 -4
14.368367 12.732673 -7
15.198527 11.652957 -12
16.028941 10.570194 -17
16.703224 9.376239 -23
17.377761 8.176442 -29
17.926631 6.901496 -35
-15.621224 6.033257 31
-15.142675 7.143945 26
-14.555217 8.188627 21
-13.967504 9.228230 17
-13.243970 10.170601 13
-12.520436 11.110688 9
-11.675045 11.937800 6
-10.829652 12.763391 3
-9.878903 13.461284 1
-8.928154 14.158418 0
-7.890327 14.714902 -1
-6.852754 15.270881 -1
-5.748413 15.676059 -2
-4.643818 16.080732 -2
-3.494288 16.326732 -1
-2.344758 16.572735 -1
-1.172379 16.655244 0
0.000000 16.737752 0
1.172379 16.655244 0
2.344758 16.572735 1
3.494288 16.326732 1
4.643818 16.080732 2
5.748413 15.676059 2
6.852754 15.270881 1
7.890327 14.714902 1
8.928154 14.158418 0
9.878903 13.461284 -1
10.829652 12.763391 -3
11.675045 11.937800 -6
12.520436 11.110688 -9
13.243970 10.170601 -13
13.967504 9.228230 -17
14.555217 8.188627 -21
15.142675 7.143945 -26
15.621224 6.033257 -31
-12.907845 6.054074 23
-11.906068 7.838029 16
-10.672506 9.447067 10
-9.231277 10.858846 6
-7.610307 12.049758 2
-5.841330 12.999493 0
-3.958619 13.690531 0
-1.998731 14.110436 0
0.000000 14.251332 0
1.998731 14.110436 0
3.958619 13.690531 0
5.841330 12.999493 0
7.610307 12.049758 -2
9.231277 10.858846 -6
10.672506 9.447067 -10
11.906068 7.838029 -16
12.907845 6.054074 -23
-10.597868 5.000761 20
-9.680122 6.401879 15
-8.762630 7.778370 11
-7.505459 8.850977 7
-6.248286 9.911145 4
-4.749175 10.588221 2
-3.250064 11.256410 1
-1.625032 11.490225 0
0.000000 11.715917 0
1.625032 11.490225 0
3.250064 11.256410 -1
4.749175 10.588221 -2
6.248286 9.911145 -4
7.505459 8.850977 -7
8.762630 7.778370 -11
9.680122 6.401879 -15
10.597868 5.000761 -20
-8.287637 3.874079 17
-7.569941 4.971819 14
-6.852501 6.058390 10
-5.869256 6.896420 8
-4.886266 7.731404 5
-3.713887 8.258950 3
-2.541508 8.785733 2
-1.270881 8.965727 1
0.000000 9.145721 0
1.270881 8.965727 -1
2.541508 8.785733 -2
3.713887 8.258950 -3
4.886266 7.731404 -5
5.869256 6.896420 -8
6.852501 6.058390 -10
7.569941 4.971819 -14
8.287637 3.874079 -17
-5.638995 3.304647 11
-4.921554 4.368623 9
-4.215537 4.968519 7
-3.509520 5.566641 5
-2.667428 5.944656 4
-1.825336 6.322417 2
-0.912668 6.451383 1
0.000000 6.580351 0
0.912668 6.451383 -1
1.825336 6.322417 -2
2.667428 5.944656 -4
3.509520 5.566641 -5
4.215537 4.968519 -7
4.921554 4.368623 -9
5.638995 3.304647 -11
-2.990607 2.630111 6
-2.132521 3.363289 4
-1.109165 3.824575 2
0.000000 3.981974 0
1.109165 3.824575 -2
2.132521 3.363289 -4
2.990607 2.630111 -6
