# Active surface commands at 37.444657
# Zero points are Off, FEM corrections are Off
-12.741051 103.255394 -100
-10.929931 103.478548 -100
-9.111958 103.637726 -100
-7.293983 103.797412 -100
-5.471693 103.893116 -100
-3.649150 103.988833 -100
-1.824575 104.021075 -100
0.000000 104.052809 -100
1.824575 104.021075 -100
3.649150 103.988833 -100
5.471693 103.893116 -100
7.293983 103.797412 -100
9.111958 103.637726 -100
10.929931 103.478548 -100
12.741051 103.255394 -100
-23.048235 99.466362 -100
-21.336126 99.861387 -100
-19.578065 100.204114 -100
-17.820005 100.546840 -100
-16.051028 100.827872 -100
-14.282051 101.109163 -100
-12.504442 101.327749 -100
-10.726834 101.546838 -100
-8.942625 101.703220 -100
-7.158416 101.859863 -100
-5.369891 101.953794 -100
-3.581366 102.047726 -100
-1.790810 102.079205 -100
0.000000 102.110431 -100
1.790810 102.079205 -100
3.581366 102.047726 -100
5.369891 101.953794 -100
7.158416 101.859863 -100
8.942625 101.703220 -100
10.726834 101.546838 -100
12.504442 101.327749 -100
14.282051 101.109163 -100
16.051028 100.827872 -100
17.820005 100.546840 -100
19.578065 100.204114 -100
21.336126 99.861387 -100
23.048235 99.466362 -100
-29.431075 95.752474 -100
-27.750698 96.268088 -100
-26.053567 96.724041 -100
-24.356436 97.180501 -100
-22.644327 97.566385 -100
-20.932217 97.961664 -100
-19.207413 98.297790 -100
-17.482610 98.634170 -100
-15.747145 98.909623 -100
-14.011678 99.185578 -100
-12.267835 99.400352 -100
-10.523737 99.615127 -100
-8.773292 99.768466 -100
-7.023103 99.922314 -100
-5.268342 100.014472 -100
-3.513582 100.106625 -100
-1.756791 100.137596 -100
0.000000 100.168314 -100
1.756791 100.137596 -100
3.513582 100.106625 -100
5.268342 100.014472 -100
7.023103 99.922314 -100
8.773292 99.768466 -100
10.523737 99.615127 -100
12.267835 99.400352 -100
14.011678 99.185578 -100
15.747145 98.909623 -100
17.482610 98.634170 -100
19.207413 98.297790 -100
20.932217 97.961664 -100
22.644327 97.566385 -100
24.356436 97.180501 -100
26.053567 96.724041 -100
27.750698 96.268088 -100
29.431075 95.752474 -100
-33.758314 92.233310 -100
-32.129727 92.795887 -100
-30.500890 93.358464 -100
-28.853517 93.863672 -100
-27.206144 94.368874 -100
-25.542269 94.816198 -100
-23.878396 95.263517 -100
-22.200051 95.651942 -100
-20.521453 96.040875 -100
-18.830413 96.370399 -100
-17.139629 96.700178 -100
-15.438182 96.970295 -100
-13.736736 97.240672 -100
-12.026910 97.451380 -100
-10.317339 97.661841 -100
-8.601167 97.812391 -100
-6.885250 97.963189 -100
-5.165016 98.053569 -100
-3.444783 98.143942 -100
-1.722264 98.174158 -100
0.000000 98.204367 -100
1.722264 98.174158 -100
3.444783 98.143942 -100
5.165016 98.053569 -100
6.885250 97.963189 -100
8.601167 97.812391 -100
10.317339 97.661841 -100
12.026910 97.451380 -100
13.736736 97.240672 -100
15.438182 96.970295 -100
17.139629 96.700178 -100
18.830413 96.370399 -100
20.521453 96.040875 -100
22.200051 95.651942 -100
23.878396 95.263517 -100
25.542269 94.816198 -100
27.206144 94.368874 -100
28.853517 93.863672 -100
30.500890 93.358464 -100
32.129727 92.795887 -100
33.758314 92.233310 -100
-37.788525 88.513329 -100
-36.234578 89.175168 -100
-34.658542 89.781925 -100
-33.082762 90.376744 -100
-31.486418 90.928152 -100
-29.890328 91.479560 -100
-28.275959 91.974610 -100
-26.661588 92.469659 -100
-25.030972 92.908096 -100
-23.400355 93.346279 -100
-21.755522 93.727340 -100
-20.110687 94.108401 -100
-18.453669 94.431325 -100
-16.796395 94.754503 -100
-15.129221 95.019296 -100
-13.461793 95.284336 -100
-11.786240 95.490731 -100
-10.110688 95.696877 -100
-8.429043 95.844632 -100
-6.747398 95.992127 -100
-5.061437 96.080728 -100
-3.375730 96.169329 -100
-1.687992 96.199036 -100
0.000000 96.228737 -100
1.687992 96.199036 -100
3.375730 96.169329 -100
5.061437 96.080728 -100
6.747398 95.992127 -100
8.429043 95.844632 -100
10.110688 95.696877 -100
11.786240 95.490731 -100
13.461793 95.284336 -100
15.129221 95.019296 -100
16.796395 94.754503 -100
18.453669 94.431325 -100
20.110687 94.108401 -100
21.755522 93.727340 -100
23.400355 93.346279 -100
25.030972 92.908096 -100
26.661588 92.469659 -100
28.275959 91.974610 -100
29.890328 91.479560 -100
31.486418 90.928152 -100
33.082762 90.376744 -100
34.658542 89.781925 -100
36.234578 89.175168 -100
37.788525 88.513329 -100
-39.992131 85.333588 -100
-38.525769 86.017008 -100
-37.004061 86.665143 -100
-35.482357 87.313278 -100
-33.939070 87.907589 -100
-32.395784 88.501900 -100
-30.832953 89.041885 -100
-29.269864 89.581871 -100
-27.689008 90.067022 -100
-26.108150 90.551913 -100
-24.511297 90.980959 -100
-22.914699 91.410254 -100
-21.303884 91.783444 -100
-19.693322 92.156386 -100
-18.070576 92.472709 -100
-16.447830 92.789286 -100
-14.815182 93.048742 -100
-13.182280 93.308198 -100
-11.541508 93.510279 -100
-9.900736 93.712366 -100
-8.254126 93.856817 -100
-6.607261 94.001522 -100
-4.956588 94.088345 -100
-3.305662 94.175173 -100
-1.652704 94.203857 -100
0.000000 94.233050 -100
1.652704 94.203857 -100
3.305662 94.175173 -100
4.956588 94.088345 -100
6.607261 94.001522 -100
8.254126 93.856817 -100
9.900736 93.712366 -100
11.541508 93.510279 -100
13.182280 93.308198 -100
14.815182 93.048742 -100
16.447830 92.789286 -100
18.070576 92.472709 -100
19.693322 92.156386 -100
21.303884 91.783444 -100
22.914699 91.410254 -100
24.511297 90.980959 -100
26.108150 90.551913 -100
27.689008 90.067022 -100
29.269864 89.581871 -100
30.832953 89.041885 -100
32.395784 88.501900 -100
33.939070 87.907589 -100
35.482357 87.313278 -100
37.004061 86.665143 -100
38.525769 86.017008 -100
39.992131 85.333588 -100
-43.525259 81.348821 -100
-42.083525 82.085805 -100
-40.641787 82.823303 -100
-39.175425 83.498858 -100
-37.709063 84.182532 -100
-36.219597 84.816957 -100
-34.730135 85.451382 -100
-33.219599 86.033253 -100
-31.709064 86.614877 -100
-30.179234 87.143439 -100
-28.649403 87.671995 -100
-27.102058 88.146988 -100
-25.554709 88.621479 -100
-23.991623 89.041631 -100
-22.428788 89.461790 -100
-20.852247 89.827114 -100
-19.275705 90.192179 -100
-17.687485 90.501901 -100
-16.099010 90.811629 -100
-14.500889 91.065755 -100
-12.902767 91.319626 -100
-11.297029 91.517387 -100
-9.691039 91.715154 -100
-8.078954 91.856816 -100
-6.467124 91.998224 -100
-4.851485 92.083268 -100
-3.235593 92.168317 -100
-1.617669 92.196493 -100
0.000000 92.224930 -100
1.617669 92.196493 -100
3.235593 92.168317 -100
4.851485 92.083268 -100
6.467124 91.998224 -100
8.078954 91.856816 -100
9.691039 91.715154 -100
11.297029 91.517387 -100
12.902767 91.319626 -100
14.500889 91.065755 -100
16.099010 90.811629 -100
17.687485 90.501901 -100
19.275705 90.192179 -100
20.852247 89.827114 -100
22.428788 89.461790 -100
23.991623 89.041631 -100
25.554709 88.621479 -100
27.102058 88.146988 -100
28.649403 87.671995 -100
30.179234 87.143439 -100
31.709064 86.614877 -100
33.219599 86.033253 -100
34.730135 85.451382 -100
36.219597 84.816957 -100
37.709063 84.182532 -100
39.175425 83.498858 -100
40.641787 82.823303 -100
42.083525 82.085805 -100
43.525259 81.348821 -100
-45.334856 78.006345 -100
-43.951002 78.776593 -100
-42.566894 79.546588 -100
-41.156894 80.267326 -100
-39.747144 80.988573 -100
-38.313024 81.659560 -100
-36.878650 82.331049 -100
-35.422189 82.951255 -100
-33.965474 83.571716 -100
-32.488194 84.140900 -100
-31.010917 84.710078 -100
-29.514851 85.226957 -100
-28.018533 85.744096 -100
-26.505205 86.208174 -100
-24.992130 86.672506 -100
-23.463569 87.083523 -100
-21.935009 87.494540 -100
-20.393246 87.851739 -100
-18.851231 88.208683 -100
-17.298045 88.511805 -100
-15.744605 88.814672 -100
-14.181772 89.063213 -100
-12.618685 89.311500 -100
-11.048236 89.505201 -100
-9.477533 89.698400 -100
-7.901244 89.836759 -100
-6.324702 89.975371 -100
-4.744605 90.058388 -100
-3.164255 90.141404 -100
-1.582127 90.169079 -100
0.000000 90.197001 -100
1.582127 90.169079 -100
3.164255 90.141404 -100
4.744605 90.058388 -100
6.324702 89.975371 -100
7.901244 89.836759 -100
9.477533 89.698400 -100
11.048236 89.505201 -100
12.618685 89.311500 -100
14.181772 89.063213 -100
15.744605 88.814672 -100
17.298045 88.511805 -100
18.851231 88.208683 -100
20.393246 87.851739 -100
21.935009 87.494540 -100
23.463569 87.083523 -100
24.992130 86.672506 -100
26.505205 86.208174 -100
28.018533 85.744096 -100
29.514851 85.226957 -100
31.010917 84.710078 -100
32.488194 84.140900 -100
33.965474 83.571716 -100
35.422189 82.951255 -100
36.878650 82.331049 -100
38.313024 81.659560 -100
39.747144 80.988573 -100
41.156894 80.267326 -100
42.566894 79.546588 -100
43.951002 78.776593 -100
45.334856 78.006345 -100
-46.965981 74.651943 -100
-45.640265 75.489211 -100
-44.314294 76.238640 -100
-42.961412 76.991367 -100
-41.608529 77.744100 -100
-40.230517 78.448847 -100
-38.852247 79.153843 -100
-37.450369 79.809849 -100
-36.048488 80.466110 -100
-34.624778 81.072606 -100
-33.200813 81.679357 -100
-31.756792 82.235593 -100
-30.312770 82.791823 -100
-28.850217 83.297286 -100
-27.387663 83.802742 -100
-25.908606 84.256407 -100
-24.429297 84.710332 -100
-22.935262 85.111959 -100
-21.441229 85.513833 -100
-19.933994 85.863161 -100
-18.427013 86.211980 -100
-16.908607 86.508252 -100
-15.390200 86.804518 -100
-13.862401 87.047475 -100
-12.334602 87.290172 -100
-10.799442 87.479311 -100
-9.264281 87.668444 -100
-7.723280 87.803753 -100
-6.182534 87.939069 -100
-4.637725 88.020307 -100
-3.093171 88.101550 -100
-1.546585 88.128456 -100
0.000000 88.155622 -100
1.546585 88.128456 -100
3.093171 88.101550 -100
4.637725 88.020307 -100
6.182534 87.939069 -100
7.723280 87.803753 -100
9.264281 87.668444 -100
10.799442 87.479311 -100
12.334602 87.290172 -100
13.862401 87.047475 -100
15.390200 86.804518 -100
16.908607 86.508252 -100
18.427013 86.211980 -100
19.933994 85.863161 -100
21.441229 85.513833 -100
22.935262 85.111959 -100
24.429297 84.710332 -100
25.908606 84.256407 -100
27.387663 83.802742 -100
28.850217 83.297286 -100
30.312770 82.791823 -100
31.756792 82.235593 -100
33.200813 81.679357 -100
34.624778 81.072606 -100
36.048488 80.466110 -100
37.450369 79.809849 -100
38.852247 79.153843 -100
40.230517 78.448847 -100
41.608529 77.744100 -100
42.961412 76.991367 -100
44.314294 76.238640 -100
45.640265 75.489211 -100
46.965981 74.651943 -100
-47.107389 72.095458 -100
-45.870779 72.898959 -100
-45.226199 73.294493 -100
-44.575780 73.680122 -100
-43.280781 74.461285 -100
-41.959635 75.196496 -100
-41.301599 75.569178 -100
-40.638233 75.931707 -100
-39.292205 76.620210 -100
-37.946178 77.308960 -100
-37.264025 77.634680 -100
-36.577051 77.949478 -100
-35.207920 78.590503 -100
-33.817214 79.183042 -100
-33.124143 79.484638 -100
-32.426505 79.775580 -100
-31.016247 80.318863 -100
-29.605739 80.862400 -100
-28.893628 81.114746 -100
-28.177457 81.356179 -100
-26.748921 81.849710 -100
-25.304392 82.292968 -100
-24.583650 82.520182 -100
-23.859609 82.736227 -100
-22.400355 83.128711 -100
-20.941102 83.521196 -100
-20.206397 83.697381 -100
-19.469155 83.862150 -100
-17.997207 84.203097 -100
-16.514344 84.492509 -100
-15.773801 84.642805 -100
-15.031227 84.781672 -100
-13.539223 85.019038 -100
-12.046966 85.256156 -100
-11.298045 85.354147 -100
-10.547601 85.440721 -100
-9.048236 85.625795 -100
-7.543285 85.757807 -100
-6.791318 85.829654 -100
-6.038335 85.890073 -100
-4.529576 85.969284 -100
-3.021071 86.048742 -100
-2.265804 86.067529 -100
-1.510536 86.075146 -100
0.000000 86.101295 -100
1.510536 86.075146 -100
2.265804 86.067529 -100
3.021071 86.048742 -100
4.529576 85.969284 -100
6.038335 85.890073 -100
6.791318 85.829654 -100
7.543285 85.757807 -100
9.048236 85.625795 -100
10.547601 85.440721 -100
11.298045 85.354147 -100
12.046966 85.256156 -100
13.539223 85.019038 -100
15.031227 84.781672 -100
15.773801 84.642805 -100
16.514344 84.492509 -100
17.997207 84.203097 -100
19.469155 83.862150 -100
20.206397 83.697381 -100
20.941102 83.521196 -100
22.400355 83.128711 -100
23.859609 82.736227 -100
24.583650 82.520182 -100
25.304392 82.292968 -100
26.748921 81.849710 -100
28.177457 81.356179 -100
28.893628 81.114746 -100
29.605739 80.862400 -100
31.016247 80.318863 -100
32.426505 79.775580 -100
33.124143 79.484638 -100
33.817214 79.183042 -100
35.207920 78.590503 -100
36.577051 77.949478 -100
37.264025 77.634680 -100
37.946178 77.308960 -100
39.292205 76.620210 -100
40.638233 75.931707 -100
41.301599 75.569178 -100
41.959635 75.196496 -100
43.280781 74.461285 -100
44.575780 73.680122 -100
45.226199 73.294493 -100
45.870779 72.898959 -100
47.107389 72.095458 -100
-49.664637 67.850213 -100
-47.856056 69.128712 -100
-46.012187 70.342728 -100
-44.146231 71.532112 -100
-42.247271 72.671237 -100
-40.315563 73.752726 -100
-38.353897 74.778879 -100
-36.374207 75.768978 -100
-34.367098 76.702210 -100
-32.333079 77.575017 -100
-30.275452 78.389439 -100
-28.203603 79.166289 -100
-26.110180 79.883978 -100
-23.996699 80.538459 -100
-21.865449 81.132522 -100
-19.724041 81.687482 -100
-17.567402 82.181515 -100
-15.397309 82.610562 -100
-13.215791 82.977659 -100
-11.028180 83.304897 -100
-8.832191 83.569943 -100
-6.629094 83.769229 -100
-4.421427 83.905561 -100
-2.211729 84.001525 -100
0.000000 84.034523 -100
2.211729 84.001525 -100
4.421427 83.905561 -100
6.629094 83.769229 -100
8.832191 83.569943 -100
11.028180 83.304897 -100
13.215791 82.977659 -100
15.397309 82.610562 -100
17.567402 82.181515 -100
19.724041 81.687482 -100
21.865449 81.132522 -100
23.996699 80.538459 -100
26.110180 79.883978 -100
28.203603 79.166289 -100
30.275452 78.389439 -100
32.333079 77.575017 -100
34.367098 76.702210 -100
36.374207 75.768978 -100
38.353897 74.778879 -100
40.315563 73.752726 -100
42.247271 72.671237 -100
44.146231 71.532112 -100
46.012187 70.342728 -100
47.856056 69.128712 -100
49.664637 67.850213 -100
-49.543539 65.365829 -100
-48.424472 66.143181 -100
-46.661081 67.389946 -100
-44.863164 68.586440 -100
-43.043920 69.749173 -100
-41.192433 70.860115 -100
-39.308708 71.914953 -100
-37.396294 72.915458 -100
-35.465854 73.880932 -100
-33.509014 74.791064 -100
-31.525769 75.642042 -100
-29.519676 76.436407 -100
-27.499364 77.193702 -100
-25.458238 77.893627 -100
-23.397309 78.531858 -100
-21.319625 79.110940 -100
-19.231532 79.652196 -100
-17.128713 80.134044 -100
-15.012693 80.552423 -100
-12.885758 80.910639 -100
-10.752983 81.229751 -100
-8.611576 81.487943 -100
-6.463570 81.682152 -100
-4.310993 81.815180 -100
-2.156385 81.908603 -100
0.000000 81.941100 -100
2.156385 81.908603 -100
4.310993 81.815180 -100
6.463570 81.682152 -100
8.611576 81.487943 -100
10.752983 81.229751 -100
12.885758 80.910639 -100
15.012693 80.552423 -100
17.128713 80.134044 -100
19.231532 79.652196 -100
21.319625 79.110940 -100
23.397309 78.531858 -100
25.458238 77.893627 -100
27.499364 77.193702 -100
29.519676 76.436407 -100
31.525769 75.642042 -100
33.509014 74.791064 -100
35.465854 73.880932 -100
37.396294 72.915458 -100
39.308708 71.914953 -100
41.192433 70.860115 -100
43.043920 69.749173 -100
44.863164 68.586440 -100
46.661081 67.389946 -100
48.424472 66.143181 -100
49.543539 65.365829 -100
-50.511044 61.871792 -100
-48.865955 63.241688 -100
-47.184310 64.435894 -100
-45.466109 65.651435 -100
-43.714141 66.816957 -100
-41.941608 67.950243 -100
-40.137345 69.032748 -100
-38.302106 70.060674 -100
-36.438438 71.035798 -100
-34.557501 71.976387 -100
-32.650672 72.863673 -100
-30.718456 73.692816 -100
-28.763646 74.466870 -100
-26.795125 75.205130 -100
-24.806296 75.887026 -100
-22.798173 76.508757 -100
-20.773547 77.073367 -100
-18.739020 77.600659 -100
-16.690022 78.070067 -100
-14.628333 78.477786 -100
-12.555725 78.826859 -100
-10.477532 79.137852 -100
-8.390962 79.389691 -100
-6.298045 79.578830 -100
-4.200559 79.708301 -100
-2.101295 79.799443 -100
0.000000 79.831177 -100
2.101295 79.799443 -100
4.200559 79.708301 -100
6.298045 79.578830 -100
8.390962 79.389691 -100
10.477532 79.137852 -100
12.555725 78.826859 -100
14.628333 78.477786 -100
16.690022 78.070067 -100
18.739020 77.600659 -100
20.773547 77.073367 -100
22.798173 76.508757 -100
24.806296 75.887026 -100
26.795125 75.205130 -100
28.763646 74.466870 -100
30.718456 73.692816 -100
32.650672 72.863673 -100
34.557501 71.976387 -100
36.438438 71.035798 -100
38.302106 70.060674 -100
40.137345 69.032748 -100
41.941608 67.950243 -100
43.714141 66.816957 -100
45.466109 65.651435 -100
47.184310 64.435894 -100
48.865955 63.241688 -100
50.511044 61.871792 -100
-51.221884 58.386649 -100
-49.161462 60.205382 -100
-47.560295 61.484390 -100
-45.923837 62.716931 -100
-44.251334 63.899975 -100
-42.546332 65.034526 -100
-40.821019 66.137850 -100
-39.064992 67.191417 -100
-37.278752 68.191929 -100
-35.464838 69.141152 -100
-33.634425 70.057122 -100
-31.778370 70.920286 -100
-29.897691 71.727598 -100
-27.995176 72.481087 -100
-26.079208 73.199799 -100
-24.143438 73.863162 -100
-22.189135 74.468649 -100
-20.218583 75.018278 -100
-18.238132 75.531606 -100
-16.244224 75.988574 -100
-14.237370 76.385379 -100
-12.220360 76.724802 -100
-10.197512 77.027669 -100
-8.166794 77.272659 -100
-6.129728 77.456715 -100
-4.088347 77.582889 -100
-2.045189 77.671744 -100
0.000000 77.702461 -100
2.045189 77.671744 -100
4.088347 77.582889 -100
6.129728 77.456715 -100
8.166794 77.272659 -100
10.197512 77.027669 -100
12.220360 76.724802 -100
14.237370 76.385379 -100
16.244224 75.988574 -100
18.238132 75.531606 -100
20.218583 75.018278 -100
22.189135 74.468649 -100
24.143438 73.863162 -100
26.079208 73.199799 -100
27.995176 72.481087 -100
29.897691 71.727598 -100
31.778370 70.920286 -100
33.634425 70.057122 -100
35.464838 69.141152 -100
37.278752 68.191929 -100
39.064992 67.191417 -100
40.821019 66.137850 -100
42.546332 65.034526 -100
44.251334 63.899975 -100
45.923837 62.716931 -100
47.560295 61.484390 -100
49.161462 60.205382 -100
51.221884 58.386649 -100
-50.844123 55.968014 -100
-49.346281 57.283826 -100
-47.811883 58.538972 -100
-46.254887 59.782942 -100
-44.663113 60.981723 -100
-43.036557 62.132518 -100
-41.378269 63.235849 -100
-39.700433 64.309213 -100
-37.992638 65.333841 -100
-36.255394 66.307187 -100
-34.491495 67.230514 -100
-32.711094 68.121352 -100
-30.906068 68.960901 -100
-29.076922 69.746384 -100
-27.226706 70.479054 -100
-25.363290 71.177963 -100
-23.480832 71.823556 -100
-21.580096 72.412289 -100
-19.663366 72.946938 -100
-17.737497 73.446307 -100
-15.798172 73.890583 -100
-13.846661 74.276720 -100
-11.884996 74.607007 -100
-9.917746 74.901495 -100
-7.942625 75.139629 -100
-5.961412 75.318864 -100
-3.976136 75.441480 -100
-1.989083 75.527800 -100
0.000000 75.557755 -100
1.989083 75.527800 -100
3.976136 75.441480 -100
5.961412 75.318864 -100
7.942625 75.139629 -100
9.917746 74.901495 -100
11.884996 74.607007 -100
13.846661 74.276720 -100
15.798172 73.890583 -100
17.737497 73.446307 -100
19.663366 72.946938 -100
21.580096 72.412289 -100
23.480832 71.823556 -100
25.363290 71.177963 -100
27.226706 70.479054 -100
29.076922 69.746384 -100
30.906068 68.960901 -100
32.711094 68.121352 -100
34.491495 67.230514 -100
36.255394 66.307187 -100
37.992638 65.333841 -100
39.700433 64.309213 -100
41.378269 63.235849 -100
43.036557 62.132518 -100
44.663113 60.981723 -100
46.254887 59.782942 -100
47.811883 58.538972 -100
49.346281 57.283826 -100
50.844123 55.968014 -100
-51.183549 52.517642 -100
-49.385378 54.348058 -100
-47.930439 55.626050 -100
-46.440214 56.862149 -100
-44.927645 58.070320 -100
-43.381824 59.235340 -100
-41.801979 60.353137 -100
-40.191165 61.425236 -100
-38.561311 62.467634 -100
-36.902767 63.463571 -100
-35.215283 64.408735 -100
-33.501904 65.305659 -100
-31.772532 66.171109 -100
-30.019293 66.986801 -100
-28.242701 67.749680 -100
-26.445543 68.461537 -100
-24.635695 69.140389 -100
-22.807058 69.767451 -100
-20.960904 70.339424 -100
-19.099264 70.858590 -100
-17.228739 71.343742 -100
-15.345011 71.775323 -100
-13.449353 72.150546 -100
-11.544047 72.471437 -100
-9.633156 72.757297 -100
-7.714649 72.988830 -100
-5.790556 73.162983 -100
-3.862148 73.282053 -100
-1.931962 73.365826 -100
0.000000 73.395025 -100
1.931962 73.365826 -100
3.862148 73.282053 -100
5.790556 73.162983 -100
7.714649 72.988830 -100
9.633156 72.757297 -100
11.544047 72.471437 -100
13.449353 72.150546 -100
15.345011 71.775323 -100
17.228739 71.343742 -100
19.099264 70.858590 -100
20.960904 70.339424 -100
22.807058 69.767451 -100
24.635695 69.140389 -100
26.445543 68.461537 -100
28.242701 67.749680 -100
30.019293 66.986801 -100
31.772532 66.171109 -100
33.501904 65.305659 -100
35.215283 64.408735 -100
36.902767 63.463571 -100
38.561311 62.467634 -100
40.191165 61.425236 -100
41.801979 60.353137 -100
43.381824 59.235340 -100
44.927645 58.070320 -100
46.440214 56.862149 -100
47.930439 55.626050 -100
49.385378 54.348058 -100
51.183549 52.517642 -100
-50.639250 50.142676 -100
-49.301345 51.358721 -100
-47.926884 52.727848 -100
-46.514851 53.968522 -100
-45.068545 55.168319 -100
-43.600661 56.340950 -100
-42.100278 57.471695 -100
-40.567148 58.556487 -100
-39.004062 59.597107 -100
-37.422441 60.609035 -100
-35.812644 61.575526 -100
-34.175172 62.493021 -100
-32.512314 63.363541 -100
-30.833969 64.203604 -100
-29.132776 64.995174 -100
-27.408479 65.735722 -100
-25.664381 66.426505 -100
-23.907844 67.085555 -100
-22.133537 67.694084 -100
-20.341711 68.249304 -100
-18.535161 68.753235 -100
-16.719727 69.223914 -100
-14.891851 69.643056 -100
-13.052044 70.007110 -100
-11.203097 70.318611 -100
-9.348565 70.596091 -100
-7.486926 70.820764 -100
-5.619447 70.989846 -100
-3.747906 71.105359 -100
-1.874841 71.186851 -100
0.000000 71.215027 -100
1.874841 71.186851 -100
3.747906 71.105359 -100
5.619447 70.989846 -100
7.486926 70.820764 -100
9.348565 70.596091 -100
11.203097 70.318611 -100
13.052044 70.007110 -100
14.891851 69.643056 -100
16.719727 69.223914 -100
18.535161 68.753235 -100
20.341711 68.249304 -100
22.133537 67.694084 -100
23.907844 67.085555 -100
25.664381 66.426505 -100
27.408479 65.735722 -100
29.132776 64.995174 -100
30.833969 64.203604 -100
32.512314 63.363541 -100
34.175172 62.493021 -100
35.812644 61.575526 -100
37.422441 60.609035 -100
39.004062 59.597107 -100
40.567148 58.556487 -100
42.100278 57.471695 -100
43.600661 56.340950 -100
45.068545 55.168319 -100
46.514851 53.968522 -100
47.926884 52.727848 -100
49.301345 51.358721 -100
50.639250 50.142676 -100
-50.729118 46.764663 -100
-49.072861 48.576290 -100
-47.776340 49.856816 -100
-46.444274 51.100024 -100
-45.076163 52.302614 -100
-43.674536 53.465347 -100
-42.252096 54.601930 -100
-40.798173 55.697891 -100
-39.312516 56.749432 -100
-37.797664 57.758063 -100
-36.265041 58.738765 -100
-34.705002 59.675555 -100
-33.118051 60.564862 -100
-31.506729 61.408730 -100
-29.880426 62.222644 -100
-28.231532 62.989843 -100
-26.560802 63.707538 -100
-24.870526 64.377255 -100
-23.168316 65.015739 -100
-21.448845 65.605737 -100
-19.712617 66.143689 -100
-17.961920 66.632137 -100
-16.202589 67.088350 -100
-14.431074 67.494544 -100
-12.648388 67.847169 -100
-10.856563 68.149020 -100
-9.059406 68.417872 -100
-7.255395 68.635696 -100
-5.445545 68.799442 -100
-3.632140 68.911651 -100
-1.816959 68.990354 -100
0.000000 69.017774 -100
1.816959 68.990354 -100
3.632140 68.911651 -100
5.445545 68.799442 -100
7.255395 68.635696 -100
9.059406 68.417872 -100
10.856563 68.149020 -100
12.648388 67.847169 -100
14.431074 67.494544 -100
16.202589 67.088350 -100
17.961920 66.632137 -100
19.712617 66.143689 -100
21.448845 65.605737 -100
23.168316 65.015739 -100
24.870526 64.377255 -100
26.560802 63.707538 -100
28.231532 62.989843 -100
29.880426 62.222644 -100
31.506729 61.408730 -100
33.118051 60.564862 -100
34.705002 59.675555 -100
36.265041 58.738765 -100
37.797664 57.758063 -100
39.312516 56.749432 -100
40.798173 55.697891 -100
42.252096 54.601930 -100
43.674536 53.465347 -100
45.076163 52.302614 -100
46.444274 51.100024 -100
47.776340 49.856816 -100
49.072861 48.576290 -100
50.729118 46.764663 -100
-49.935262 44.467630 -100
-48.739019 45.657526 -100
-48.335871 46.175425 -100
-47.506474 47.009900 -100
-46.677329 47.844376 -100
-46.251586 48.250062 -100
-44.961921 49.453668 -100
-43.637217 50.617922 -100
-43.191926 51.001522 -100
-42.280529 51.743842 -100
-41.369130 52.485908 -100
-40.903527 52.844378 -100
-39.496065 53.905562 -100
-38.057628 54.923837 -100
-37.574764 55.258184 -100
-36.591266 55.900480 -100
-35.607768 56.542522 -100
-35.107388 56.849964 -100
-33.597360 57.756792 -100
-32.060929 58.617922 -100
-31.546077 58.899722 -100
-30.501141 59.434879 -100
-29.456208 59.969788 -100
-28.926632 60.223152 -100
-27.330542 60.965980 -100
-25.713126 61.660829 -100
-25.171617 61.887027 -100
-24.076669 62.309218 -100
-22.981975 62.731404 -100
-22.429042 62.927392 -100
-20.764154 63.498603 -100
-19.083270 64.019548 -100
-18.521452 64.187359 -100
-17.388677 64.492514 -100
-16.255903 64.797159 -100
-15.685453 64.934248 -100
-13.970551 65.327494 -100
-12.244732 65.668950 -100
-11.668190 65.776846 -100
-10.510028 65.961157 -100
-9.351612 66.145468 -100
-8.770246 66.221629 -100
-7.023864 66.432598 -100
-5.271897 66.591013 -100
-4.687230 66.637982 -100
-3.516121 66.699671 -100
-2.345011 66.761106 -100
-1.758822 66.775833 -100
0.000000 66.802236 -100
1.758822 66.775833 -100
2.345011 66.761106 -100
3.516121 66.699671 -100
4.687230 66.637982 -100
5.271897 66.591013 -100
7.023864 66.432598 -100
8.770246 66.221629 -100
9.351612 66.145468 -100
10.510028 65.961157 -100
11.668190 65.776846 -100
12.244732 65.668950 -100
13.970551 65.327494 -100
15.685453 64.934248 -100
16.255903 64.797159 -100
17.388677 64.492514 -100
18.521452 64.187359 -100
19.083270 64.019548 -100
20.764154 63.498603 -100
22.429042 62.927392 -100
22.981975 62.731404 -100
24.076669 62.309218 -100
25.171617 61.887027 -100
25.713126 61.660829 -100
27.330542 60.965980 -100
28.926632 60.223152 -100
29.456208 59.969788 -100
30.501141 59.434879 -100
31.546077 58.899722 -100
32.060929 58.617922 -100
33.597360 57.756792 -100
35.107388 56.849964 -100
35.607768 56.542522 -100
36.591266 55.900480 -100
37.574764 55.258184 -100
38.057628 54.923837 -100
39.496065 53.905562 -100
40.903527 52.844378 -100
41.369130 52.485908 -100
42.280529 51.743842 -100
43.191926 51.001522 -100
43.637217 50.617922 -100
44.961921 49.453668 -100
46.251586 48.250062 -100
46.677329 47.844376 -100
47.506474 47.009900 -100
48.335871 46.175425 -100
48.739019 45.657526 -100
49.935262 44.467630 -100
-49.675551 41.290681 -100
-48.268851 42.967250 -100
-46.694086 44.614369 -100
-45.119574 46.250319 -100
-43.434883 47.781924 -100
-41.750446 49.302870 -100
-39.964203 50.712111 -100
-38.177963 52.110431 -100
-36.298554 53.390710 -100
-34.419397 54.659813 -100
-32.456206 55.804770 -100
-30.493273 56.938565 -100
-28.455699 57.942876 -100
-26.418380 58.936024 -100
-24.316578 59.794874 -100
-22.215029 60.642802 -100
-20.059152 61.351863 -100
-17.903276 62.050264 -100
-15.703732 62.606501 -100
-13.504189 63.152325 -100
-11.271896 63.552935 -100
-9.039604 63.943386 -100
-6.785224 64.186343 -100
-4.530845 64.419141 -100
-2.265296 64.503936 -100
0.000000 64.578065 -100
2.265296 64.503936 -100
4.530845 64.419141 -100
6.785224 64.186343 -100
9.039604 63.943386 -100
11.271896 63.552935 -100
13.504189 63.152325 -100
15.703732 62.606501 -100
17.903276 62.050264 -100
20.059152 61.351863 -100
22.215029 60.642802 -100
24.316578 59.794874 -100
26.418380 58.936024 -100
28.455699 57.942876 -100
30.493273 56.938565 -100
32.456206 55.804770 -100
34.419397 54.659813 -100
36.298554 53.390710 -100
38.177963 52.110431 -100
39.964203 50.712111 -100
41.750446 49.302870 -100
43.434883 47.781924 -100
45.119574 46.250319 -100
46.694086 44.614369 -100
48.268851 42.967250 -100
49.675551 41.290681 -100
-48.009138 39.790047 -100
-46.602438 41.466616 -100
-45.082001 43.052042 -100
-43.561818 44.636964 -100
-41.935262 46.111194 -100
-40.308962 47.584920 -100
-38.584411 48.940849 -100
-36.859864 50.296269 -100
-35.045442 51.527292 -100
-33.231022 52.758058 -100
-31.335620 53.858339 -100
-29.440468 54.958621 -100
-27.473472 55.923078 -100
-25.506220 56.887536 -100
-23.477025 57.711602 -100
-21.448084 58.535668 -100
-19.366590 59.215029 -100
-17.285097 59.894643 -100
-15.161715 60.426757 -100
-13.038081 60.958871 -100
-10.882712 61.340695 -100
-8.727596 61.722518 -100
-6.550901 61.952273 -100
-4.374460 62.182282 -100
-2.187103 62.258698 -100
0.000000 62.335616 -100
2.187103 62.258698 -100
4.374460 62.182282 -100
6.550901 61.952273 -100
8.727596 61.722518 -100
10.882712 61.340695 -100
13.038081 60.958871 -100
15.161715 60.426757 -100
17.285097 59.894643 -100
19.366590 59.215029 -100
21.448084 58.535668 -100
23.477025 57.711602 -100
25.506220 56.887536 -100
27.473472 55.923078 -100
29.440468 54.958621 -100
31.335620 53.858339 -100
33.231022 52.758058 -100
35.045442 51.527292 -100
36.859864 50.296269 -100
38.584411 48.940849 -100
40.308962 47.584920 -100
41.935262 46.111194 -100
43.561818 44.636964 -100
45.082001 43.052042 -100
46.602438 41.466616 -100
48.009138 39.790047 -100
-47.614116 36.703986 -100
-46.258695 38.332065 -100
-44.903021 39.959889 -100
-43.438183 41.487940 -100
-41.973342 43.015486 -100
-40.406448 44.436150 -100
-38.839299 45.856564 -100
-37.177457 47.163240 -100
-35.515866 48.469407 -100
-33.767707 49.655749 -100
-32.019294 50.841839 -100
-30.193198 51.902261 -100
-28.366844 52.962426 -100
-26.471693 53.892106 -100
-24.576288 54.821272 -100
-22.621223 55.615383 -100
-20.665906 56.409240 -100
-18.660321 57.064230 -100
-16.654988 57.719220 -100
-14.608784 58.231785 -100
-12.562579 58.744604 -100
-10.485910 59.112209 -100
-8.409241 59.480069 -100
-6.312008 59.701698 -100
-4.215029 59.923328 -100
-2.107388 59.997208 -100
0.000000 60.071083 -100
2.107388 59.997208 -100
4.215029 59.923328 -100
6.312008 59.701698 -100
8.409241 59.480069 -100
10.485910 59.112209 -100
12.562579 58.744604 -100
14.608784 58.231785 -100
16.654988 57.719220 -100
18.660321 57.064230 -100
20.665906 56.409240 -100
22.621223 55.615383 -100
24.576288 54.821272 -100
26.471693 53.892106 -100
28.366844 52.962426 -100
30.193198 51.902261 -100
32.019294 50.841839 -100
33.767707 49.655749 -100
35.515866 48.469407 -100
37.177457 47.163240 -100
38.839299 45.856564 -100
40.406448 44.436150 -100
41.973342 43.015486 -100
43.438183 41.487940 -100
44.903021 39.959889 -100
46.258695 38.332065 -100
47.614116 36.703986 -100
-47.004824 33.664383 -100
-45.812136 35.296013 -100
-44.507998 36.863164 -100
-43.203860 38.429805 -100
-41.794365 39.900481 -100
-40.385124 41.370652 -100
-38.877380 42.738003 -100
-37.369383 44.104850 -100
-35.770754 45.362527 -100
-34.171872 46.619446 -100
-32.489719 47.761359 -100
-30.807820 48.902768 -100
-29.050522 49.923330 -100
-27.293475 50.943642 -100
-25.469916 51.838031 -100
-23.646357 52.732416 -100
-21.765169 53.496572 -100
-19.883980 54.260728 -100
-17.954302 54.890833 -100
-16.024626 55.521198 -100
-14.055851 56.014468 -100
-12.087332 56.507745 -100
-10.089109 56.861895 -100
-8.091140 57.215790 -100
-6.073115 57.429040 -100
-4.055344 57.642042 -100
-2.027672 57.713381 -100
0.000000 57.784460 -100
2.027672 57.713381 -100
4.055344 57.642042 -100
6.073115 57.429040 -100
8.091140 57.215790 -100
10.089109 56.861895 -100
12.087332 56.507745 -100
14.055851 56.014468 -100
16.024626 55.521198 -100
17.954302 54.890833 -100
19.883980 54.260728 -100
21.765169 53.496572 -100
23.646357 52.732416 -100
25.469916 51.838031 -100
27.293475 50.943642 -100
29.050522 49.923330 -100
30.807820 48.902768 -100
32.489719 47.761359 -100
34.171872 46.619446 -100
35.770754 45.362527 -100
37.369383 44.104850 -100
38.877380 42.738003 -100
40.385124 41.370652 -100
41.794365 39.900481 -100
43.203860 38.429805 -100
44.507998 36.863164 -100
45.812136 35.296013 -100
47.004824 33.664383 -100
-45.128205 32.300837 -100
-43.983244 33.890834 -100
-42.731151 35.396040 -100
-41.478801 36.900483 -100
-40.125668 38.312770 -100
-38.772531 39.725058 -100
-37.324955 41.037826 -100
-35.877379 42.350598 -100
-34.342473 43.558010 -100
-32.807566 44.765170 -100
-31.192436 45.861640 -100
-29.577559 46.957604 -100
-27.890581 47.937548 -100
-26.203860 48.917237 -100
-24.452907 49.776087 -100
-22.702208 50.634679 -100
-20.896166 51.368622 -100
-19.089871 52.102058 -100
-17.237369 52.707283 -100
-15.384870 53.312261 -100
-13.494796 53.785729 -100
-11.604722 54.259457 -100
-9.686215 54.599643 -100
-7.767962 54.939326 -100
-5.830668 55.143948 -100
-3.893374 55.348564 -100
-1.946687 55.416860 -100
0.000000 55.485404 -100
1.946687 55.416860 -100
3.893374 55.348564 -100
5.830668 55.143948 -100
7.767962 54.939326 -100
9.686215 54.599643 -100
11.604722 54.259457 -100
13.494796 53.785729 -100
15.384870 53.312261 -100
17.237369 52.707283 -100
19.089871 52.102058 -100
20.896166 51.368622 -100
22.702208 50.634679 -100
24.452907 49.776087 -100
26.203860 48.917237 -100
27.890581 47.937548 -100
29.577559 46.957604 -100
31.192436 45.861640 -100
32.807566 44.765170 -100
34.342473 43.558010 -100
35.877379 42.350598 -100
37.324955 41.037826 -100
38.772531 39.725058 -100
40.125668 38.312770 -100
41.478801 36.900483 -100
42.731151 35.396040 -100
43.983244 33.890834 -100
45.128205 32.300837 -100
-44.348820 29.412289 -100
-43.251334 30.937294 -100
-42.154099 32.461793 -100
-40.954051 33.905053 -100
-39.753999 35.347295 -100
-38.456967 36.701448 -100
-37.160193 38.055344 -100
-35.772784 39.313784 -100
-34.385376 40.572481 -100
-32.914191 41.729880 -100
-31.443007 42.887280 -100
-29.895404 43.938309 -100
-28.347550 44.989083 -100
-26.730898 45.928408 -100
-25.113988 46.867733 -100
-23.436152 47.691040 -100
-21.758060 48.514343 -100
-20.027164 49.217569 -100
-18.296014 49.920792 -100
-16.520436 50.501142 -100
-14.745113 51.080984 -100
-12.933486 51.534906 -100
-11.122112 51.989083 -100
-9.283574 52.315053 -100
-7.445037 52.640772 -100
-5.588220 52.837014 -100
-3.731658 53.033003 -100
-1.865702 53.098503 -100
0.000000 53.164252 -100
1.865702 53.098503 -100
3.731658 53.033003 -100
5.588220 52.837014 -100
7.445037 52.640772 -100
9.283574 52.315053 -100
11.122112 51.989083 -100
12.933486 51.534906 -100
14.745113 51.080984 -100
16.520436 50.501142 -100
18.296014 49.920792 -100
20.027164 49.217569 -100
21.758060 48.514343 -100
23.436152 47.691040 -100
25.113988 46.867733 -100
26.730898 45.928408 -100
28.347550 44.989083 -100
29.895404 43.938309 -100
31.443007 42.887280 -100
32.914191 41.729880 -100
34.385376 40.572481 -100
35.772784 39.313784 -100
37.160193 38.055344 -100
38.456967 36.701448 -100
39.753999 35.347295 -100
40.954051 33.905053 -100
42.154099 32.461793 -100
43.251334 30.937294 -100
44.348820 29.412289 -100
-43.298554 26.677836 -100
-42.396293 28.121603 -100
-41.347297 29.580602 -100
-40.298298 31.038588 -100
-39.151054 32.418633 -100
-38.003807 33.798171 -100
-36.764154 35.092915 -100
-35.524246 36.387409 -100
-34.198021 37.591012 -100
-32.871794 38.794364 -100
-31.465348 39.900989 -100
-30.058899 41.007617 -100
-28.579335 42.012440 -100
-27.099771 43.017011 -100
-25.553948 43.915206 -100
-24.008378 44.813152 -100
-22.404418 45.600154 -100
-20.800203 46.387156 -100
-19.145469 47.059661 -100
-17.490734 47.731913 -100
-15.793348 48.286621 -100
-14.095963 48.841076 -100
-12.364052 49.275196 -100
-10.632394 49.709318 -100
-8.874841 50.020562 -100
-7.117289 50.332063 -100
-5.342219 50.519674 -100
-3.567403 50.707286 -100
-1.783702 50.769737 -100
0.000000 50.832446 -100
1.783702 50.769737 -100
3.567403 50.707286 -100
5.342219 50.519674 -100
7.117289 50.332063 -100
8.874841 50.020562 -100
10.632394 49.709318 -100
12.364052 49.275196 -100
14.095963 48.841076 -100
15.793348 48.286621 -100
17.490734 47.731913 -100
19.145469 47.059661 -100
20.800203 46.387156 -100
22.404418 45.600154 -100
24.008378 44.813152 -100
25.553948 43.915206 -100
27.099771 43.017011 -100
28.579335 42.012440 -100
30.058899 41.007617 -100
31.465348 39.900989 -100
32.871794 38.794364 -100
34.198021 37.591012 -100
35.524246 36.387409 -100
36.764154 35.092915 -100
38.003807 33.798171 -100
39.151054 32.418633 -100
40.298298 31.038588 -100
41.347297 29.580602 -100
42.396293 28.121603 -100
43.298554 26.677836 -100
-41.346281 25.361005 -100
-40.444020 26.804772 -100
-39.443261 28.197260 -100
-38.442498 29.588728 -100
-37.348312 30.905814 -100
-36.253873 32.222391 -100
-35.071083 33.457985 -100
-33.888550 34.693322 -100
-32.623255 35.842091 -100
-31.357957 36.990354 -100
-30.016247 38.046459 -100
-28.674791 39.102564 -100
-27.263265 40.061437 -100
-25.851739 41.019802 -100
-24.377252 41.876873 -100
-22.902768 42.733689 -100
-21.372683 43.484640 -100
-19.842346 44.235845 -100
-18.263772 44.877379 -100
-16.685199 45.519167 -100
-15.066007 46.048235 -100
-13.446813 46.577305 -100
-11.794872 46.991622 -100
-10.142930 47.405688 -100
-8.466108 47.702971 -100
-6.789541 47.999999 -100
-5.096217 48.178980 -100
-3.403148 48.357958 -100
-1.701447 48.417620 -100
0.000000 48.477533 -100
1.701447 48.417620 -100
3.403148 48.357958 -100
5.096217 48.178980 -100
6.789541 47.999999 -100
8.466108 47.702971 -100
10.142930 47.405688 -100
11.794872 46.991622 -100
13.446813 46.577305 -100
15.066007 46.048235 -100
16.685199 45.519167 -100
18.263772 44.877379 -100
19.842346 44.235845 -100
21.372683 43.484640 -100
22.902768 42.733689 -100
24.377252 41.876873 -100
25.851739 41.019802 -100
27.263265 40.061437 -100
28.674791 39.102564 -100
30.016247 38.046459 -100
31.357957 36.990354 -100
32.623255 35.842091 -100
33.888550 34.693322 -100
35.071083 33.457985 -100
36.253873 32.222391 -100
37.348312 30.905814 -100
38.442498 29.588728 -100
39.443261 28.197260 -100
40.444020 26.804772 -100
41.346281 25.361005 -100
-40.180756 22.718965 -100
-39.322672 24.109420 -100
-38.464585 25.499112 -100
-37.512821 26.824066 -100
-36.561056 28.148261 -100
-35.520437 29.401371 -100
-34.479564 30.653718 -100
-33.354658 31.829399 -100
-32.230009 33.004317 -100
-31.026657 34.096978 -100
-29.823305 35.189388 -100
-28.547347 36.193956 -100
-27.271388 37.198273 -100
-25.928917 38.110435 -100
-24.586444 39.022086 -100
-23.184310 39.837267 -100
-21.781924 40.652197 -100
-20.326732 41.366338 -100
-18.871288 42.080733 -100
-17.369891 42.690784 -100
-15.868749 43.301092 -100
-14.328763 43.804264 -100
-12.788779 44.307439 -100
-11.217568 44.701448 -100
-9.646357 45.095203 -100
-8.051790 45.378016 -100
-6.457223 45.660572 -100
-4.846915 45.830922 -100
-3.236354 46.001015 -100
-1.618177 46.057882 -100
0.000000 46.114749 -100
1.618177 46.057882 -100
3.236354 46.001015 -100
4.846915 45.830922 -100
6.457223 45.660572 -100
8.051790 45.378016 -100
9.646357 45.095203 -100
11.217568 44.701448 -100
12.788779 44.307439 -100
14.328763 43.804264 -100
15.868749 43.301092 -100
17.369891 42.690784 -100
18.871288 42.080733 -100
20.326732 41.366338 -100
21.781924 40.652197 -100
23.184310 39.837267 -100
24.586444 39.022086 -100
25.928917 38.110435 -100
27.271388 37.198273 -100
28.547347 36.193956 -100
29.823305 35.189388 -100
31.026657 34.096978 -100
32.230009 33.004317 -100
33.354658 31.829399 -100
34.479564 30.653718 -100
35.520437 29.401371 -100
36.561056 28.148261 -100
37.512821 26.824066 -100
38.464585 25.499112 -100
39.322672 24.109420 -100
40.180756 22.718965 -100
-38.834223 20.182788 -100
-38.113227 21.525260 -100
-37.299314 22.845138 -100
-36.485403 24.164003 -100
-35.582635 25.421426 -100
-34.679869 26.678090 -100
-33.692562 27.867481 -100
-32.705255 29.056106 -100
-31.638233 30.171616 -100
-30.571464 31.286875 -100
-29.430058 32.323686 -100
-28.288653 33.360496 -100
-27.078192 34.313531 -100
-25.867987 35.266566 -100
-24.594568 36.132013 -100
-23.321401 36.997206 -100
-21.991114 37.770755 -100
-20.661082 38.543793 -100
-19.280529 39.221628 -100
-17.900229 39.899467 -100
-16.476009 40.478547 -100
-15.052044 41.057375 -100
-13.591266 41.534906 -100
-12.130490 42.012440 -100
-10.640264 42.386138 -100
-9.150038 42.759839 -100
-7.637471 43.028180 -100
-6.124905 43.296270 -100
-4.597360 43.457986 -100
-3.069815 43.619194 -100
-1.534907 43.673014 -100
0.000000 43.727089 -100
1.534907 43.673014 -100
3.069815 43.619194 -100
4.597360 43.457986 -100
6.124905 43.296270 -100
7.637471 43.028180 -100
9.150038 42.759839 -100
10.640264 42.386138 -100
12.130490 42.012440 -100
13.591266 41.534906 -100
15.052044 41.057375 -100
16.476009 40.478547 -100
17.900229 39.899467 -100
19.280529 39.221628 -100
20.661082 38.543793 -100
21.991114 37.770755 -100
23.321401 36.997206 -100
24.594568 36.132013 -100
25.867987 35.266566 -100
27.078192 34.313531 -100
28.288653 33.360496 -100
29.430058 32.323686 -100
30.571464 31.286875 -100
31.638233 30.171616 -100
32.705255 29.056106 -100
33.692562 27.867481 -100
34.679869 26.678090 -100
35.582635 25.421426 -100
36.485403 24.164003 -100
37.299314 22.845138 -100
38.113227 21.525260 -100
38.834223 20.182788 -100
-36.700178 19.048237 -100
-36.018787 20.349075 -100
-35.249555 21.597613 -100
-34.480326 22.844630 -100
-33.627061 24.033767 -100
-32.774054 25.221629 -100
-31.841076 26.346027 -100
-30.908098 27.469663 -100
-29.899721 28.524246 -100
-28.891344 29.578319 -100
-27.812644 30.558008 -100
-26.733944 31.537955 -100
-25.590251 32.438690 -100
-24.446560 33.339426 -100
-23.243209 34.157399 -100
-22.039858 34.974868 -100
-20.782686 35.705762 -100
-19.525768 36.436659 -100
-18.221122 37.077176 -100
-16.916477 37.717694 -100
-15.570704 38.264788 -100
-14.224930 38.811882 -100
-12.844377 39.263264 -100
-11.464077 39.714394 -100
-10.055598 40.067530 -100
-8.647118 40.420666 -100
-7.217822 40.674284 -100
-5.788271 40.927647 -100
-4.344758 41.080224 -100
-2.901244 41.232801 -100
-1.450622 41.283829 -100
0.000000 41.334604 -100
1.450622 41.283829 -100
2.901244 41.232801 -100
4.344758 41.080224 -100
5.788271 40.927647 -100
7.217822 40.674284 -100
8.647118 40.420666 -100
10.055598 40.067530 -100
11.464077 39.714394 -100
12.844377 39.263264 -100
14.224930 38.811882 -100
15.570704 38.264788 -100
16.916477 37.717694 -100
18.221122 37.077176 -100
19.525768 36.436659 -100
20.782686 35.705762 -100
22.039858 34.974868 -100
23.243209 34.157399 -100
24.446560 33.339426 -100
25.590251 32.438690 -100
26.733944 31.537955 -100
27.812644 30.558008 -100
28.891344 29.578319 -100
29.899721 28.524246 -100
30.908098 27.469663 -100
31.841076 26.346027 -100
32.774054 25.221629 -100
33.627061 24.033767 -100
34.480326 22.844630 -100
35.249555 21.597613 -100
36.018787 20.349075 -100
36.700178 19.048237 -100
-35.207920 16.686215 -100
-34.566135 17.913429 -100
-33.924347 19.139884 -100
-33.199797 20.316832 -100
-32.475246 21.492259 -100
-31.671745 22.613099 -100
-30.868241 23.732926 -100
-29.989592 24.792589 -100
-29.110689 25.851486 -100
-28.160955 26.845140 -100
-27.211475 27.838539 -100
-26.195480 28.761870 -100
-25.179487 29.685201 -100
-24.102311 30.534145 -100
-23.024880 31.382839 -100
-21.891597 32.153847 -100
-20.758314 32.924093 -100
-19.574258 33.612592 -100
-18.390201 34.301346 -100
-17.161462 34.904799 -100
-15.932725 35.508252 -100
-14.665397 36.023863 -100
-13.397816 36.539478 -100
-12.097486 36.964459 -100
-10.797410 37.389694 -100
-9.470932 37.722265 -100
-8.144453 38.055090 -100
-6.798172 38.293984 -100
-5.451638 38.532624 -100
-4.092155 38.676567 -100
-2.732419 38.820259 -100
-1.366337 38.868241 -100
0.000000 38.916223 -100
1.366337 38.868241 -100
2.732419 38.820259 -100
4.092155 38.676567 -100
5.451638 38.532624 -100
6.798172 38.293984 -100
8.144453 38.055090 -100
9.470932 37.722265 -100
10.797410 37.389694 -100
12.097486 36.964459 -100
13.397816 36.539478 -100
14.665397 36.023863 -100
15.932725 35.508252 -100
17.161462 34.904799 -100
18.390201 34.301346 -100
19.574258 33.612592 -100
20.758314 32.924093 -100
21.891597 32.153847 -100
23.024880 31.382839 -100
24.102311 30.534145 -100
25.179487 29.685201 -100
26.195480 28.761870 -100
27.211475 27.838539 -100
28.160955 26.845140 -100
29.110689 25.851486 -100
29.989592 24.792589 -100
30.868241 23.732926 -100
31.671745 22.613099 -100
32.475246 21.492259 -100
33.199797 20.316832 -100
33.924347 19.139884 -100
34.566135 17.913429 -100
35.207920 16.686215 -100
-33.008122 15.650926 -100
-32.406448 16.802996 -100
-31.804774 17.953797 -100
-31.125413 19.057630 -100
-30.446307 20.160447 -100
-29.693069 21.211475 -100
-28.939580 22.261742 -100
-28.115765 23.255396 -100
-27.291953 24.248287 -100
-26.401624 25.180248 -100
-25.511298 26.111450 -100
-24.558771 26.977152 -100
-23.606245 27.842853 -100
-22.596344 28.638743 -100
-21.586443 29.434375 -100
-20.523737 30.156639 -100
-19.461285 30.878902 -100
-18.351358 31.524753 -100
-17.241432 32.170092 -100
-16.089363 32.735719 -100
-14.937294 33.301345 -100
-13.748921 33.784718 -100
-12.560549 34.267833 -100
-11.341711 34.666667 -100
-10.122874 35.064990 -100
-8.879157 35.376999 -100
-7.635441 35.688754 -100
-6.373445 35.912668 -100
-5.111196 36.136584 -100
-3.836507 36.271388 -100
-2.561818 36.406195 -100
-1.280782 36.451128 -100
0.000000 36.496318 -100
1.280782 36.451128 -100
2.561818 36.406195 -100
3.836507 36.271388 -100
5.111196 36.136584 -100
6.373445 35.912668 -100
7.635441 35.688754 -100
8.879157 35.376999 -100
10.122874 35.064990 -100
11.341711 34.666667 -100
12.560549 34.267833 -100
13.748921 33.784718 -100
14.937294 33.301345 -100
16.089363 32.735719 -100
17.241432 32.170092 -100
18.351358 31.524753 -100
19.461285 30.878902 -100
20.523737 30.156639 -100
21.586443 29.434375 -100
22.596344 28.638743 -100
23.606245 27.842853 -100
24.558771 26.977152 -100
25.511298 26.111450 -100
26.401624 25.180248 -100
27.291953 24.248287 -100
28.115765 23.255396 -100
28.939580 22.261742 -100
29.693069 21.211475 -100
30.446307 20.160447 -100
31.125413 19.057630 -100
31.804774 17.953797 -100
32.406448 16.802996 -100
33.008122 15.650926 -100
-31.294998 13.502411 -100
-30.808328 14.577811 -100
-30.246764 15.654735 -100
-29.685201 16.730135 -100
-29.051281 17.761615 -100
-28.417364 18.792078 -100
-27.714142 19.773801 -100
-27.011170 20.755015 -100
-26.242195 21.683168 -100
-25.473217 22.610561 -100
-24.642042 23.481088 -100
-23.811119 24.350852 -100
-22.922062 25.159686 -100
-22.033258 25.968012 -100
-21.090378 26.711349 -100
-20.147753 27.454431 -100
-19.156131 28.128967 -100
-18.164255 28.803505 -100
-17.128205 29.406447 -100
-16.092409 30.009138 -100
-15.017010 30.537192 -100
-13.941863 31.065500 -100
-12.832699 31.516881 -100
-11.723534 31.968011 -100
-10.585936 32.340442 -100
-9.448083 32.712365 -100
-8.287383 33.003809 -100
-7.126682 33.294998 -100
-5.948718 33.503934 -100
-4.770500 33.712870 -100
-3.580858 33.838792 -100
-2.390962 33.964712 -100
-1.195481 34.006601 -100
0.000000 34.048742 -100
1.195481 34.006601 -100
2.390962 33.964712 -100
3.580858 33.838792 -100
4.770500 33.712870 -100
5.948718 33.503934 -100
7.126682 33.294998 -100
8.287383 33.003809 -100
9.448083 32.712365 -100
10.585936 32.340442 -100
11.723534 31.968011 -100
12.832699 31.516881 -100
13.941863 31.065500 -100
15.017010 30.537192 -100
16.092409 30.009138 -100
17.128205 29.406447 -100
18.164255 28.803505 -100
19.156131 28.128967 -100
20.147753 27.454431 -100
21.090378 26.711349 -100
22.033258 25.968012 -100
22.922062 25.159686 -100
23.811119 24.350852 -100
24.642042 23.481088 -100
25.473217 22.610561 -100
26.242195 21.683168 -100
27.011170 20.755015 -100
27.714142 19.773801 -100
28.417364 18.792078 -100
29.051281 17.761615 -100
29.685201 16.730135 -100
30.246764 15.654735 -100
30.808328 14.577811 -100
31.294998 13.502411 -100
-29.512567 11.468138 -100
-29.060928 12.507744 -100
-28.609039 13.545063 -100
-28.087586 14.546331 -100
-27.565878 15.545569 -100
-26.977406 16.503934 -100
-26.388676 17.461286 -100
-25.735719 18.373445 -100
-25.082762 19.284590 -100
-24.368622 20.146740 -100
-23.654735 21.007870 -100
-22.882965 21.815945 -100
-22.111196 22.623763 -100
-21.285860 23.374714 -100
-20.460269 24.125414 -100
-19.584920 24.815689 -100
-18.709570 25.505459 -100
-17.788525 26.131761 -100
-16.867478 26.758060 -100
-15.905560 27.317848 -100
-14.943387 27.877379 -100
-13.945163 28.367861 -100
-12.946687 28.858339 -100
-11.916730 29.277481 -100
-10.886773 29.696369 -100
-9.830160 30.041888 -100
-8.773546 30.387407 -100
-7.695862 30.658035 -100
-6.617923 30.928155 -100
-5.523991 31.122367 -100
-4.430058 31.316325 -100
-3.325209 31.433105 -100
-2.220360 31.550140 -100
-1.110180 31.588983 -100
0.000000 31.628077 -100
1.110180 31.588983 -100
2.220360 31.550140 -100
3.325209 31.433105 -100
4.430058 31.316325 -100
5.523991 31.122367 -100
6.617923 30.928155 -100
7.695862 30.658035 -100
8.773546 30.387407 -100
9.830160 30.041888 -100
10.886773 29.696369 -100
11.916730 29.277481 -100
12.946687 28.858339 -100
13.945163 28.367861 -100
14.943387 27.877379 -100
15.905560 27.317848 -100
16.867478 26.758060 -100
17.788525 26.131761 -100
18.709570 25.505459 -100
19.584920 24.815689 -100
20.460269 24.125414 -100
21.285860 23.374714 -100
22.111196 22.623763 -100
22.882965 21.815945 -100
23.654735 21.007870 -100
24.368622 20.146740 -100
25.082762 19.284590 -100
25.735719 18.373445 -100
26.388676 17.461286 -100
26.977406 16.503934 -100
27.565878 15.545569 -100
28.087586 14.546331 -100
28.609039 13.545063 -100
29.060928 12.507744 -100
29.512567 11.468138 -100
-27.243717 10.551408 -100
-26.409495 12.472709 -100
-25.446813 14.322164 -100
-24.359989 16.092918 -100
-23.154354 17.778117 -100
-21.835999 19.370653 -100
-20.411272 20.863673 -100
-18.887280 22.250824 -100
-17.271135 23.525769 -100
-15.570704 24.682915 -100
-13.794618 25.716933 -100
-11.951257 26.623002 -100
-10.049758 27.397056 -100
-8.099264 28.035036 -100
-6.109165 28.534653 -100
-4.089363 28.893374 -100
-2.049759 29.108910 -100
0.000000 29.181009 -100
2.049759 29.108910 -100
4.089363 28.893374 -100
6.109165 28.534653 -100
8.099264 28.035036 -100
10.049758 27.397056 -100
11.951257 26.623002 -100
13.794618 25.716933 -100
15.570704 24.682915 -100
17.271135 23.525769 -100
18.887280 22.250824 -100
20.411272 20.863673 -100
21.835999 19.370653 -100
23.154354 17.778117 -100
24.359989 16.092918 -100
25.446813 14.322164 -100
26.409495 12.472709 -100
27.243717 10.551408 -100
-24.923839 9.669204 -100
-24.160701 11.429044 -100
-23.223153 13.095963 -100
-22.285606 14.741814 -100
-21.130997 16.249049 -100
-19.976644 17.739528 -100
-18.627824 19.063469 -100
-17.279005 20.373699 -100
-15.761868 21.491497 -100
-14.244986 22.597613 -100
-12.589236 23.489973 -100
-10.933486 24.371668 -100
-9.171617 25.022341 -100
-7.409494 25.663112 -100
-5.575273 26.060168 -100
-3.741051 26.447830 -100
-1.870526 26.583905 -100
0.000000 26.710841 -100
1.870526 26.583905 -100
3.741051 26.447830 -100
5.575273 26.060168 -100
7.409494 25.663112 -100
9.171617 25.022341 -100
10.933486 24.371668 -100
12.589236 23.489973 -100
14.244986 22.597613 -100
15.761868 21.491497 -100
17.279005 20.373699 -100
18.627824 19.063469 -100
19.976644 17.739528 -100
21.130997 16.249049 -100
22.285606 14.741814 -100
23.223153 13.095963 -100
24.160701 11.429044 -100
24.923839 9.669204 -100
-22.603960 8.731659 -100
-21.911906 10.332063 -100
-21.061437 11.840314 -100
-20.211221 13.342474 -100
-19.164255 14.705509 -100
-18.117289 16.065246 -100
-16.893882 17.261997 -100
-15.670729 18.456715 -100
-14.294745 19.466617 -100
-12.919015 20.475756 -100
-11.417365 21.280782 -100
-9.915968 22.085808 -100
-8.317848 22.671999 -100
-6.719726 23.257679 -100
-5.056359 23.613862 -100
-3.392993 23.970045 -100
-1.696370 24.089363 -100
0.000000 24.208684 -100
1.696370 24.089363 -100
3.392993 23.970045 -100
5.056359 23.613862 -100
6.719726 23.257679 -100
8.317848 22.671999 -100
9.915968 22.085808 -100
11.417365 21.280782 -100
12.919015 20.475756 -100
14.294745 19.466617 -100
15.670729 18.456715 -100
16.893882 17.261997 -100
18.117289 16.065246 -100
19.164255 14.705509 -100
20.211221 13.342474 -100
21.061437 11.840314 -100
21.911906 10.332063 -100
22.603960 8.731659 -100
-20.265296 7.846409 -100
-19.644834 9.282305 -100
-18.882458 10.634425 -100
-18.120081 11.980706 -100
-17.181519 13.202082 -100
-16.242701 14.420412 -100
-15.145976 15.492511 -100
-14.049252 16.563088 -100
-12.815689 17.468141 -100
-11.582382 18.372177 -100
-10.236101 19.093678 -100
-8.890073 19.814928 -100
-7.457222 20.340190 -100
-6.024625 20.865194 -100
-4.533130 21.184058 -100
-3.041889 21.503174 -100
-1.520944 21.610307 -100
0.000000 21.717189 -100
1.520944 21.610307 -100
3.041889 21.503174 -100
4.533130 21.184058 -100
6.024625 20.865194 -100
7.457222 20.340190 -100
8.890073 19.814928 -100
10.236101 19.093678 -100
11.582382 18.372177 -100
12.815689 17.468141 -100
14.049252 16.563088 -100
15.145976 15.492511 -100
16.242701 14.420412 -100
17.181519 13.202082 -100
18.120081 11.980706 -100
18.882458 10.634425 -100
19.644834 9.282305 -100
20.265296 7.846409 -100
-17.926631 6.901496 -100
-17.377761 8.176442 -100
-16.703224 9.376239 -100
-16.028941 10.570194 -100
-15.198527 11.652957 -100
-14.368367 12.732673 -100
-13.398071 13.682409 -100
-12.428028 14.630872 -100
-11.336887 15.432343 -100
-10.245747 16.233055 -100
-9.054837 16.872048 -100
-7.863925 17.510535 -100
-6.596598 17.975630 -100
-5.329271 18.440467 -100
-4.010155 18.723026 -100
-2.690784 19.005331 -100
-1.345519 19.100279 -100
0.000000 19.194721 -100
1.345519 19.100279 -100
2.690784 19.005331 -100
4.010155 18.723026 -100
5.329271 18.440467 -100
6.596598 17.975630 -100
7.863925 17.510535 -100
9.054837 16.872048 -100
10.245747 16.233055 -100
11.336887 15.432343 -100
12.428028 14.630872 -100
13.398071 13.682409 -100
14.368367 12.732673 -100
15.198527 11.652957 -100
16.028941 10.570194 -100
16.703224 9.376239 -100
17.377761 8.176442 -100
17.926631 6.901496 -100
-15.621224 6.033257 -100
-15.142675 7.143945 -100
-14.555217 8.188627 -100
-13.967504 9.228230 -100
-13.243970 10.170601 -100
-12.520436 11.110688 -100
-11.675045 11.937800 -100
-10.829652 12.763391 -100
-9.878903 13.461284 -100
-8.928154 14.158418 -100
-7.890327 14.714902 -100
-6.852754 15.270881 -100
-5.748413 15.676059 -100
-4.643818 16.080732 -100
-3.494288 16.326732 -100
-2.344758 16.572735 -100
-1.172379 16.655244 -100
0.000000 16.737752 -100
1.172379 16.655244 -100
2.344758 16.572735 -100
3.494288 16.326732 -100
4.643818 16.080732 -100
5.748413 15.676059 -100
6.852754 15.270881 -100
7.890327 14.714902 -100
8.928154 14.158418 -100
9.878903 13.461284 -100
10.829652 12.763391 -100
11.675045 11.937800 -100
12.520436 11.110688 -100
13.243970 10.170601 -100
13.967504 9.228230 -100
14.555217 8.188627 -100
15.142675 7.143945 -100
15.621224 6.033257 -100
-12.907845 6.054074 -100
-11.906068 7.838029 -100
-10.672506 9.447067 -100
-9.231277 10.858846 -100
-7.610307 12.049758 -100
-5.841330 12.999493 -100
-3.958619 13.690531 -100
-1.998731 14.110436 -100
0.000000 14.251332 -100
1.998731 14.110436 -100
3.958619 13.690531 -100
5.841330 12.999493 -100
7.610307 12.049758 -100
9.231277 10.858846 -100
10.672506 9.447067 -100
11.906068 7.838029 -100
12.907845 6.054074 -100
-10.597868 5.000761 -100
-9.680122 6.401879 -100
-8.762630 7.778370 -100
-7.505459 8.850977 -100
-6.248286 9.911145 -100
-4.749175 10.588221 -100
-3.250064 11.256410 -100
-1.625032 11.490225 -100
0.000000 11.715917 -100
1.625032 11.490225 -100
3.250064 11.256410 -100
4.749175 10.588221 -100
6.248286 9.911145 -100
7.505459 8.850977 -100
8.762630 7.778370 -100
9.680122 6.401879 -100
10.597868 5.000761 -100
-8.287637 3.874079 -100
-7.569941 4.971819 -100
-6.852501 6.058390 -100
-5.869256 6.896420 -100
-4.886266 7.731404 -100
-3.713887 8.258950 -100
-2.541508 8.785733 -100
-1.270881 8.965727 -100
0.000000 9.145721 -100
1.270881 8.965727 -100
2.541508 8.785733 -100
3.713887 8.258950 -100
4.886266 7.731404 -100
5.869256 6.896420 -100
6.852501 6.058390 -100
7.569941 4.971819 -100
8.287637 3.874079 -100
-5.638995 3.304647 -100
-4.921554 4.368623 -100
-4.215537 4.968519 -100
-3.509520 5.566641 -100
-2.667428 5.944656 -100
-1.825336 6.322417 -100
-0.912668 6.451383 -100
0.000000 6.580351 -100
0.912668 6.451383 -100
1.825336 6.322417 -100
2.667428 5.944656 -100
3.509520 5.566641 -100
4.215537 4.968519 -100
4.921554 4.368623 -100
5.638995 3.304647 -100
-2.990607 2.630111 -100
-2.132521 3.363289 -100
-1.109165 3.824575 -100
0.000000 3.981974 -100
1.109165 3.824575 -100
2.132521 3.363289 -100
2.990607 2.630111 -100
