# Active surface commands at 38.866138
# Zero points are Off, FEM corrections are Off
-12.741051 103.255394 -90
-10.929931 103.478548 -79
-9.111958 103.637726 -68
-7.293983 103.797412 -55
-5.471693 103.893116 -42
-3.649150 103.988833 -28
-1.824575 104.021075 -14
0.000000 104.052809 0
1.824575 104.021075 14
3.649150 103.988833 28
5.471693 103.893116 42
7.293983 103.797412 55
9.111958 103.637726 68
10.929931 103.478548 79
12.741051 103.255394 90
-23.048235 99.466362 -102
-21.336126 99.861387 -102
-19.578065 100.204114 -101
-17.820005 100.546840 -97
-16.051028 100.827872 -92
-14.282051 101.109163 -86
-12.504442 101.327749 -78
-10.726834 101.546838 -69
-8.942625 101.703220 -59
-7.158416 101.859863 -48
-5.369891 101.953794 -37
-3.581366 102.047726 -25
-1.790810 102.079205 -12
0.000000 102.110431 0
1.790810 102.079205 12
3.581366 102.047726 25
5.369891 101.953794 37
7.158416 101.859863 48
8.942625 101.703220 59
10.726834 101.546838 69
12.504442 101.327749 78
14.282051 101.109163 86
16.051028 100.827872 92
17.820005 100.546840 97
19.578065 100.204114 101
21.336126 99.861387 102
23.048235 99.466362 102
-29.431075 95.752474 -69
-27.750698 96.268088 -76
-26.053567 96.724041 -81
-24.356436 97.180501 -85
-22.644327 97.566385 -87
-20.932217 97.961664 -87
-19.207413 98.297790 -86
-17.482610 98.634170 -83
-15.747145 98.909623 -79
-14.011678 99.185578 -74
-12.267835 99.400352 -67
-10.523737 99.615127 -60
-8.773292 99.768466 -51
-7.023103 99.922314 -42
-5.268342 100.014472 -32
-3.513582 100.106625 -21
-1.756791 100.137596 -10
0.000000 100.168314 0
1.756791 100.137596 10
3.513582 100.106625 21
5.268342 100.014472 32
7.023103 99.922314 42
8.773292 99.768466 51
10.523737 99.615127 60
12.267835 99.400352 67
14.011678 99.185578 74
15.747145 98.909623 79
17.482610 98.634170 83
19.207413 98.297790 86
20.932217 97.961664 87
22.644327 97.566385 87
24.356436 97.180501 85
26.053567 96.724041 81
27.750698 96.268088 76
29.431075 95.752474 69
-33.758314 92.233310 -27
-32.129727 92.795887 -38
-30.500890 93.358464 -48
-28.853517 93.863672 -56
-27.206144 94.368874 -62
-25.542269 94.816198 -67
-23.878396 95.263517 -71
-22.200051 95.651942 -73
-20.521453 96.040875 -74
-18.830413 96.370399 -73
-17.139629 96.700178 -71
-15.438182 96.970295 -67
-13.736736 97.240672 -63
-12.026910 97.451380 -58
-10.317339 97.661841 -51
-8.601167 97.812391 -44
-6.885250 97.963189 -36
-5.165016 98.053569 -27
-3.444783 98.143942 -18
-1.722264 98.174158 -9
0.000000 98.204367 0
1.722264 98.174158 9
3.444783 98.143942 18
5.165016 98.053569 27
6.885250 97.963189 36
8.601167 97.812391 44
10.317339 97.661841 51
12.026910 97.451380 58
13.736736 97.240672 63
15.438182 96.970295 67
17.139629 96.700178 71
18.830413 96.370399 73
20.521453 96.040875 74
22.200051 95.651942 73
23.878396 95.263517 71
25.542269 94.816198 67
27.206144 94.368874 62
28.853517 93.863672 56
30.500890 93.358464 48
32.129727 92.795887 38
33.758314 92.233310 27
-37.788525 88.513329 18
-36.234578 89.175168 4
-34.658542 89.781925 -7
-33.082762 90.376744 -18
-31.486418 90.928152 -28
-29.890328 91.479560 -37
-28.275959 91.974610 -44
-26.661588 92.469659 -50
-25.030972 92.908096 -55
-23.400355 93.346279 -58
-21.755522 93.727340 -61
-20.110687 94.108401 -61
-18.453669 94.431325 -61
-16.796395 94.754503 -60
-15.129221 95.019296 -57
-13.461793 95.284336 -53
-11.786240 95.490731 -49
-10.110688 95.696877 -43
-8.429043 95.844632 -37
-6.747398 95.992127 -30
-5.061437 96.080728 -23
-3.375730 96.169329 -15
-1.687992 96.199036 -8
0.000000 96.228737 0
1.687992 96.199036 8
3.375730 96.169329 15
5.061437 96.080728 23
6.747398 95.992127 30
8.429043 95.844632 37
10.110688 95.696877 43
11.786240 95.490731 49
13.461793 95.284336 53
15.129221 95.019296 57
16.796395 94.754503 60
18.453669 94.431325 61
20.110687 94.108401 61
21.755522 93.727340 61
23.400355 93.346279 58
25.030972 92.908096 55
26.661588 92.469659 50
28.275959 91.974610 44
29.890328 91.479560 37
31.486418 90.928152 28
33.082762 90.376744 18
34.658542 89.781925 7
36.234578 89.175168 -4
37.788525 88.513329 -18
-39.992131 85.333588 48
-38.525769 86.017008 34
-37.004061 86.665143 21
-35.482357 87.313278 10
-33.939070 87.907589 0
-32.395784 88.501900 -10
-30.832953 89.041885 -19
-29.269864 89.581871 -27
-27.689008 90.067022 -34
-26.108150 90.551913 -40
-24.511297 90.980959 -44
-22.914699 91.410254 -48
-21.303884 91.783444 -50
-19.693322 92.156386 -51
-18.070576 92.472709 -51
-16.447830 92.789286 -50
-14.815182 93.048742 -48
-13.182280 93.308198 -45
-11.541508 93.510279 -41
-9.900736 93.712366 -36
-8.254126 93.856817 -31
-6.607261 94.001522 -26
-4.956588 94.088345 -20
-3.305662 94.175173 -13
-1.652704 94.203857 -6
0.000000 94.233050 0
1.652704 94.203857 6
3.305662 94.175173 13
4.956588 94.088345 20
6.607261 94.001522 26
8.254126 93.856817 31
9.900736 93.712366 36
11.541508 93.510279 41
13.182280 93.308198 45
14.815182 93.048742 48
16.447830 92.789286 50
18.070576 92.472709 51
19.693322 92.156386 51
21.303884 91.783444 50
22.914699 91.410254 48
24.511297 90.980959 44
26.108150 90.551913 40
27.689008 90.067022 34
29.269864 89.581871 27
30.832953 89.041885 19
32.395784 88.501900 10
33.939070 87.907589 0
35.482357 87.313278 -10
37.004061 86.665143 -21
38.525769 86.017008 -34
39.992131 85.333588 -48
-43.525259 81.348821 85
-42.083525 82.085805 72
-40.641787 82.823303 59
-39.175425 83.498858 47
-37.709063 84.182532 35
-36.219597 84.816957 24
-34.730135 85.451382 14
-33.219599 86.033253 4
-31.709064 86.614877 -4
-30.179234 87.143439 -12
-28.649403 87.671995 -19
-27.102058 88.146988 -25
-25.554709 88.621479 -31
-23.991623 89.041631 -35
-22.428788 89.461790 -38
-20.852247 89.827114 -40
-19.275705 90.192179 -41
-17.687485 90.501901 -42
-16.099010 90.811629 -41
-14.500889 91.065755 -39
-12.902767 91.319626 -37
-11.297029 91.517387 -34
-9.691039 91.715154 -30
-8.078954 91.856816 -26
-6.467124 91.998224 -21
-4.851485 92.083268 -16
-3.235593 92.168317 -11
-1.617669 92.196493 -5
0.000000 92.224930 0
1.617669 92.196493 5
3.235593 92.168317 11
4.851485 92.083268 16
6.467124 91.998224 21
8.078954 91.856816 26
9.691039 91.715154 30
11.297029 91.517387 34
12.902767 91.319626 37
14.500889 91.065755 39
16.099010 90.811629 41
17.687485 90.501901 42
19.275705 90.192179 41
20.852247 89.827114 40
22.428788 89.461790 38
23.991623 89.041631 35
25.554709 88.621479 31
27.102058 88.146988 25
28.649403 87.671995 19
30.179234 87.143439 12
31.709064 86.614877 4
33.219599 86.033253 -4
34.730135 85.451382 -14
36.219597 84.816957 -24
37.709063 84.182532 -35
39.175425 83.498858 -47
40.641787 82.823303 -59
42.083525 82.085805 -72
43.525259 81.348821 -85
-45.334856 78.006345 100
-43.951002 78.776593 89
-42.566894 79.546588 78
-41.156894 80.267326 67
-39.747144 80.988573 56
-38.313024 81.659560 46
-36.878650 82.331049 35
-35.422189 82.951255 26
-33.965474 83.571716 16
-32.488194 84.140900 8
-31.010917 84.710078 0
-29.514851 85.226957 -6
-28.018533 85.744096 -13
-26.505205 86.208174 -18
-24.992130 86.672506 -23
-23.463569 87.083523 -27
-21.935009 87.494540 -30
-20.393246 87.851739 -32
-18.851231 88.208683 -33
-17.298045 88.511805 -34
-15.744605 88.814672 -33
-14.181772 89.063213 -32
-12.618685 89.311500 -30
-11.048236 89.505201 -28
-9.477533 89.698400 -25
-7.901244 89.836759 -22
-6.324702 89.975371 -18
-4.744605 90.058388 -13
-3.164255 90.141404 -9
-1.582127 90.169079 -4
0.000000 90.197001 0
1.582127 90.169079 4
3.164255 90.141404 9
4.744605 90.058388 13
6.324702 89.975371 18
7.901244 89.836759 22
9.477533 89.698400 25
11.048236 89.505201 28
12.618685 89.311500 30
14.181772 89.063213 32
15.744605 88.814672 33
17.298045 88.511805 34
18.851231 88.208683 33
20.393246 87.851739 32
21.935009 87.494540 30
23.463569 87.083523 27
24.992130 86.672506 23
26.505205 86.208174 18
28.018533 85.744096 13
29.514851 85.226957 6
31.010917 84.710078 0
32.488194 84.140900 -8
33.965474 83.571716 -16
35.422189 82.951255 -26
36.878650 82.331049 -35
38.313024 81.659560 -46
39.747144 80.988573 -56
41.156894 80.267326 -67
42.566894 79.546588 -78
43.951002 78.776593 -89
45.334856 78.006345 -100
-46.965981 74.651943 108
-45.640265 75.489211 99
-44.314294 76.238640 90
-42.961412 76.991367 81
-41.608529 77.744100 72
-40.230517 78.448847 62
-38.852247 79.153843 53
-37.450369 79.809849 44
-36.048488 80.466110 35
-34.624778 81.072606 26
-33.200813 81.679357 18
-31.756792 82.235593 11
-30.312770 82.791823 4
-28.850217 83.297286 -1
-27.387663 83.802742 -7
-25.908606 84.256407 -12
-24.429297 84.710332 -16
-22.935262 85.111959 -20
-21.441229 85.513833 -23
-19.933994 85.863161 -25
-18.427013 86.211980 -26
-16.908607 86.508252 -27
-15.390200 86.804518 -27
-13.862401 87.047475 -26
-12.334602 87.290172 -24
-10.799442 87.479311 -23
-9.264281 87.668444 -20
-7.723280 87.803753 -17
-6.182534 87.939069 -14
-4.637725 88.020307 -11
-3.093171 88.101550 -7
-1.546585 88.128456 -3
0.000000 88.155622 0
1.546585 88.128456 3
3.093171 88.101550 7
4.637725 88.020307 11
6.182534 87.939069 14
7.723280 87.803753 17
9.264281 87.668444 20
10.799442 87.479311 23
12.334602 87.290172 24
13.862401 87.047475 26
15.390200 86.804518 27
16.908607 86.508252 27
18.427013 86.211980 26
19.933994 85.863161 25
21.441229 85.513833 23
22.935262 85.111959 20
24.429297 84.710332 16
25.908606 84.256407 12
27.387663 83.802742 7
28.850217 83.297286 1
30.312770 82.791823 -4
31.756792 82.235593 -11
33.200813 81.679357 -18
34.624778 81.072606 -26
36.048488 80.466110 -35
37.450369 79.809849 -44
38.852247 79.153843 -53
40.230517 78.448847 -62
41.608529 77.744100 -72
42.961412 76.991367 -81
44.314294 76.238640 -90
45.640265 75.489211 -99
46.965981 74.651943 -108
-47.107389 72.095458 101
-45.870779 72.898959 95
-45.226199 73.294493 91
-44.575780 73.680122 88
-43.280781 74.461285 80
-41.959635 75.196496 73
-41.301599 75.569178 69
-40.638233 75.931707 65
-39.292205 76.620210 57
-37.946178 77.308960 49
-37.264025 77.634680 45
-36.577051 77.949478 41
-35.207920 78.590503 34
-33.817214 79.183042 26
-33.124143 79.484638 23
-32.426505 79.775580 19
-31.016247 80.318863 13
-29.605739 80.862400 7
-28.893628 81.114746 4
-28.177457 81.356179 1
-26.748921 81.849710 -3
-25.304392 82.292968 -7
-24.583650 82.520182 -9
-23.859609 82.736227 -11
-22.400355 83.128711 -14
-20.941102 83.521196 -17
-20.206397 83.697381 -18
-19.469155 83.862150 -19
-17.997207 84.203097 -20
-16.514344 84.492509 -21
-15.773801 84.642805 -21
-15.031227 84.781672 -21
-13.539223 85.019038 -20
-12.046966 85.256156 -19
-11.298045 85.354147 -19
-10.547601 85.440721 -18
-9.048236 85.625795 -16
-7.543285 85.757807 -14
-6.791318 85.829654 -13
-6.038335 85.890073 -12
-4.529576 85.969284 -9
-3.021071 86.048742 -6
-2.265804 86.067529 -4
-1.510536 86.075146 -3
0.000000 86.101295 0
1.510536 86.075146 3
2.265804 86.067529 4
3.021071 86.048742 6
4.529576 85.969284 9
6.038335 85.890073 12
6.791318 85.829654 13
7.543285 85.757807 14
9.048236 85.625795 16
10.547601 85.440721 18
11.298045 85.354147 19
12.046966 85.256156 19
13.539223 85.019038 20
15.031227 84.781672 21
15.773801 84.642805 21
16.514344 84.492509 21
17.997207 84.203097 20
19.469155 83.862150 19
20.206397 83.697381 18
20.941102 83.521196 17
22.400355 83.128711 14
23.859609 82.736227 11
24.583650 82.520182 9
25.304392 82.292968 7
26.748921 81.849710 3
28.177457 81.356179 -1
28.893628 81.114746 -4
29.605739 80.862400 -7
31.016247 80.318863 -13
32.426505 79.775580 -19
33.124143 79.484638 -23
33.817214 79.183042 -26
35.207920 78.590503 -34
36.577051 77.949478 -41
37.264025 77.634680 -45
37.946178 77.308960 -49
39.292205 76.620210 -57
40.638233 75.931707 -65
41.301599 75.569178 -69
41.959635 75.196496 -73
43.280781 74.461285 -80
44.575780 73.680122 -88
45.226199 73.294493 -91
45.870779 72.898959 -95
47.107389 72.095458 -101
-49.664637 67.850213 98
-47.856056 69.128712 94
-46.012187 70.342728 87
-44.146231 71.532112 79
-42.247271 72.671237 71
-40.315563 73.752726 61
-38.353897 74.778879 51
-36.374207 75.768978 42
-34.367098 76.702210 32
-32.333079 77.575017 23
-30.275452 78.389439 14
-28.203603 79.166289 6
-26.110180 79.883978 0
-23.996699 80.538459 -5
-21.865449 81.132522 -9
-19.724041 81.687482 -13
-17.567402 82.181515 -15
-15.397309 82.610562 -16
-13.215791 82.977659 -16
-11.028180 83.304897 -15
-8.832191 83.569943 -13
-6.629094 83.769229 -10
-4.421427 83.905561 -7
-2.211729 84.001525 -3
0.000000 84.034523 0
2.211729 84.001525 3
4.421427 83.905561 7
6.629094 83.769229 10
8.832191 83.569943 13
11.028180 83.304897 15
13.215791 82.977659 16
15.397309 82.610562 16
17.567402 82.181515 15
19.724041 81.687482 13
21.865449 81.132522 9
23.996699 80.538459 5
26.110180 79.883978 0
28.203603 79.166289 -6
30.275452 78.389439 -14
32.333079 77.575017 -23
34.367098 76.702210 -32
36.374207 75.768978 -42
38.353897 74.778879 -51
40.315563 73.752726 -61
42.247271 72.671237 -71
44.146231 71.532112 -79
46.012187 70.342728 -87
47.856056 69.128712 -94
49.664637 67.850213 -98
-49.543539 65.365829 82
-48.424472 66.143181 81
-46.661081 67.389946 78
-44.863164 68.586440 74
-43.043920 69.749173 68
-41.192433 70.860115 61
-39.308708 71.914953 54
-37.396294 72.915458 46
-35.465854 73.880932 38
-33.509014 74.791064 30
-31.525769 75.642042 22
-29.519676 76.436407 15
-27.499364 77.193702 8
-25.458238 77.893627 2
-23.397309 78.531858 -2
-21.319625 79.110940 -6
-19.231532 79.652196 -9
-17.128713 80.134044 -11
-15.012693 80.552423 -12
-12.885758 80.910639 -12
-10.752983 81.229751 -11
-8.611576 81.487943 -10
-6.463570 81.682152 -8
-4.310993 81.815180 -5
-2.156385 81.908603 -2
0.000000 81.941100 0
2.156385 81.908603 2
4.310993 81.815180 5
6.463570 81.682152 8
8.611576 81.487943 10
10.752983 81.229751 11
12.885758 80.910639 12
15.012693 80.552423 12
17.128713 80.134044 11
19.231532 79.652196 9
21.319625 79.110940 6
23.397309 78.531858 2
25.458238 77.893627 -2
27.499364 77.193702 -8
29.519676 76.436407 -15
31.525769 75.642042 -22
33.509014 74.791064 -30
35.465854 73.880932 -38
37.396294 72.915458 -46
39.308708 71.914953 -54
41.192433 70.860115 -61
43.043920 69.749173 -68
44.863164 68.586440 -74
46.661081 67.389946 -78
48.424472 66.143181 -81
49.543539 65.365829 -82
-50.511044 61.871792 63
-48.865955 63.241688 65
-47.184310 64.435894 66
-45.466109 65.651435 64
-43.714141 66.816957 61
-41.941608 67.950243 57
-40.137345 69.032748 52
-38.302106 70.060674 46
-36.438438 71.035798 40
-34.557501 71.976387 33
-32.650672 72.863673 27
-30.718456 73.692816 20
-28.763646 74.466870 14
-26.795125 75.205130 9
-24.806296 75.887026 4
-22.798173 76.508757 0
-20.773547 77.073367 -3
-18.739020 77.600659 -5
-16.690022 78.070067 -7
-14.628333 78.477786 -8
-12.555725 78.826859 -9
-10.477532 79.137852 -8
-8.390962 79.389691 -7
-6.298045 79.578830 -6
-4.200559 79.708301 -4
-2.101295 79.799443 -2
0.000000 79.831177 0
2.101295 79.799443 2
4.200559 79.708301 4
6.298045 79.578830 6
8.390962 79.389691 7
10.477532 79.137852 8
12.555725 78.826859 9
14.628333 78.477786 8
16.690022 78.070067 7
18.739020 77.600659 5
20.773547 77.073367 3
22.798173 76.508757 0
24.806296 75.887026 -4
26.795125 75.205130 -9
28.763646 74.466870 -14
30.718456 73.692816 -20
32.650672 72.863673 -27
34.557501 71.976387 -33
36.438438 71.035798 -40
38.302106 70.060674 -46
40.137345 69.032748 -52
41.941608 67.950243 -57
43.714141 66.816957 -61
45.466109 65.651435 -64
47.184310 64.435894 -66
48.865955 63.241688 -65
50.511044 61.871792 -63
-51.221884 58.386649 41
-49.161462 60.205382 46
-47.560295 61.484390 50
-45.923837 62.716931 51
-44.251334 63.899975 51
-42.546332 65.034526 50
-40.821019 66.137850 47
-39.064992 67.191417 43
-37.278752 68.191929 39
-35.464838 69.141152 34
-33.634425 70.057122 29
-31.778370 70.920286 24
-29.897691 71.727598 19
-27.995176 72.481087 14
-26.079208 73.199799 9
-24.143438 73.863162 5
-22.189135 74.468649 1
-20.218583 75.018278 -1
-18.238132 75.531606 -3
-16.244224 75.988574 -5
-14.237370 76.385379 -6
-12.220360 76.724802 -6
-10.197512 77.027669 -6
-8.166794 77.272659 -5
-6.129728 77.456715 -4
-4.088347 77.582889 -3
-2.045189 77.671744 -1
0.000000 77.702461 0
2.045189 77.671744 1
4.088347 77.582889 3
6.129728 77.456715 4
8.166794 77.272659 5
10.197512 77.027669 6
12.220360 76.724802 6
14.237370 76.385379 6
16.244224 75.988574 5
18.238132 75.531606 3
20.218583 75.018278 1
22.189135 74.468649 -1
24.143438 73.863162 -5
26.079208 73.199799 -9
27.995176 72.481087 -14
29.897691 71.727598 -19
31.778370 70.920286 -24
33.634425 70.057122 -29
35.464838 69.141152 -34
37.278752 68.191929 -39
39.064992 67.191417 -43
40.821019 66.137850 -47
42.546332 65.034526 -50
44.251334 63.899975 -51
45.923837 62.716931 -51
47.560295 61.484390 -50
49.161462 60.205382 -46
51.221884 58.386649 -41
-50.844123 55.968014 17
-49.346281 57.283826 25
-47.811883 58.538972 32
-46.254887 59.782942 36
-44.663113 60.981723 38
-43.036557 62.132518 39
-41.378269 63.235849 39
-39.700433 64.309213 38
-37.992638 65.333841 35
-36.255394 66.307187 32
-34.491495 67.230514 29
-32.711094 68.121352 25
-30.906068 68.960901 21
-29.076922 69.746384 17
-27.226706 70.479054 13
-25.363290 71.177963 9
-23.480832 71.823556 6
-21.580096 72.412289 3
-19.663366 72.946938 0
-17.737497 73.446307 -1
-15.798172 73.890583 -2
-13.846661 74.276720 -3
-11.884996 74.607007 -4
-9.917746 74.901495 -4
-7.942625 75.139629 -4
-5.961412 75.318864 -3
-3.976136 75.441480 -2
-1.989083 75.527800 -1
0.000000 75.557755 0
1.989083 75.527800 1
3.976136 75.441480 2
5.961412 75.318864 3
7.942625 75.139629 4
9.917746 74.901495 4
11.884996 74.607007 4
13.846661 74.276720 3
15.798172 73.890583 2
17.737497 73.446307 1
19.663366 72.946938 0
21.580096 72.412289 -3
23.480832 71.823556 -6
25.363290 71.177963 -9
27.226706 70.479054 -13
29.076922 69.746384 -17
30.906068 68.960901 -21
32.711094 68.121352 -25
34.491495 67.230514 -29
36.255394 66.307187 -32
37.992638 65.333841 -35
39.700433 64.309213 -38
41.378269 63.235849 -39
43.036557 62.132518 -39
44.663113 60.981723 -38
46.254887 59.782942 -36
47.811883 58.538972 -32
49.346281 57.283826 -25
50.844123 55.968014 -17
-51.183549 52.517642 -6
-49.385378 54.348058 3
-47.930439 55.626050 12
-46.440214 56.862149 18
-44.927645 58.070320 23
-43.381824 59.235340 27
-41.801979 60.353137 29
-40.191165 61.425236 29
-38.561311 62.467634 29
-36.902767 63.463571 28
-35.215283 64.408735 26
-33.501904 65.305659 23
-31.772532 66.171109 20
-30.019293 66.986801 17
-28.242701 67.749680 14
-26.445543 68.461537 11
-24.635695 69.140389 8
-22.807058 69.767451 6
-20.960904 70.339424 3
-19.099264 70.858590 1
-17.228739 71.343742 0
-15.345011 71.775323 -1
-13.449353 72.150546 -2
-11.544047 72.471437 -2
-9.633156 72.757297 -2
-7.714649 72.988830 -2
-5.790556 73.162983 -2
-3.862148 73.282053 -1
-1.931962 73.365826 0
0.000000 73.395025 0
1.931962 73.365826 0
3.862148 73.282053 1
5.790556 73.162983 2
7.714649 72.988830 2
9.633156 72.757297 2
11.544047 72.471437 2
13.449353 72.150546 2
15.345011 71.775323 1
17.228739 71.343742 0
19.099264 70.858590 -1
20.960904 70.339424 -3
22.807058 69.767451 -6
24.635695 69.140389 -8
26.445543 68.461537 -11
28.242701 67.749680 -14
30.019293 66.986801 -17
31.772532 66.171109 -20
33.501904 65.305659 -23
35.215283 64.408735 -26
36.902767 63.463571 -28
38.561311 62.467634 -29
40.191165 61.425236 -29
41.801979 60.353137 -29
43.381824 59.235340 -27
44.927645 58.070320 -23
46.440214 56.862149 -18
47.930439 55.626050 -12
49.385378 54.348058 -3
51.183549 52.517642 6
-50.639250 50.142676 -29
-49.301345 51.358721 -17
-47.926884 52.727848 -7
-46.514851 53.968522 0
-45.068545 55.168319 7
-43.600661 56.340950 12
-42.100278 57.471695 16
-40.567148 58.556487 19
-39.004062 59.597107 20
-37.422441 60.609035 21
-35.812644 61.575526 21
-34.175172 62.493021 20
-32.512314 63.363541 18
-30.833969 64.203604 16
-29.132776 64.995174 14
-27.408479 65.735722 12
-25.664381 66.426505 10
-23.907844 67.085555 7
-22.133537 67.694084 5
-20.341711 68.249304 3
-18.535161 68.753235 2
-16.719727 69.223914 0
-14.891851 69.643056 0
-13.052044 70.007110 -1
-11.203097 70.318611 -1
-9.348565 70.596091 -1
-7.486926 70.820764 -1
-5.619447 70.989846 -1
-3.747906 71.105359 -1
-1.874841 71.186851 0
0.000000 71.215027 0
1.874841 71.186851 0
3.747906 71.105359 1
5.619447 70.989846 1
7.486926 70.820764 1
9.348565 70.596091 1
11.203097 70.318611 1
13.052044 70.007110 1
14.891851 69.643056 0
16.719727 69.223914 0
18.535161 68.753235 -2
20.341711 68.249304 -3
22.133537 67.694084 -5
23.907844 67.085555 -7
25.664381 66.426505 -10
27.408479 65.735722 -12
29.132776 64.995174 -14
30.833969 64.203604 -16
32.512314 63.363541 -18
34.175172 62.493021 -20
35.812644 61.575526 -21
37.422441 60.609035 -21
39.004062 59.597107 -20
40.567148 58.556487 -19
42.100278 57.471695 -16
43.600661 56.340950 -12
45.068545 55.168319 -7
46.514851 53.968522 0
47.926884 52.727848 7
49.301345 51.358721 17
50.639250 50.142676 29
-50.729118 46.764663 -51
-49.072861 48.576290 -38
-47.776340 49.856816 -26
-46.444274 51.100024 -17
-45.076163 52.302614 -8
-43.674536 53.465347 -1
-42.252096 54.601930 3
-40.798173 55.697891 7
-39.312516 56.749432 10
-37.797664 57.758063 13
-36.265041 58.738765 14
-34.705002 59.675555 14
-33.118051 60.564862 14
-31.506729 61.408730 13
-29.880426 62.222644 12
-28.231532 62.989843 11
-26.560802 63.707538 9
-24.870526 64.377255 8
-23.168316 65.015739 6
-21.448845 65.605737 5
-19.712617 66.143689 3
-17.961920 66.632137 2
-16.202589 67.088350 1
-14.431074 67.494544 0
-12.648388 67.847169 0
-10.856563 68.149020 0
-9.059406 68.417872 -1
-7.255395 68.635696 -1
-5.445545 68.799442 0
-3.632140 68.911651 0
-1.816959 68.990354 0
0.000000 69.017774 0
1.816959 68.990354 0
3.632140 68.911651 0
5.445545 68.799442 0
7.255395 68.635696 1
9.059406 68.417872 1
10.856563 68.149020 0
12.648388 67.847169 0
14.431074 67.494544 0
16.202589 67.088350 -1
17.961920 66.632137 -2
19.712617 66.143689 -3
21.448845 65.605737 -5
23.168316 65.015739 -6
24.870526 64.377255 -8
26.560802 63.707538 -9
28.231532 62.989843 -11
29.880426 62.222644 -12
31.506729 61.408730 -13
33.118051 60.564862 -14
34.705002 59.675555 -14
36.265041 58.738765 -14
37.797664 57.758063 -13
39.312516 56.749432 -10
40.798173 55.697891 -7
42.252096 54.601930 -3
43.674536 53.465347 1
45.076163 52.302614 8
46.444274 51.100024 17
47.776340 49.856816 26
49.072861 48.576290 38
50.729118 46.764663 51
-49.935262 44.467630 -70
-48.739019 45.657526 -56
-48.335871 46.175425 -52
-47.506474 47.009900 -44
-46.677329 47.844376 -37
-46.251586 48.250062 -33
-44.961921 49.453668 -24
-43.637217 50.617922 -16
-43.191926 51.001522 -14
-42.280529 51.743842 -9
-41.369130 52.485908 -6
-40.903527 52.844378 -4
-39.496065 53.905562 0
-38.057628 54.923837 3
-37.574764 55.258184 4
-36.591266 55.900480 6
-35.607768 56.542522 7
-35.107388 56.849964 8
-33.597360 57.756792 9
-32.060929 58.617922 9
-31.546077 58.899722 9
-30.501141 59.434879 9
-29.456208 59.969788 9
-28.926632 60.223152 9
-27.330542 60.965980 8
-25.713126 61.660829 7
-25.171617 61.887027 7
-24.076669 62.309218 6
-22.981975 62.731404 5
-22.429042 62.927392 5
-20.764154 63.498603 4
-19.083270 64.019548 3
-18.521452 64.187359 2
-17.388677 64.492514 2
-16.255903 64.797159 1
-15.685453 64.934248 1
-13.970551 65.327494 0
-12.244732 65.668950 0
-11.668190 65.776846 0
-10.510028 65.961157 0
-9.351612 66.145468 0
-8.770246 66.221629 0
-7.023864 66.432598 0
-5.271897 66.591013 0
-4.687230 66.637982 0
-3.516121 66.699671 0
-2.345011 66.761106 0
-1.758822 66.775833 0
0.000000 66.802236 0
1.758822 66.775833 0
2.345011 66.761106 0
3.516121 66.699671 0
4.687230 66.637982 0
5.271897 66.591013 0
7.023864 66.432598 0
8.770246 66.221629 0
9.351612 66.145468 0
10.510028 65.961157 0
11.668190 65.776846 0
12.244732 65.668950 0
13.970551 65.327494 0
15.685453 64.934248 -1
16.255903 64.797159 -1
17.388677 64.492514 -2
18.521452 64.187359 -2
19.083270 64.019548 -3
20.764154 63.498603 -4
22.429042 62.927392 -5
22.981975 62.731404 -5
24.076669 62.309218 -6
25.171617 61.887027 -7
25.713126 61.660829 -7
27.330542 60.965980 -8
28.926632 60.223152 -9
29.456208 59.969788 -9
30.501141 59.434879 -9
31.546077 58.899722 -9
32.060929 58.617922 -9
33.597360 57.756792 -9
35.107388 56.849964 -8
35.607768 56.542522 -7
36.591266 55.900480 -6
37.574764 55.258184 -4
38.057628 54.923837 -3
39.496065 53.905562 0
40.903527 52.844378 4
41.369130 52.485908 6
42.280529 51.743842 9
43.191926 51.001522 14
43.637217 50.617922 16
44.961921 49.453668 24
46.251586 48.250062 33
46.677329 47.844376 37
47.506474 47.009900 44
48.335871 46.175425 52
48.739019 45.657526 56
49.935262 44.467630 70
-49.675551 41.290681 -90
-48.268851 42.967250 -72
-46.694086 44.614369 -56
-45.119574 46.250319 -42
-43.434883 47.781924 -30
-41.750446 49.302870 -20
-39.964203 50.712111 -12
-38.177963 52.110431 -6
-36.298554 53.390710 -1
-34.419397 54.659813 1
-32.456206 55.804770 4
-30.493273 56.938565 5
-28.455699 57.942876 5
-26.418380 58.936024 5
-24.316578 59.794874 4
-22.215029 60.642802 4
-20.059152 61.351863 3
-17.903276 62.050264 2
-15.703732 62.606501 1
-13.504189 63.152325 0
-11.271896 63.552935 0
-9.039604 63.943386 0
-6.785224 64.186343 0
-4.530845 64.419141 0
-2.265296 64.503936 0
0.000000 64.578065 0
2.265296 64.503936 0
4.530845 64.419141 0
6.785224 64.186343 0
9.039604 63.943386 0
11.271896 63.552935 0
13.504189 63.152325 0
15.703732 62.606501 -1
17.903276 62.050264 -2
20.059152 61.351863 -3
22.215029 60.642802 -4
24.316578 59.794874 -4
26.418380 58.936024 -5
28.455699 57.942876 -5
30.493273 56.938565 -5
32.456206 55.804770 -4
34.419397 54.659813 -1
36.298554 53.390710 1
38.177963 52.110431 6
39.964203 50.712111 12
41.750446 49.302870 20
43.434883 47.781924 30
45.119574 46.250319 42
46.694086 44.614369 56
48.268851 42.967250 72
49.675551 41.290681 90
-48.009138 39.790047 -88
-46.602438 41.466616 -72
-45.082001 43.052042 -58
-43.561818 44.636964 -45
-41.935262 46.111194 -34
-40.308962 47.584920 -25
-38.584411 48.940849 -17
-36.859864 50.296269 -11
-35.045442 51.527292 -6
-33.231022 52.758058 -2
-31.335620 53.858339 0
-29.440468 54.958621 1
-27.473472 55.923078 2
-25.506220 56.887536 3
-23.477025 57.711602 2
-21.448084 58.535668 2
-19.366590 59.215029 2
-17.285097 59.894643 1
-15.161715 60.426757 1
-13.038081 60.958871 0
-10.882712 61.340695 0
-8.727596 61.722518 0
-6.550901 61.952273 0
-4.374460 62.182282 0
-2.187103 62.258698 0
0.000000 62.335616 0
2.187103 62.258698 0
4.374460 62.182282 0
6.550901 61.952273 0
8.727596 61.722518 0
10.882712 61.340695 0
13.038081 60.958871 0
15.161715 60.426757 -1
17.285097 59.894643 -1
19.366590 59.215029 -2
21.448084 58.535668 -2
23.477025 57.711602 -2
25.506220 56.887536 -3
27.473472 55.923078 -2
29.440468 54.958621 -1
31.335620 53.858339 0
33.231022 52.758058 2
35.045442 51.527292 6
36.859864 50.296269 11
38.584411 48.940849 17
40.308962 47.584920 25
41.935262 46.111194 34
43.561818 44.636964 45
45.082001 43.052042 58
46.602438 41.466616 72
48.009138 39.790047 88
-47.614116 36.703986 -100
-46.258695 38.332065 -85
-44.903021 39.959889 -71
-43.438183 41.487940 -58
-41.973342 43.015486 -46
-40.406448 44.436150 -36
-38.839299 45.856564 -28
-37.177457 47.163240 -20
-35.515866 48.469407 -14
-33.767707 49.655749 -10
-32.019294 50.841839 -6
-30.193198 51.902261 -3
-28.366844 52.962426 -1
-26.471693 53.892106 0
-24.576288 54.821272 0
-22.621223 55.615383 1
-20.665906 56.409240 1
-18.660321 57.064230 1
-16.654988 57.719220 1
-14.608784 58.231785 0
-12.562579 58.744604 0
-10.485910 59.112209 0
-8.409241 59.480069 0
-6.312008 59.701698 0
-4.215029 59.923328 0
-2.107388 59.997208 0
0.000000 60.071083 0
2.107388 59.997208 0
4.215029 59.923328 0
6.312008 59.701698 0
8.409241 59.480069 0
10.485910 59.112209 0
12.562579 58.744604 0
14.608784 58.231785 0
16.654988 57.719220 -1
18.660321 57.064230 -1
20.665906 56.409240 -1
22.621223 55.615383 -1
24.576288 54.821272 0
26.471693 53.892106 0
28.366844 52.962426 1
30.193198 51.902261 3
32.019294 50.841839 6
33.767707 49.655749 10
35.515866 48.469407 14
37.177457 47.163240 20
38.839299 45.856564 28
40.406448 44.436150 36
41.973342 43.015486 46
43.438183 41.487940 58
44.903021 39.959889 71
46.258695 38.332065 85
47.614116 36.703986 100
-47.004824 33.664383 -106
-45.812136 35.296013 -93
-44.507998 36.863164 -79
-43.203860 38.429805 -67
-41.794365 39.900481 -56
-40.385124 41.370652 -46
-38.877380 42.738003 -37
-37.369383 44.104850 -29
-35.770754 45.362527 -23
-34.171872 46.619446 -17
-32.489719 47.761359 -12
-30.807820 48.902768 -8
-29.050522 49.923330 -6
-27.293475 50.943642 -3
-25.469916 51.838031 -2
-23.646357 52.732416 -1
-21.765169 53.496572 0
-19.883980 54.260728 0
-17.954302 54.890833 0
-16.024626 55.521198 0
-14.055851 56.014468 0
-12.087332 56.507745 0
-10.089109 56.861895 0
-8.091140 57.215790 0
-6.073115 57.429040 0
-4.055344 57.642042 0
-2.027672 57.713381 0
0.000000 57.784460 0
2.027672 57.713381 0
4.055344 57.642042 0
6.073115 57.429040 0
8.091140 57.215790 0
10.089109 56.861895 0
12.087332 56.507745 0
14.055851 56.014468 0
16.024626 55.521198 0
17.954302 54.890833 0
19.883980 54.260728 0
21.765169 53.496572 0
23.646357 52.732416 1
25.469916 51.838031 2
27.293475 50.943642 3
29.050522 49.923330 6
30.807820 48.902768 8
32.489719 47.761359 12
34.171872 46.619446 17
35.770754 45.362527 23
37.369383 44.104850 29
38.877380 42.738003 37
40.385124 41.370652 46
41.794365 39.900481 56
43.203860 38.429805 67
44.507998 36.863164 79
45.812136 35.296013 93
47.004824 33.664383 106
-45.128205 32.300837 -95
-43.983244 33.890834 -84
-42.731151 35.396040 -73
-41.478801 36.900483 -62
-40.125668 38.312770 -53
-38.772531 39.725058 -44
-37.324955 41.037826 -36
-35.877379 42.350598 -29
-34.342473 43.558010 -23
-32.807566 44.765170 -18
-31.192436 45.861640 -14
-29.577559 46.957604 -10
-27.890581 47.937548 -7
-26.203860 48.917237 -5
-24.452907 49.776087 -3
-22.702208 50.634679 -2
-20.896166 51.368622 -1
-19.089871 52.102058 0
-17.237369 52.707283 0
-15.384870 53.312261 0
-13.494796 53.785729 0
-11.604722 54.259457 0
-9.686215 54.599643 0
-7.767962 54.939326 0
-5.830668 55.143948 0
-3.893374 55.348564 0
-1.946687 55.416860 0
0.000000 55.485404 0
1.946687 55.416860 0
3.893374 55.348564 0
5.830668 55.143948 0
7.767962 54.939326 0
9.686215 54.599643 0
11.604722 54.259457 0
13.494796 53.785729 0
15.384870 53.312261 0
17.237369 52.707283 0
19.089871 52.102058 0
20.896166 51.368622 1
22.702208 50.634679 2
24.452907 49.776087 3
26.203860 48.917237 5
27.890581 47.937548 7
29.577559 46.957604 10
31.192436 45.861640 14
32.807566 44.765170 18
34.342473 43.558010 23
35.877379 42.350598 29
37.324955 41.037826 36
38.772531 39.725058 44
40.125668 38.312770 53
41.478801 36.900483 62
42.731151 35.396040 73
43.983244 33.890834 84
45.128205 32.300837 95
-44.348820 29.412289 -92
-43.251334 30.937294 -83
-42.154099 32.461793 -74
-40.954051 33.905053 -65
-39.753999 35.347295 -56
-38.456967 36.701448 -48
-37.160193 38.055344 -41
-35.772784 39.313784 -34
-34.385376 40.572481 -28
-32.914191 41.729880 -23
-31.443007 42.887280 -18
-29.895404 43.938309 -14
-28.347550 44.989083 -11
-26.730898 45.928408 -8
-25.113988 46.867733 -6
-23.436152 47.691040 -4
-21.758060 48.514343 -3
-20.027164 49.217569 -2
-18.296014 49.920792 -1
-16.520436 50.501142 0
-14.745113 51.080984 0
-12.933486 51.534906 0
-11.122112 51.989083 0
-9.283574 52.315053 0
-7.445037 52.640772 0
-5.588220 52.837014 0
-3.731658 53.033003 0
-1.865702 53.098503 0
0.000000 53.164252 0
1.865702 53.098503 0
3.731658 53.033003 0
5.588220 52.837014 0
7.445037 52.640772 0
9.283574 52.315053 0
11.122112 51.989083 0
12.933486 51.534906 0
14.745113 51.080984 0
16.520436 50.501142 0
18.296014 49.920792 1
20.027164 49.217569 2
21.758060 48.514343 3
23.436152 47.691040 4
25.113988 46.867733 6
26.730898 45.928408 8
28.347550 44.989083 11
29.895404 43.938309 14
31.443007 42.887280 18
32.914191 41.729880 23
34.385376 40.572481 28
35.772784 39.313784 34
37.160193 38.055344 41
38.456967 36.701448 48
39.753999 35.347295 56
40.954051 33.905053 65
42.154099 32.461793 74
43.251334 30.937294 83
44.348820 29.412289 92
-43.298554 26.677836 -83
-42.396293 28.121603 -77
-41.347297 29.580602 -70
-40.298298 31.038588 -63
-39.151054 32.418633 -56
-38.003807 33.798171 -49
-36.764154 35.092915 -43
-35.524246 36.387409 -37
-34.198021 37.591012 -31
-32.871794 38.794364 -26
-31.465348 39.900989 -21
-30.058899 41.007617 -17
-28.579335 42.012440 -14
-27.099771 43.017011 -11
-25.553948 43.915206 -8
-24.008378 44.813152 -6
-22.404418 45.600154 -5
-20.800203 46.387156 -3
-19.145469 47.059661 -2
-17.490734 47.731913 -1
-15.793348 48.286621 -1
-14.095963 48.841076 0
-12.364052 49.275196 0
-10.632394 49.709318 0
-8.874841 50.020562 0
-7.117289 50.332063 0
-5.342219 50.519674 0
-3.567403 50.707286 0
-1.783702 50.769737 0
0.000000 50.832446 0
1.783702 50.769737 0
3.567403 50.707286 0
5.342219 50.519674 0
7.117289 50.332063 0
8.874841 50.020562 0
10.632394 49.709318 0
12.364052 49.275196 0
14.095963 48.841076 0
15.793348 48.286621 1
17.490734 47.731913 1
19.145469 47.059661 2
20.800203 46.387156 3
22.404418 45.600154 5
24.008378 44.813152 6
25.553948 43.915206 8
27.099771 43.017011 11
28.579335 42.012440 14
30.058899 41.007617 17
31.465348 39.900989 21
32.871794 38.794364 26
34.198021 37.591012 31
35.524246 36.387409 37
36.764154 35.092915 43
38.003807 33.798171 49
39.151054 32.418633 56
40.298298 31.038588 63
41.347297 29.580602 70
42.396293 28.121603 77
43.298554 26.677836 83
-41.346281 25.361005 -66
-40.444020 26.804772 -61
-39.443261 28.197260 -56
-38.442498 29.588728 -51
-37.348312 30.905814 -46
-36.253873 32.222391 -41
-35.071083 33.457985 -36
-33.888550 34.693322 -31
-32.623255 35.842091 -27
-31.357957 36.990354 -23
-30.016247 38.046459 -19
-28.674791 39.102564 -15
-27.263265 40.061437 -13
-25.851739 41.019802 -10
-24.377252 41.876873 -8
-22.902768 42.733689 -6
-21.372683 43.484640 -4
-19.842346 44.235845 -3
-18.263772 44.877379 -2
-16.685199 45.519167 -1
-15.066007 46.048235 -1
-13.446813 46.577305 0
-11.794872 46.991622 0
-10.142930 47.405688 0
-8.466108 47.702971 0
-6.789541 47.999999 0
-5.096217 48.178980 0
-3.403148 48.357958 0
-1.701447 48.417620 0
0.000000 48.477533 0
1.701447 48.417620 0
3.403148 48.357958 0
5.096217 48.178980 0
6.789541 47.999999 0
8.466108 47.702971 0
10.142930 47.405688 0
11.794872 46.991622 0
13.446813 46.577305 0
15.066007 46.048235 1
16.685199 45.519167 1
18.263772 44.877379 2
19.842346 44.235845 3
21.372683 43.484640 4
22.902768 42.733689 6
24.377252 41.876873 8
25.851739 41.019802 10
27.263265 40.061437 13
28.674791 39.102564 15
30.016247 38.046459 19
31.357957 36.990354 23
32.623255 35.842091 27
33.888550 34.693322 31
35.071083 33.457985 36
36.253873 32.222391 41
37.348312 30.905814 46
38.442498 29.588728 51
39.443261 28.197260 56
40.444020 26.804772 61
41.346281 25.361005 66
-40.180756 22.718965 -50
-39.322672 24.109420 -48
-38.464585 25.499112 -45
-37.512821 26.824066 -42
-36.561056 28.148261 -39
-35.520437 29.401371 -36
-34.479564 30.653718 -32
-33.354658 31.829399 -28
-32.230009 33.004317 -25
-31.026657 34.096978 -21
-29.823305 35.189388 -18
-28.547347 36.193956 -15
-27.271388 37.198273 -13
-25.928917 38.110435 -10
-24.586444 39.022086 -8
-23.184310 39.837267 -6
-21.781924 40.652197 -5
-20.326732 41.366338 -4
-18.871288 42.080733 -3
-17.369891 42.690784 -2
-15.868749 43.301092 -1
-14.328763 43.804264 0
-12.788779 44.307439 0
-11.217568 44.701448 0
-9.646357 45.095203 0
-8.051790 45.378016 0
-6.457223 45.660572 0
-4.846915 45.830922 0
-3.236354 46.001015 0
-1.618177 46.057882 0
0.000000 46.114749 0
1.618177 46.057882 0
3.236354 46.001015 0
4.846915 45.830922 0
6.457223 45.660572 0
8.051790 45.378016 0
9.646357 45.095203 0
11.217568 44.701448 0
12.788779 44.307439 0
14.328763 43.804264 0
15.868749 43.301092 1
17.369891 42.690784 2
18.871288 42.080733 3
20.326732 41.366338 4
21.781924 40.652197 5
23.184310 39.837267 6
24.586444 39.022086 8
25.928917 38.110435 10
27.271388 37.198273 13
28.547347 36.193956 15
29.823305 35.189388 18
31.026657 34.096978 21
32.230009 33.004317 25
33.354658 31.829399 28
34.479564 30.653718 32
35.520437 29.401371 36
36.561056 28.148261 39
37.512821 26.824066 42
38.464585 25.499112 45
39.322672 24.109420 48
40.180756 22.718965 50
-38.834223 20.182788 -30
-38.113227 21.525260 -31
-37.299314 22.845138 -31
-36.485403 24.164003 -30
-35.582635 25.421426 -28
-34.679869 26.678090 -27
-33.692562 27.867481 -25
-32.705255 29.056106 -22
-31.638233 30.171616 -20
-30.571464 31.286875 -18
-29.430058 32.323686 -15
-28.288653 33.360496 -13
-27.078192 34.313531 -11
-25.867987 35.266566 -9
-24.594568 36.132013 -7
-23.321401 36.997206 -6
-21.991114 37.770755 -4
-20.661082 38.543793 -3
-19.280529 39.221628 -2
-17.900229 39.899467 -1
-16.476009 40.478547 -1
-15.052044 41.057375 0
-13.591266 41.534906 0
-12.130490 42.012440 0
-10.640264 42.386138 0
-9.150038 42.759839 0
-7.637471 43.028180 0
-6.124905 43.296270 0
-4.597360 43.457986 0
-3.069815 43.619194 0
-1.534907 43.673014 0
0.000000 43.727089 0
1.534907 43.673014 0
3.069815 43.619194 0
4.597360 43.457986 0
6.124905 43.296270 0
7.637471 43.028180 0
9.150038 42.759839 0
10.640264 42.386138 0
12.130490 42.012440 0
13.591266 41.534906 0
15.052044 41.057375 0
16.476009 40.478547 1
17.900229 39.899467 1
19.280529 39.221628 2
20.661082 38.543793 3
21.991114 37.770755 4
23.321401 36.997206 6
24.594568 36.132013 7
25.867987 35.266566 9
27.078192 34.313531 11
28.288653 33.360496 13
29.430058 32.323686 15
30.571464 31.286875 18
31.638233 30.171616 20
32.705255 29.056106 22
33.692562 27.867481 25
34.679869 26.678090 27
35.582635 25.421426 28
36.485403 24.164003 30
37.299314 22.845138 31
38.113227 21.525260 31
38.834223 20.182788 30
-36.700178 19.048237 -10
-36.018787 20.349075 -12
-35.249555 21.597613 -14
-34.480326 22.844630 -14
-33.627061 24.033767 -14
-32.774054 25.221629 -14
-31.841076 26.346027 -13
-30.908098 27.469663 -12
-29.899721 28.524246 -11
-28.891344 29.578319 -10
-27.812644 30.558008 -9
-26.733944 31.537955 -7
-25.590251 32.438690 -6
-24.446560 33.339426 -5
-23.243209 34.157399 -4
-22.039858 34.974868 -3
-20.782686 35.705762 -2
-19.525768 36.436659 -1
-18.221122 37.077176 0
-16.916477 37.717694 0
-15.570704 38.264788 0
-14.224930 38.811882 0
-12.844377 39.263264 0
-11.464077 39.714394 0
-10.055598 40.067530 0
-8.647118 40.420666 0
-7.217822 40.674284 0
-5.788271 40.927647 0
-4.344758 41.080224 0
-2.901244 41.232801 0
-1.450622 41.283829 0
0.000000 41.334604 0
1.450622 41.283829 0
2.901244 41.232801 0
4.344758 41.080224 0
5.788271 40.927647 0
7.217822 40.674284 0
8.647118 40.420666 0
10.055598 40.067530 0
11.464077 39.714394 0
12.844377 39.263264 0
14.224930 38.811882 0
15.570704 38.264788 0
16.916477 37.717694 0
18.221122 37.077176 0
19.525768 36.436659 1
20.782686 35.705762 2
22.039858 34.974868 3
23.243209 34.157399 4
24.446560 33.339426 5
25.590251 32.438690 6
26.733944 31.537955 7
27.812644 30.558008 9
28.891344 29.578319 10
29.899721 28.524246 11
30.908098 27.469663 12
31.841076 26.346027 13
32.774054 25.221629 14
33.627061 24.033767 14
34.480326 22.844630 14
35.249555 21.597613 14
36.018787 20.349075 12
36.700178 19.048237 10
-35.207920 16.686215 11
-34.566135 17.913429 7
-33.924347 19.139884 4
-33.199797 20.316832 1
-32.475246 21.492259 0
-31.671745 22.613099 -1
-30.868241 23.732926 -2
-29.989592 24.792589 -2
-29.110689 25.851486 -2
-28.160955 26.845140 -2
-27.211475 27.838539 -2
-26.195480 28.761870 -2
-25.179487 29.685201 -1
-24.102311 30.534145 -1
-23.024880 31.382839 0
-21.891597 32.153847 0
-20.758314 32.924093 0
-19.574258 33.612592 0
-18.390201 34.301346 1
-17.161462 34.904799 1
-15.932725 35.508252 1
-14.665397 36.023863 1
-13.397816 36.539478 1
-12.097486 36.964459 1
-10.797410 37.389694 1
-9.470932 37.722265 1
-8.144453 38.055090 1
-6.798172 38.293984 1
-5.451638 38.532624 1
-4.092155 38.676567 0
-2.732419 38.820259 0
-1.366337 38.868241 0
0.000000 38.916223 0
1.366337 38.868241 0
2.732419 38.820259 0
4.092155 38.676567 0
5.451638 38.532624 -1
6.798172 38.293984 -1
8.144453 38.055090 -1
9.470932 37.722265 -1
10.797410 37.389694 -1
12.097486 36.964459 -1
13.397816 36.539478 -1
14.665397 36.023863 -1
15.932725 35.508252 -1
17.161462 34.904799 -1
18.390201 34.301346 -1
19.574258 33.612592 0
20.758314 32.924093 0
21.891597 32.153847 0
23.024880 31.382839 0
24.102311 30.534145 1
25.179487 29.685201 1
26.195480 28.761870 2
27.211475 27.838539 2
28.160955 26.845140 2
29.110689 25.851486 2
29.989592 24.792589 2
30.868241 23.732926 2
31.671745 22.613099 1
32.475246 21.492259 0
33.199797 20.316832 -1
33.924347 19.139884 -4
34.566135 17.913429 -7
35.207920 16.686215 -11
-33.008122 15.650926 29
-32.406448 16.802996 24
-31.804774 17.953797 20
-31.125413 19.057630 16
-30.446307 20.160447 13
-29.693069 21.211475 11
-28.939580 22.261742 9
-28.115765 23.255396 8
-27.291953 24.248287 7
-26.401624 25.180248 6
-25.511298 26.111450 5
-24.558771 26.977152 5
-23.606245 27.842853 5
-22.596344 28.638743 4
-21.586443 29.434375 4
-20.523737 30.156639 4
-19.461285 30.878902 4
-18.351358 31.524753 4
-17.241432 32.170092 4
-16.089363 32.735719 4
-14.937294 33.301345 4
-13.748921 33.784718 3
-12.560549 34.267833 3
-11.341711 34.666667 3
-10.122874 35.064990 3
-8.879157 35.376999 2
-7.635441 35.688754 2
-6.373445 35.912668 2
-5.111196 36.136584 1
-3.836507 36.271388 1
-2.561818 36.406195 0
-1.280782 36.451128 0
0.000000 36.496318 0
1.280782 36.451128 0
2.561818 36.406195 0
3.836507 36.271388 -1
5.111196 36.136584 -1
6.373445 35.912668 -2
7.635441 35.688754 -2
8.879157 35.376999 -2
10.122874 35.064990 -3
11.341711 34.666667 -3
12.560549 34.267833 -3
13.748921 33.784718 -3
14.937294 33.301345 -4
16.089363 32.735719 -4
17.241432 32.170092 -4
18.351358 31.524753 -4
19.461285 30.878902 -4
20.523737 30.156639 -4
21.586443 29.434375 -4
22.596344 28.638743 -4
23.606245 27.842853 -5
24.558771 26.977152 -5
25.511298 26.111450 -5
26.401624 25.180248 -6
27.291953 24.248287 -7
28.115765 23.255396 -8
28.939580 22.261742 -9
29.693069 21.211475 -11
30.446307 20.160447 -13
31.125413 19.057630 -16
31.804774 17.953797 -20
32.406448 16.802996 -24
33.008122 15.650926 -29
-31.294998 13.502411 51
-30.808328 14.577811 45
-30.246764 15.654735 39
-29.685201 16.730135 34
-29.051281 17.761615 30
-28.417364 18.792078 26
-27.714142 19.773801 23
-27.011170 20.755015 21
-26.242195 21.683168 18
-25.473217 22.610561 16
-24.642042 23.481088 15
-23.811119 24.350852 13
-22.922062 25.159686 12
-22.033258 25.968012 11
-21.090378 26.711349 10
-20.147753 27.454431 10
-19.156131 28.128967 9
-18.164255 28.803505 8
-17.128205 29.406447 8
-16.092409 30.009138 7
-15.017010 30.537192 7
-13.941863 31.065500 6
-12.832699 31.516881 6
-11.723534 31.968011 5
-10.585936 32.340442 5
-9.448083 32.712365 4
-8.287383 33.003809 4
-7.126682 33.294998 3
-5.948718 33.503934 2
-4.770500 33.712870 2
-3.580858 33.838792 1
-2.390962 33.964712 1
-1.195481 34.006601 0
0.000000 34.048742 0
1.195481 34.006601 0
2.390962 33.964712 -1
3.580858 33.838792 -1
4.770500 33.712870 -2
5.948718 33.503934 -2
7.126682 33.294998 -3
8.287383 33.003809 -4
9.448083 32.712365 -4
10.585936 32.340442 -5
11.723534 31.968011 -5
12.832699 31.516881 -6
13.941863 31.065500 -6
15.017010 30.537192 -7
16.092409 30.009138 -7
17.128205 29.406447 -8
18.164255 28.803505 -8
19.156131 28.128967 -9
20.147753 27.454431 -10
21.090378 26.711349 -10
22.033258 25.968012 -11
22.922062 25.159686 -12
23.811119 24.350852 -13
24.642042 23.481088 -15
25.473217 22.610561 -16
26.242195 21.683168 -18
27.011170 20.755015 -21
27.714142 19.773801 -23
28.417364 18.792078 -26
29.051281 17.761615 -30
29.685201 16.730135 -34
30.246764 15.654735 -39
30.808328 14.577811 -45
31.294998 13.502411 -51
-29.512567 11.468138 72
-29.060928 12.507744 65
-28.609039 13.545063 58
-28.087586 14.546331 52
-27.565878 15.545569 47
-26.977406 16.503934 42
-26.388676 17.461286 38
-25.735719 18.373445 34
-25.082762 19.284590 31
-24.368622 20.146740 28
-23.654735 21.007870 26
-22.882965 21.815945 23
-22.111196 22.623763 21
-21.285860 23.374714 19
-20.460269 24.125414 18
-19.584920 24.815689 16
-18.709570 25.505459 15
-17.788525 26.131761 14
-16.867478 26.758060 13
-15.905560 27.317848 12
-14.943387 27.877379 11
-13.945163 28.367861 10
-12.946687 28.858339 9
-11.916730 29.277481 8
-10.886773 29.696369 7
-9.830160 30.041888 7
-8.773546 30.387407 6
-7.695862 30.658035 5
-6.617923 30.928155 4
-5.523991 31.122367 3
-4.430058 31.316325 3
-3.325209 31.433105 2
-2.220360 31.550140 1
-1.110180 31.588983 0
0.000000 31.628077 0
1.110180 31.588983 0
2.220360 31.550140 -1
3.325209 31.433105 -2
4.430058 31.316325 -3
5.523991 31.122367 -3
6.617923 30.928155 -4
7.695862 30.658035 -5
8.773546 30.387407 -6
9.830160 30.041888 -7
10.886773 29.696369 -7
11.916730 29.277481 -8
12.946687 28.858339 -9
13.945163 28.367861 -10
14.943387 27.877379 -11
15.905560 27.317848 -12
16.867478 26.758060 -13
17.788525 26.131761 -14
18.709570 25.505459 -15
19.584920 24.815689 -16
20.460269 24.125414 -18
21.285860 23.374714 -19
22.111196 22.623763 -21
22.882965 21.815945 -23
23.654735 21.007870 -26
24.368622 20.146740 -28
25.082762 19.284590 -31
25.735719 18.373445 -34
26.388676 17.461286 -38
26.977406 16.503934 -42
27.565878 15.545569 -47
28.087586 14.546331 -52
28.609039 13.545063 -58
29.060928 12.507744 -65
29.512567 11.468138 -72
-27.243717 10.551408 83
-26.409495 12.472709 70
-25.446813 14.322164 58
-24.359989 16.092918 48
-23.154354 17.778117 41
-21.835999 19.370653 34
-20.411272 20.863673 29
-18.887280 22.250824 24
-17.271135 23.525769 21
-15.570704 24.682915 17
-13.794618 25.716933 15
-11.951257 26.623002 12
-10.049758 27.397056 10
-8.099264 28.035036 8
-6.109165 28.534653 6
-4.089363 28.893374 4
-2.049759 29.108910 2
0.000000 29.181009 0
2.049759 29.108910 -2
4.089363 28.893374 -4
6.109165 28.534653 -6
8.099264 28.035036 -8
10.049758 27.397056 -10
11.951257 26.623002 -12
13.794618 25.716933 -15
15.570704 24.682915 -17
17.271135 23.525769 -21
18.887280 22.250824 -24
20.411272 20.863673 -29
21.835999 19.370653 -34
23.154354 17.778117 -41
24.359989 16.092918 -48
25.446813 14.322164 -58
26.409495 12.472709 -70
27.243717 10.551408 -83
-24.923839 9.669204 92
-24.160701 11.429044 78
-23.223153 13.095963 67
-22.285606 14.741814 57
-21.130997 16.249049 49
-19.976644 17.739528 41
-18.627824 19.063469 35
-17.279005 20.373699 30
-15.761868 21.491497 26
-14.244986 22.597613 22
-12.589236 23.489973 18
-10.933486 24.371668 15
-9.171617 25.022341 12
-7.409494 25.663112 10
-5.575273 26.060168 7
-3.741051 26.447830 4
-1.870526 26.583905 2
0.000000 26.710841 0
1.870526 26.583905 -2
3.741051 26.447830 -4
5.575273 26.060168 -7
7.409494 25.663112 -10
9.171617 25.022341 -12
10.933486 24.371668 -15
12.589236 23.489973 -18
14.244986 22.597613 -22
15.761868 21.491497 -26
17.279005 20.373699 -30
18.627824 19.063469 -35
19.976644 17.739528 -41
21.130997 16.249049 -49
22.285606 14.741814 -57
23.223153 13.095963 -67
24.160701 11.429044 -78
24.923839 9.669204 -92
-22.603960 8.731659 97
-21.911906 10.332063 85
-21.061437 11.840314 74
-20.211221 13.342474 64
-19.164255 14.705509 55
-18.117289 16.065246 48
-16.893882 17.261997 41
-15.670729 18.456715 35
-14.294745 19.466617 30
-12.919015 20.475756 26
-11.417365 21.280782 22
-9.915968 22.085808 18
-8.317848 22.671999 15
-6.719726 23.257679 11
-5.056359 23.613862 8
-3.392993 23.970045 5
-1.696370 24.089363 2
0.000000 24.208684 0
1.696370 24.089363 -2
3.392993 23.970045 -5
5.056359 23.613862 -8
6.719726 23.257679 -11
8.317848 22.671999 -15
9.915968 22.085808 -18
11.417365 21.280782 -22
12.919015 20.475756 -26
14.294745 19.466617 -30
15.670729 18.456715 -35
16.893882 17.261997 -41
18.117289 16.065246 -48
19.164255 14.705509 -55
20.211221 13.342474 -64
21.061437 11.840314 -74
21.911906 10.332063 -85
22.603960 8.731659 -97
-20.265296 7.846409 100
-19.644834 9.282305 88
-18.882458 10.634425 78
-18.120081 11.980706 68
-17.181519 13.202082 60
-16.242701 14.420412 52
-15.145976 15.492511 46
-14.049252 16.563088 40
-12.815689 17.468141 34
-11.582382 18.372177 29
-10.236101 19.093678 25
-8.890073 19.814928 21
-7.457222 20.340190 17
-6.024625 20.865194 13
-4.533130 21.184058 9
-3.041889 21.503174 6
-1.520944 21.610307 3
0.000000 21.717189 0
1.520944 21.610307 -3
3.041889 21.503174 -6
4.533130 21.184058 -9
6.024625 20.865194 -13
7.457222 20.340190 -17
8.890073 19.814928 -21
10.236101 19.093678 -25
11.582382 18.372177 -29
12.815689 17.468141 -34
14.049252 16.563088 -40
15.145976 15.492511 -46
16.242701 14.420412 -52
17.181519 13.202082 -60
18.120081 11.980706 -68
18.882458 10.634425 -78
19.644834 9.282305 -88
20.265296 7.846409 -100
-17.926631 6.901496 99
-17.377761 8.176442 89
-16.703224 9.376239 80
-16.028941 10.570194 71
-15.198527 11.652957 63
-14.368367 12.732673 56
-13.398071 13.682409 49
-12.428028 14.630872 43
-11.336887 15.432343 37
-10.245747 16.233055 32
-9.054837 16.872048 27
-7.863925 17.510535 23
-6.596598 17.975630 18
-5.329271 18.440467 14
-4.010155 18.723026 11
-2.690784 19.005331 7
-1.345519 19.100279 3
0.000000 19.194721 0
1.345519 19.100279 -3
2.690784 19.005331 -7
4.010155 18.723026 -11
5.329271 18.440467 -14
6.596598 17.975630 -18
7.863925 17.510535 -23
9.054837 16.872048 -27
10.245747 16.233055 -32
11.336887 15.432343 -37
12.428028 14.630872 -43
13.398071 13.682409 -49
14.368367 12.732673 -56
15.198527 11.652957 -63
16.028941 10.570194 -71
16.703224 9.376239 -80
17.377761 8.176442 -89
17.926631 6.901496 -99
-15.621224 6.033257 96
-15.142675 7.143945 87
-14.555217 8.188627 79
-13.967504 9.228230 71
-13.243970 10.170601 63
-12.520436 11.110688 57
-11.675045 11.937800 50
-10.829652 12.763391 44
-9.878903 13.461284 39
-8.928154 14.158418 34
-7.890327 14.714902 29
-6.852754 15.270881 24
-5.748413 15.676059 20
-4.643818 16.080732 15
-3.494288 16.326732 11
-2.344758 16.572735 7
-1.172379 16.655244 3
0.000000 16.737752 0
1.172379 16.655244 -3
2.344758 16.572735 -7
3.494288 16.326732 -11
4.643818 16.080732 -15
5.748413 15.676059 -20
6.852754 15.270881 -24
7.890327 14.714902 -29
8.928154 14.158418 -34
9.878903 13.461284 -39
10.829652 12.763391 -44
11.675045 11.937800 -50
12.520436 11.110688 -57
13.243970 10.170601 -63
13.967504 9.228230 -71
14.555217 8.188627 -79
15.142675 7.143945 -87
15.621224 6.033257 -96
-12.907845 6.054074 82
-11.906068 7.838029 68
-10.672506 9.447067 56
-9.231277 10.858846 44
-7.610307 12.049758 34
-5.841330 12.999493 25
-3.958619 13.690531 16
-1.998731 14.110436 8
0.000000 14.251332 0
1.998731 14.110436 -8
3.958619 13.690531 -16
5.841330 12.999493 -25
7.610307 12.049758 -34
9.231277 10.858846 -44
10.672506 9.447067 -56
11.906068 7.838029 -68
12.907845 6.054074 -82
-10.597868 5.000761 74
-9.680122 6.401879 63
-8.762630 7.778370 52
-7.505459 8.850977 42
-6.248286 9.911145 33
-4.749175 10.588221 24
-3.250064 11.256410 16
-1.625032 11.490225 7
0.000000 11.715917 0
1.625032 11.490225 -7
3.250064 11.256410 -16
4.749175 10.588221 -24
6.248286 9.911145 -33
7.505459 8.850977 -42
8.762630 7.778370 -52
9.680122 6.401879 -63
10.597868 5.000761 -74
-8.287637 3.874079 63
-7.569941 4.971819 55
-6.852501 6.058390 46
-5.869256 6.896420 38
-4.886266 7.731404 30
-3.713887 8.258950 22
-2.541508 8.785733 14
-1.270881 8.965727 7
0.000000 9.145721 0
1.270881 8.965727 -7
2.541508 8.785733 -14
3.713887 8.258950 -22
4.886266 7.731404 -30
5.869256 6.896420 -38
6.852501 6.058390 -46
7.569941 4.971819 -55
8.287637 3.874079 -63
-5.638995 3.304647 43
-4.921554 4.368623 37
-4.215537 4.968519 31
-3.509520 5.566641 25
-2.667428 5.944656 18
-1.825336 6.322417 12
-0.912668 6.451383 6
0.000000 6.580351 0
0.912668 6.451383 -6
1.825336 6.322417 -12
2.667428 5.944656 -18
3.509520 5.566641 -25
4.215537 4.968519 -31
4.921554 4.368623 -37
5.638995 3.304647 -43
-2.990607 2.630111 25
-2.132521 3.363289 17
-1.109165 3.824575 8
0.000000 3.981974 0
1.109165 3.824575 -8
2.132521 3.363289 -17
2.990607 2.630111 -25
