# Active surface commands at 38.658646
# Zero points are Off, FEM corrections are Off
-12.741051 103.255394 -56
-10.929931 103.478548 -68
-9.111958 103.637726 -77
-7.293983 103.797412 -85
-5.471693 103.893116 -91
-3.649150 103.988833 -96
-1.824575 104.021075 -99
0.000000 104.052809 -100
1.824575 104.021075 -99
3.649150 103.988833 -96
5.471693 103.893116 -91
7.293983 103.797412 -85
9.111958 103.637726 -77
10.929931 103.478548 -68
12.741051 103.255394 -57
-23.048235 99.466362 31
-21.336126 99.861387 16
-19.578065 100.204114 2
-17.820005 100.546840 -11
-16.051028 100.827872 -24
-14.282051 101.109163 -36
-12.504442 101.327749 -47
-10.726834 101.546838 -57
-8.942625 101.703220 -65
-7.158416 101.859863 -72
-5.369891 101.953794 -78
-3.581366 102.047726 -82
-1.790810 102.079205 -84
0.000000 102.110431 -85
1.790810 102.079205 -84
3.581366 102.047726 -82
5.369891 101.953794 -78
7.158416 101.859863 -72
8.942625 101.703220 -65
10.726834 101.546838 -57
12.504442 101.327749 -47
14.282051 101.109163 -36
16.051028 100.827872 -24
17.820005 100.546840 -11
19.578065 100.204114 2
21.336126 99.861387 16
23.048235 99.466362 31
-29.431075 95.752474 83
-27.750698 96.268088 70
-26.053567 96.724041 57
-24.356436 97.180501 43
-22.644327 97.566385 30
-20.932217 97.961664 17
-19.207413 98.297790 5
-17.482610 98.634170 -7
-15.747145 98.909623 -18
-14.011678 99.185578 -29
-12.267835 99.400352 -38
-10.523737 99.615127 -47
-8.773292 99.768466 -54
-7.023103 99.922314 -61
-5.268342 100.014472 -66
-3.513582 100.106625 -69
-1.756791 100.137596 -71
0.000000 100.168314 -72
1.756791 100.137596 -71
3.513582 100.106625 -69
5.268342 100.014472 -66
7.023103 99.922314 -61
8.773292 99.768466 -54
10.523737 99.615127 -47
12.267835 99.400352 -38
14.011678 99.185578 -29
15.747145 98.909623 -18
17.482610 98.634170 -7
19.207413 98.297790 5
20.932217 97.961664 17
22.644327 97.566385 30
24.356436 97.180501 43
26.053567 96.724041 57
27.750698 96.268088 70
29.431075 95.752474 83
-33.758314 92.233310 103
-32.129727 92.795887 94
-30.500890 93.358464 84
-28.853517 93.863672 74
-27.206144 94.368874 63
-25.542269 94.816198 52
-23.878396 95.263517 40
-22.200051 95.651942 29
-20.521453 96.040875 17
-18.830413 96.370399 6
-17.139629 96.700178 -3
-15.438182 96.970295 -13
-13.736736 97.240672 -22
-12.026910 97.451380 -31
-10.317339 97.661841 -38
-8.601167 97.812391 -45
-6.885250 97.963189 -50
-5.165016 98.053569 -55
-3.444783 98.143942 -58
-1.722264 98.174158 -60
0.000000 98.204367 -60
1.722264 98.174158 -60
3.444783 98.143942 -58
5.165016 98.053569 -55
6.885250 97.963189 -50
8.601167 97.812391 -45
10.317339 97.661841 -38
12.026910 97.451380 -31
13.736736 97.240672 -22
15.438182 96.970295 -13
17.139629 96.700178 -3
18.830413 96.370399 6
20.521453 96.040875 17
22.200051 95.651942 29
23.878396 95.263517 40
25.542269 94.816198 52
27.206144 94.368874 63
28.853517 93.863672 74
30.500890 93.358464 84
32.129727 92.795887 94
33.758314 92.233310 103
-37.788525 88.513329 107
-36.234578 89.175168 102
-34.658542 89.781925 97
-33.082762 90.376744 90
-31.486418 90.928152 83
-29.890328 91.479560 75
-28.275959 91.974610 66
-26.661588 92.469659 56
-25.030972 92.908096 47
-23.400355 93.346279 37
-21.755522 93.727340 27
-20.110687 94.108401 17
-18.453669 94.431325 8
-16.796395 94.754503 0
-15.129221 95.019296 -9
-13.461793 95.284336 -17
-11.786240 95.490731 -24
-10.110688 95.696877 -31
-8.429043 95.844632 -37
-6.747398 95.992127 -42
-5.061437 96.080728 -45
-3.375730 96.169329 -48
-1.687992 96.199036 -50
0.000000 96.228737 -50
1.687992 96.199036 -50
3.375730 96.169329 -48
5.061437 96.080728 -45
6.747398 95.992127 -42
8.429043 95.844632 -37
10.110688 95.696877 -31
11.786240 95.490731 -24
13.461793 95.284336 -17
15.129221 95.019296 -9
16.796395 94.754503 0
18.453669 94.431325 8
20.110687 94.108401 17
21.755522 93.727340 27
23.400355 93.346279 37
25.030972 92.908096 47
26.661588 92.469659 56
28.275959 91.974610 66
29.890328 91.479560 75
31.486418 90.928152 83
33.082762 90.376744 90
34.658542 89.781925 97
36.234578 89.175168 102
37.788525 88.513329 107
-39.992131 85.333588 94
-38.525769 86.017008 93
-37.004061 86.665143 91
-35.482357 87.313278 88
-33.939070 87.907589 84
-32.395784 88.501900 78
-30.832953 89.041885 72
-29.269864 89.581871 65
-27.689008 90.067022 58
-26.108150 90.551913 50
-24.511297 90.980959 42
-22.914699 91.410254 34
-21.303884 91.783444 25
-19.693322 92.156386 17
-18.070576 92.472709 9
-16.447830 92.789286 1
-14.815182 93.048742 -6
-13.182280 93.308198 -13
-11.541508 93.510279 -19
-9.900736 93.712366 -25
-8.254126 93.856817 -30
-6.607261 94.001522 -34
-4.956588 94.088345 -37
-3.305662 94.175173 -39
-1.652704 94.203857 -41
0.000000 94.233050 -41
1.652704 94.203857 -41
3.305662 94.175173 -39
4.956588 94.088345 -37
6.607261 94.001522 -34
8.254126 93.856817 -30
9.900736 93.712366 -25
11.541508 93.510279 -19
13.182280 93.308198 -13
14.815182 93.048742 -6
16.447830 92.789286 1
18.070576 92.472709 9
19.693322 92.156386 17
21.303884 91.783444 25
22.914699 91.410254 34
24.511297 90.980959 42
26.108150 90.551913 50
27.689008 90.067022 58
29.269864 89.581871 65
30.832953 89.041885 72
32.395784 88.501900 78
33.939070 87.907589 84
35.482357 87.313278 88
37.004061 86.665143 91
38.525769 86.017008 93
39.992131 85.333588 94
-43.525259 81.348821 69
-42.083525 82.085805 74
-40.641787 82.823303 76
-39.175425 83.498858 78
-37.709063 84.182532 78
-36.219597 84.816957 77
-34.730135 85.451382 75
-33.219599 86.033253 71
-31.709064 86.614877 67
-30.179234 87.143439 62
-28.649403 87.671995 57
-27.102058 88.146988 51
-25.554709 88.621479 44
-23.991623 89.041631 37
-22.428788 89.461790 30
-20.852247 89.827114 23
-19.275705 90.192179 16
-17.687485 90.501901 9
-16.099010 90.811629 2
-14.500889 91.065755 -3
-12.902767 91.319626 -9
-11.297029 91.517387 -14
-9.691039 91.715154 -19
-8.078954 91.856816 -24
-6.467124 91.998224 -27
-4.851485 92.083268 -30
-3.235593 92.168317 -32
-1.617669 92.196493 -33
0.000000 92.224930 -34
1.617669 92.196493 -33
3.235593 92.168317 -32
4.851485 92.083268 -30
6.467124 91.998224 -27
8.078954 91.856816 -24
9.691039 91.715154 -19
11.297029 91.517387 -14
12.902767 91.319626 -9
14.500889 91.065755 -3
16.099010 90.811629 2
17.687485 90.501901 9
19.275705 90.192179 16
20.852247 89.827114 23
22.428788 89.461790 30
23.991623 89.041631 37
25.554709 88.621479 44
27.102058 88.146988 51
28.649403 87.671995 57
30.179234 87.143439 62
31.709064 86.614877 67
33.219599 86.033253 71
34.730135 85.451382 75
36.219597 84.816957 77
37.709063 84.182532 78
39.175425 83.498858 78
40.641787 82.823303 76
42.083525 82.085805 74
43.525259 81.348821 69
-45.334856 78.006345 41
-43.951002 78.776593 48
-42.566894 79.546588 54
-41.156894 80.267326 59
-39.747144 80.988573 62
-38.313024 81.659560 63
-36.878650 82.331049 64
-35.422189 82.951255 64
-33.965474 83.571716 62
-32.488194 84.140900 60
-31.010917 84.710078 57
-29.514851 85.226957 53
-28.018533 85.744096 49
-26.505205 86.208174 44
-24.992130 86.672506 38
-23.463569 87.083523 33
-21.935009 87.494540 27
-20.393246 87.851739 21
-18.851231 88.208683 15
-17.298045 88.511805 9
-15.744605 88.814672 4
-14.181772 89.063213 -1
-12.618685 89.311500 -6
-11.048236 89.505201 -11
-9.477533 89.698400 -15
-7.901244 89.836759 -18
-6.324702 89.975371 -21
-4.744605 90.058388 -24
-3.164255 90.141404 -25
-1.582127 90.169079 -27
0.000000 90.197001 -27
1.582127 90.169079 -27
3.164255 90.141404 -25
4.744605 90.058388 -24
6.324702 89.975371 -21
7.901244 89.836759 -18
9.477533 89.698400 -15
11.048236 89.505201 -11
12.618685 89.311500 -6
14.181772 89.063213 -1
15.744605 88.814672 4
17.298045 88.511805 9
18.851231 88.208683 15
20.393246 87.851739 21
21.935009 87.494540 27
23.463569 87.083523 33
24.992130 86.672506 38
26.505205 86.208174 44
28.018533 85.744096 49
29.514851 85.226957 53
31.010917 84.710078 57
32.488194 84.140900 60
33.965474 83.571716 62
35.422189 82.951255 64
36.878650 82.331049 64
38.313024 81.659560 63
39.747144 80.988573 62
41.156894 80.267326 59
42.566894 79.546588 54
43.951002 78.776593 48
45.334856 78.006345 41
-46.965981 74.651943 10
-45.640265 75.489211 20
-44.314294 76.238640 28
-42.961412 76.991367 35
-41.608529 77.744100 41
-40.230517 78.448847 45
-38.852247 79.153843 48
-37.450369 79.809849 51
-36.048488 80.466110 52
-34.624778 81.072606 52
-33.200813 81.679357 51
-31.756792 82.235593 50
-30.312770 82.791823 48
-28.850217 83.297286 45
-27.387663 83.802742 41
-25.908606 84.256407 37
-24.429297 84.710332 33
-22.935262 85.111959 29
-21.441229 85.513833 24
-19.933994 85.863161 19
-18.427013 86.211980 14
-16.908607 86.508252 9
-15.390200 86.804518 4
-13.862401 87.047475 0
-12.334602 87.290172 -3
-10.799442 87.479311 -7
-9.264281 87.668444 -11
-7.723280 87.803753 -14
-6.182534 87.939069 -17
-4.637725 88.020307 -19
-3.093171 88.101550 -20
-1.546585 88.128456 -21
0.000000 88.155622 -21
1.546585 88.128456 -21
3.093171 88.101550 -20
4.637725 88.020307 -19
6.182534 87.939069 -17
7.723280 87.803753 -14
9.264281 87.668444 -11
10.799442 87.479311 -7
12.334602 87.290172 -3
13.862401 87.047475 0
15.390200 86.804518 4
16.908607 86.508252 9
18.427013 86.211980 14
19.933994 85.863161 19
21.441229 85.513833 24
22.935262 85.111959 29
24.429297 84.710332 33
25.908606 84.256407 37
27.387663 83.802742 41
28.850217 83.297286 45
30.312770 82.791823 48
31.756792 82.235593 50
33.200813 81.679357 51
34.624778 81.072606 52
36.048488 80.466110 52
37.450369 79.809849 51
38.852247 79.153843 48
40.230517 78.448847 45
41.608529 77.744100 41
42.961412 76.991367 35
44.314294 76.238640 28
45.640265 75.489211 20
46.965981 74.651943 10
-47.107389 72.095458 -9
-45.870779 72.898959 0
-45.226199 73.294493 5
-44.575780 73.680122 9
-43.280781 74.461285 17
-41.959635 75.196496 24
-41.301599 75.569178 26
-40.638233 75.931707 29
-39.292205 76.620210 33
-37.946178 77.308960 37
-37.264025 77.634680 38
-36.577051 77.949478 40
-35.207920 78.590503 41
-33.817214 79.183042 42
-33.124143 79.484638 42
-32.426505 79.775580 42
-31.016247 80.318863 41
-29.605739 80.862400 39
-28.893628 81.114746 38
-28.177457 81.356179 37
-26.748921 81.849710 35
-25.304392 82.292968 32
-24.583650 82.520182 30
-23.859609 82.736227 28
-22.400355 83.128711 24
-20.941102 83.521196 21
-20.206397 83.697381 19
-19.469155 83.862150 17
-17.997207 84.203097 13
-16.514344 84.492509 9
-15.773801 84.642805 7
-15.031227 84.781672 5
-13.539223 85.019038 1
-12.046966 85.256156 -2
-11.298045 85.354147 -3
-10.547601 85.440721 -5
-9.048236 85.625795 -8
-7.543285 85.757807 -10
-6.791318 85.829654 -11
-6.038335 85.890073 -13
-4.529576 85.969284 -14
-3.021071 86.048742 -15
-2.265804 86.067529 -16
-1.510536 86.075146 -16
0.000000 86.101295 -16
1.510536 86.075146 -16
2.265804 86.067529 -16
3.021071 86.048742 -15
4.529576 85.969284 -14
6.038335 85.890073 -13
6.791318 85.829654 -11
7.543285 85.757807 -10
9.048236 85.625795 -8
10.547601 85.440721 -5
11.298045 85.354147 -3
12.046966 85.256156 -2
13.539223 85.019038 1
15.031227 84.781672 5
15.773801 84.642805 7
16.514344 84.492509 9
17.997207 84.203097 13
19.469155 83.862150 17
20.206397 83.697381 19
20.941102 83.521196 21
22.400355 83.128711 24
23.859609 82.736227 28
24.583650 82.520182 30
25.304392 82.292968 32
26.748921 81.849710 35
28.177457 81.356179 37
28.893628 81.114746 38
29.605739 80.862400 39
31.016247 80.318863 41
32.426505 79.775580 42
33.124143 79.484638 42
33.817214 79.183042 42
35.207920 78.590503 41
36.577051 77.949478 40
37.264025 77.634680 38
37.946178 77.308960 37
39.292205 76.620210 33
40.638233 75.931707 29
41.301599 75.569178 26
41.959635 75.196496 24
43.280781 74.461285 17
44.575780 73.680122 9
45.226199 73.294493 5
45.870779 72.898959 0
47.107389 72.095458 -9
-49.664637 67.850213 -50
-47.856056 69.128712 -32
-46.012187 70.342728 -16
-44.146231 71.532112 -3
-42.247271 72.671237 7
-40.315563 73.752726 16
-38.353897 74.778879 23
-36.374207 75.768978 28
-34.367098 76.702210 31
-32.333079 77.575017 33
-30.275452 78.389439 33
-28.203603 79.166289 31
-26.110180 79.883978 28
-23.996699 80.538459 25
-21.865449 81.132522 21
-19.724041 81.687482 16
-17.567402 82.181515 11
-15.397309 82.610562 6
-13.215791 82.977659 2
-11.028180 83.304897 -2
-8.832191 83.569943 -5
-6.629094 83.769229 -8
-4.421427 83.905561 -11
-2.211729 84.001525 -12
0.000000 84.034523 -12
2.211729 84.001525 -12
4.421427 83.905561 -11
6.629094 83.769229 -8
8.832191 83.569943 -5
11.028180 83.304897 -2
13.215791 82.977659 2
15.397309 82.610562 6
17.567402 82.181515 11
19.724041 81.687482 16
21.865449 81.132522 21
23.996699 80.538459 25
26.110180 79.883978 28
28.203603 79.166289 31
30.275452 78.389439 33
32.333079 77.575017 33
34.367098 76.702210 31
36.374207 75.768978 28
38.353897 74.778879 23
40.315563 73.752726 16
42.247271 72.671237 7
44.146231 71.532112 -3
46.012187 70.342728 -16
47.856056 69.128712 -32
49.664637 67.850213 -50
-49.543539 65.365829 -70
-48.424472 66.143181 -52
-46.661081 67.389946 -36
-44.863164 68.586440 -22
-43.043920 69.749173 -10
-41.192433 70.860115 0
-39.308708 71.914953 8
-37.396294 72.915458 15
-35.465854 73.880932 20
-33.509014 74.791064 23
-31.525769 75.642042 25
-29.519676 76.436407 25
-27.499364 77.193702 25
-25.458238 77.893627 23
-23.397309 78.531858 20
-21.319625 79.110940 17
-19.231532 79.652196 14
-17.128713 80.134044 10
-15.012693 80.552423 6
-12.885758 80.910639 2
-10.752983 81.229751 0
-8.611576 81.487943 -3
-6.463570 81.682152 -6
-4.310993 81.815180 -8
-2.156385 81.908603 -9
0.000000 81.941100 -9
2.156385 81.908603 -9
4.310993 81.815180 -8
6.463570 81.682152 -6
8.611576 81.487943 -3
10.752983 81.229751 0
12.885758 80.910639 2
15.012693 80.552423 6
17.128713 80.134044 10
19.231532 79.652196 14
21.319625 79.110940 17
23.397309 78.531858 20
25.458238 77.893627 23
27.499364 77.193702 25
29.519676 76.436407 25
31.525769 75.642042 25
33.509014 74.791064 23
35.465854 73.880932 20
37.396294 72.915458 15
39.308708 71.914953 8
41.192433 70.860115 0
43.043920 69.749173 -10
44.863164 68.586440 -22
46.661081 67.389946 -36
48.424472 66.143181 -52
49.543539 65.365829 -70
-50.511044 61.871792 -86
-48.865955 63.241688 -69
-47.184310 64.435894 -54
-45.466109 65.651435 -39
-43.714141 66.816957 -27
-41.941608 67.950243 -16
-40.137345 69.032748 -6
-38.302106 70.060674 1
-36.438438 71.035798 7
-34.557501 71.976387 12
-32.650672 72.863673 16
-30.718456 73.692816 18
-28.763646 74.466870 19
-26.795125 75.205130 19
-24.806296 75.887026 18
-22.798173 76.508757 16
-20.773547 77.073367 14
-18.739020 77.600659 11
-16.690022 78.070067 8
-14.628333 78.477786 5
-12.555725 78.826859 2
-10.477532 79.137852 0
-8.390962 79.389691 -2
-6.298045 79.578830 -4
-4.200559 79.708301 -5
-2.101295 79.799443 -6
0.000000 79.831177 -7
2.101295 79.799443 -6
4.200559 79.708301 -5
6.298045 79.578830 -4
8.390962 79.389691 -2
10.477532 79.137852 0
12.555725 78.826859 2
14.628333 78.477786 5
16.690022 78.070067 8
18.739020 77.600659 11
20.773547 77.073367 14
22.798173 76.508757 16
24.806296 75.887026 18
26.795125 75.205130 19
28.763646 74.466870 19
30.718456 73.692816 18
32.650672 72.863673 16
34.557501 71.976387 12
36.438438 71.035798 7
38.302106 70.060674 1
40.137345 69.032748 -6
41.941608 67.950243 -16
43.714141 66.816957 -27
45.466109 65.651435 -39
47.184310 64.435894 -54
48.865955 63.241688 -69
50.511044 61.871792 -86
-51.221884 58.386649 -97
-49.161462 60.205382 -82
-47.560295 61.484390 -67
-45.923837 62.716931 -53
-44.251334 63.899975 -41
-42.546332 65.034526 -30
-40.821019 66.137850 -20
-39.064992 67.191417 -11
-37.278752 68.191929 -4
-35.464838 69.141152 2
-33.634425 70.057122 6
-31.778370 70.920286 10
-29.897691 71.727598 12
-27.995176 72.481087 14
-26.079208 73.199799 14
-24.143438 73.863162 14
-22.189135 74.468649 12
-20.218583 75.018278 11
-18.238132 75.531606 9
-16.244224 75.988574 7
-14.237370 76.385379 4
-12.220360 76.724802 2
-10.197512 77.027669 0
-8.166794 77.272659 -1
-6.129728 77.456715 -2
-4.088347 77.582889 -4
-2.045189 77.671744 -4
0.000000 77.702461 -5
2.045189 77.671744 -4
4.088347 77.582889 -4
6.129728 77.456715 -2
8.166794 77.272659 -1
10.197512 77.027669 0
12.220360 76.724802 2
14.237370 76.385379 4
16.244224 75.988574 7
18.238132 75.531606 9
20.218583 75.018278 11
22.189135 74.468649 12
24.143438 73.863162 14
26.079208 73.199799 14
27.995176 72.481087 14
29.897691 71.727598 12
31.778370 70.920286 10
33.634425 70.057122 6
35.464838 69.141152 2
37.278752 68.191929 -4
39.064992 67.191417 -11
40.821019 66.137850 -20
42.546332 65.034526 -30
44.251334 63.899975 -41
45.923837 62.716931 -53
47.560295 61.484390 -67
49.161462 60.205382 -82
51.221884 58.386649 -97
-50.844123 55.968014 -103
-49.346281 57.283826 -89
-47.811883 58.538972 -76
-46.254887 59.782942 -64
-44.663113 60.981723 -52
-43.036557 62.132518 -41
-41.378269 63.235849 -31
-39.700433 64.309213 -22
-37.992638 65.333841 -14
-36.255394 66.307187 -8
-34.491495 67.230514 -2
-32.711094 68.121352 1
-30.906068 68.960901 5
-29.076922 69.746384 7
-27.226706 70.479054 9
-25.363290 71.177963 10
-23.480832 71.823556 10
-21.580096 72.412289 9
-19.663366 72.946938 8
-17.737497 73.446307 7
-15.798172 73.890583 5
-13.846661 74.276720 4
-11.884996 74.607007 2
-9.917746 74.901495 0
-7.942625 75.139629 0
-5.961412 75.318864 -1
-3.976136 75.441480 -2
-1.989083 75.527800 -3
0.000000 75.557755 -3
1.989083 75.527800 -3
3.976136 75.441480 -2
5.961412 75.318864 -1
7.942625 75.139629 0
9.917746 74.901495 0
11.884996 74.607007 2
13.846661 74.276720 4
15.798172 73.890583 5
17.737497 73.446307 7
19.663366 72.946938 8
21.580096 72.412289 9
23.480832 71.823556 10
25.363290 71.177963 10
27.226706 70.479054 9
29.076922 69.746384 7
30.906068 68.960901 5
32.711094 68.121352 1
34.491495 67.230514 -2
36.255394 66.307187 -8
37.992638 65.333841 -14
39.700433 64.309213 -22
41.378269 63.235849 -31
43.036557 62.132518 -41
44.663113 60.981723 -52
46.254887 59.782942 -64
47.811883 58.538972 -76
49.346281 57.283826 -89
50.844123 55.968014 -103
-51.183549 52.517642 -103
-49.385378 54.348058 -92
-47.930439 55.626050 -81
-46.440214 56.862149 -70
-44.927645 58.070320 -60
-43.381824 59.235340 -50
-41.801979 60.353137 -40
-40.191165 61.425236 -32
-38.561311 62.467634 -24
-36.902767 63.463571 -17
-35.215283 64.408735 -11
-33.501904 65.305659 -6
-31.772532 66.171109 -1
-30.019293 66.986801 1
-28.242701 67.749680 3
-26.445543 68.461537 5
-24.635695 69.140389 6
-22.807058 69.767451 7
-20.960904 70.339424 6
-19.099264 70.858590 6
-17.228739 71.343742 5
-15.345011 71.775323 4
-13.449353 72.150546 3
-11.544047 72.471437 2
-9.633156 72.757297 0
-7.714649 72.988830 0
-5.790556 73.162983 -1
-3.862148 73.282053 -1
-1.931962 73.365826 -2
0.000000 73.395025 -2
1.931962 73.365826 -2
3.862148 73.282053 -1
5.790556 73.162983 -1
7.714649 72.988830 0
9.633156 72.757297 0
11.544047 72.471437 2
13.449353 72.150546 3
15.345011 71.775323 4
17.228739 71.343742 5
19.099264 70.858590 6
20.960904 70.339424 6
22.807058 69.767451 7
24.635695 69.140389 6
26.445543 68.461537 5
28.242701 67.749680 3
30.019293 66.986801 1
31.772532 66.171109 -1
33.501904 65.305659 -6
35.215283 64.408735 -11
36.902767 63.463571 -17
38.561311 62.467634 -24
40.191165 61.425236 -32
41.801979 60.353137 -40
43.381824 59.235340 -50
44.927645 58.070320 -60
46.440214 56.862149 -70
47.930439 55.626050 -81
49.385378 54.348058 -92
51.183549 52.517642 -103
-50.639250 50.142676 -99
-49.301345 51.358721 -91
-47.926884 52.727848 -82
-46.514851 53.968522 -73
-45.068545 55.168319 -64
-43.600661 56.340950 -55
-42.100278 57.471695 -46
-40.567148 58.556487 -38
-39.004062 59.597107 -31
-37.422441 60.609035 -24
-35.812644 61.575526 -18
-34.175172 62.493021 -13
-32.512314 63.363541 -8
-30.833969 64.203604 -4
-29.132776 64.995174 -1
-27.408479 65.735722 0
-25.664381 66.426505 2
-23.907844 67.085555 3
-22.133537 67.694084 4
-20.341711 68.249304 4
-18.535161 68.753235 4
-16.719727 69.223914 4
-14.891851 69.643056 3
-13.052044 70.007110 2
-11.203097 70.318611 1
-9.348565 70.596091 0
-7.486926 70.820764 0
-5.619447 70.989846 0
-3.747906 71.105359 0
-1.874841 71.186851 -1
0.000000 71.215027 -1
1.874841 71.186851 -1
3.747906 71.105359 0
5.619447 70.989846 0
7.486926 70.820764 0
9.348565 70.596091 0
11.203097 70.318611 1
13.052044 70.007110 2
14.891851 69.643056 3
16.719727 69.223914 4
18.535161 68.753235 4
20.341711 68.249304 4
22.133537 67.694084 4
23.907844 67.085555 3
25.664381 66.426505 2
27.408479 65.735722 0
29.132776 64.995174 -1
30.833969 64.203604 -4
32.512314 63.363541 -8
34.175172 62.493021 -13
35.812644 61.575526 -18
37.422441 60.609035 -24
39.004062 59.597107 -31
40.567148 58.556487 -38
42.100278 57.471695 -46
43.600661 56.340950 -55
45.068545 55.168319 -64
46.514851 53.968522 -73
47.926884 52.727848 -82
49.301345 51.358721 -91
50.639250 50.142676 -99
-50.729118 46.764663 -90
-49.072861 48.576290 -84
-47.776340 49.856816 -78
-46.444274 51.100024 -71
-45.076163 52.302614 -64
-43.674536 53.465347 -56
-42.252096 54.601930 -49
-40.798173 55.697891 -42
-39.312516 56.749432 -36
-37.797664 57.758063 -29
-36.265041 58.738765 -24
-34.705002 59.675555 -18
-33.118051 60.564862 -14
-31.506729 61.408730 -10
-29.880426 62.222644 -6
-28.231532 62.989843 -3
-26.560802 63.707538 -1
-24.870526 64.377255 0
-23.168316 65.015739 1
-21.448845 65.605737 2
-19.712617 66.143689 2
-17.961920 66.632137 2
-16.202589 67.088350 2
-14.431074 67.494544 2
-12.648388 67.847169 1
-10.856563 68.149020 1
-9.059406 68.417872 0
-7.255395 68.635696 0
-5.445545 68.799442 0
-3.632140 68.911651 0
-1.816959 68.990354 0
0.000000 69.017774 0
1.816959 68.990354 0
3.632140 68.911651 0
5.445545 68.799442 0
7.255395 68.635696 0
9.059406 68.417872 0
10.856563 68.149020 1
12.648388 67.847169 1
14.431074 67.494544 2
16.202589 67.088350 2
17.961920 66.632137 2
19.712617 66.143689 2
21.448845 65.605737 2
23.168316 65.015739 1
24.870526 64.377255 0
26.560802 63.707538 -1
28.231532 62.989843 -3
29.880426 62.222644 -6
31.506729 61.408730 -10
33.118051 60.564862 -14
34.705002 59.675555 -18
36.265041 58.738765 -24
37.797664 57.758063 -29
39.312516 56.749432 -36
40.798173 55.697891 -42
42.252096 54.601930 -49
43.674536 53.465347 -56
45.076163 52.302614 -64
46.444274 51.100024 -71
47.776340 49.856816 -78
49.072861 48.576290 -84
50.729118 46.764663 -90
-49.935262 44.467630 -76
-48.739019 45.657526 -73
-48.335871 46.175425 -72
-47.506474 47.009900 -70
-46.677329 47.844376 -66
-46.251586 48.250062 -65
-44.961921 49.453668 -60
-43.637217 50.617922 -54
-43.191926 51.001522 -52
-42.280529 51.743842 -49
-41.369130 52.485908 -45
-40.903527 52.844378 -43
-39.496065 53.905562 -38
-38.057628 54.923837 -32
-37.574764 55.258184 -30
-36.591266 55.900480 -27
-35.607768 56.542522 -24
-35.107388 56.849964 -22
-33.597360 57.756792 -18
-32.060929 58.617922 -14
-31.546077 58.899722 -13
-30.501141 59.434879 -10
-29.456208 59.969788 -8
-28.926632 60.223152 -7
-27.330542 60.965980 -5
-25.713126 61.660829 -3
-25.171617 61.887027 -2
-24.076669 62.309218 -1
-22.981975 62.731404 0
-22.429042 62.927392 0
-20.764154 63.498603 0
-19.083270 64.019548 1
-18.521452 64.187359 1
-17.388677 64.492514 1
-16.255903 64.797159 1
-15.685453 64.934248 1
-13.970551 65.327494 1
-12.244732 65.668950 1
-11.668190 65.776846 1
-10.510028 65.961157 0
-9.351612 66.145468 0
-8.770246 66.221629 0
-7.023864 66.432598 0
-5.271897 66.591013 0
-4.687230 66.637982 0
-3.516121 66.699671 0
-2.345011 66.761106 0
-1.758822 66.775833 0
0.000000 66.802236 0
1.758822 66.775833 0
2.345011 66.761106 0
3.516121 66.699671 0
4.687230 66.637982 0
5.271897 66.591013 0
7.023864 66.432598 0
8.770246 66.221629 0
9.351612 66.145468 0
10.510028 65.961157 0
11.668190 65.776846 1
12.244732 65.668950 1
13.970551 65.327494 1
15.685453 64.934248 1
16.255903 64.797159 1
17.388677 64.492514 1
18.521452 64.187359 1
19.083270 64.019548 1
20.764154 63.498603 0
22.429042 62.927392 0
22.981975 62.731404 0
24.076669 62.309218 -1
25.171617 61.887027 -2
25.713126 61.660829 -3
27.330542 60.965980 -5
28.926632 60.223152 -7
29.456208 59.969788 -8
30.501141 59.434879 -10
31.546077 58.899722 -13
32.060929 58.617922 -14
33.597360 57.756792 -18
35.107388 56.849964 -22
35.607768 56.542522 -24
36.591266 55.900480 -27
37.574764 55.258184 -30
38.057628 54.923837 -32
39.496065 53.905562 -38
40.903527 52.844378 -43
41.369130 52.485908 -45
42.280529 51.743842 -49
43.191926 51.001522 -52
43.637217 50.617922 -54
44.961921 49.453668 -60
46.251586 48.250062 -65
46.677329 47.844376 -66
47.506474 47.009900 -70
48.335871 46.175425 -72
48.739019 45.657526 -73
49.935262 44.467630 -76
-49.675551 41.290681 -59
-48.268851 42.967250 -59
-46.694086 44.614369 -57
-45.119574 46.250319 -53
-43.434883 47.781924 -49
-41.750446 49.302870 -44
-39.964203 50.712111 -38
-38.177963 52.110431 -32
-36.298554 53.390710 -27
-34.419397 54.659813 -21
-32.456206 55.804770 -17
-30.493273 56.938565 -12
-28.455699 57.942876 -9
-26.418380 58.936024 -5
-24.316578 59.794874 -3
-22.215029 60.642802 -1
-20.059152 61.351863 0
-17.903276 62.050264 0
-15.703732 62.606501 0
-13.504189 63.152325 0
-11.271896 63.552935 0
-9.039604 63.943386 0
-6.785224 64.186343 0
-4.530845 64.419141 0
-2.265296 64.503936 0
0.000000 64.578065 0
2.265296 64.503936 0
4.530845 64.419141 0
6.785224 64.186343 0
9.039604 63.943386 0
11.271896 63.552935 0
13.504189 63.152325 0
15.703732 62.606501 0
17.903276 62.050264 0
20.059152 61.351863 0
22.215029 60.642802 -1
24.316578 59.794874 -3
26.418380 58.936024 -5
28.455699 57.942876 -9
30.493273 56.938565 -12
32.456206 55.804770 -17
34.419397 54.659813 -21
36.298554 53.390710 -27
38.177963 52.110431 -32
39.964203 50.712111 -38
41.750446 49.302870 -44
43.434883 47.781924 -49
45.119574 46.250319 -53
46.694086 44.614369 -57
48.268851 42.967250 -59
49.675551 41.290681 -59
-48.009138 39.790047 -41
-46.602438 41.466616 -42
-45.082001 43.052042 -42
-43.561818 44.636964 -41
-41.935262 46.111194 -38
-40.308962 47.584920 -35
-38.584411 48.940849 -31
-36.859864 50.296269 -27
-35.045442 51.527292 -22
-33.231022 52.758058 -18
-31.335620 53.858339 -15
-29.440468 54.958621 -11
-27.473472 55.923078 -8
-25.506220 56.887536 -6
-23.477025 57.711602 -4
-21.448084 58.535668 -2
-19.366590 59.215029 -1
-17.285097 59.894643 0
-15.161715 60.426757 0
-13.038081 60.958871 0
-10.882712 61.340695 0
-8.727596 61.722518 0
-6.550901 61.952273 0
-4.374460 62.182282 0
-2.187103 62.258698 0
0.000000 62.335616 0
2.187103 62.258698 0
4.374460 62.182282 0
6.550901 61.952273 0
8.727596 61.722518 0
10.882712 61.340695 0
13.038081 60.958871 0
15.161715 60.426757 0
17.285097 59.894643 0
19.366590 59.215029 -1
21.448084 58.535668 -2
23.477025 57.711602 -4
25.506220 56.887536 -6
27.473472 55.923078 -8
29.440468 54.958621 -11
31.335620 53.858339 -15
33.231022 52.758058 -18
35.045442 51.527292 -22
36.859864 50.296269 -27
38.584411 48.940849 -31
40.308962 47.584920 -35
41.935262 46.111194 -38
43.561818 44.636964 -41
45.082001 43.052042 -42
46.602438 41.466616 -42
48.009138 39.790047 -41
-47.614116 36.703986 -19
-46.258695 38.332065 -24
-44.903021 39.959889 -27
-43.438183 41.487940 -29
-41.973342 43.015486 -29
-40.406448 44.436150 -28
-38.839299 45.856564 -26
-37.177457 47.163240 -24
-35.515866 48.469407 -21
-33.767707 49.655749 -18
-32.019294 50.841839 -15
-30.193198 51.902261 -12
-28.366844 52.962426 -10
-26.471693 53.892106 -7
-24.576288 54.821272 -5
-22.621223 55.615383 -3
-20.665906 56.409240 -2
-18.660321 57.064230 -1
-16.654988 57.719220 0
-14.608784 58.231785 0
-12.562579 58.744604 0
-10.485910 59.112209 0
-8.409241 59.480069 0
-6.312008 59.701698 0
-4.215029 59.923328 0
-2.107388 59.997208 0
0.000000 60.071083 0
2.107388 59.997208 0
4.215029 59.923328 0
6.312008 59.701698 0
8.409241 59.480069 0
10.485910 59.112209 0
12.562579 58.744604 0
14.608784 58.231785 0
16.654988 57.719220 0
18.660321 57.064230 -1
20.665906 56.409240 -2
22.621223 55.615383 -3
24.576288 54.821272 -5
26.471693 53.892106 -7
28.366844 52.962426 -10
30.193198 51.902261 -12
32.019294 50.841839 -15
33.767707 49.655749 -18
35.515866 48.469407 -21
37.177457 47.163240 -24
38.839299 45.856564 -26
40.406448 44.436150 -28
41.973342 43.015486 -29
43.438183 41.487940 -29
44.903021 39.959889 -27
46.258695 38.332065 -24
47.614116 36.703986 -19
-47.004824 33.664383 5
-45.812136 35.296013 -2
-44.507998 36.863164 -9
-43.203860 38.429805 -13
-41.794365 39.900481 -16
-40.385124 41.370652 -17
-38.877380 42.738003 -18
-37.369383 44.104850 -17
-35.770754 45.362527 -16
-34.171872 46.619446 -15
-32.489719 47.761359 -13
-30.807820 48.902768 -11
-29.050522 49.923330 -9
-27.293475 50.943642 -8
-25.469916 51.838031 -6
-23.646357 52.732416 -4
-21.765169 53.496572 -3
-19.883980 54.260728 -2
-17.954302 54.890833 -1
-16.024626 55.521198 0
-14.055851 56.014468 0
-12.087332 56.507745 0
-10.089109 56.861895 0
-8.091140 57.215790 0
-6.073115 57.429040 0
-4.055344 57.642042 0
-2.027672 57.713381 0
0.000000 57.784460 0
2.027672 57.713381 0
4.055344 57.642042 0
6.073115 57.429040 0
8.091140 57.215790 0
10.089109 56.861895 0
12.087332 56.507745 0
14.055851 56.014468 0
16.024626 55.521198 0
17.954302 54.890833 -1
19.883980 54.260728 -2
21.765169 53.496572 -3
23.646357 52.732416 -4
25.469916 51.838031 -6
27.293475 50.943642 -8
29.050522 49.923330 -9
30.807820 48.902768 -11
32.489719 47.761359 -13
34.171872 46.619446 -15
35.770754 45.362527 -16
37.369383 44.104850 -17
38.877380 42.738003 -18
40.385124 41.370652 -17
41.794365 39.900481 -16
43.203860 38.429805 -13
44.507998 36.863164 -9
45.812136 35.296013 -2
47.004824 33.664383 5
-45.128205 32.300837 20
-43.983244 33.890834 11
-42.731151 35.396040 4
-41.478801 36.900483 0
-40.125668 38.312770 -4
-38.772531 39.725058 -7
-37.324955 41.037826 -9
-35.877379 42.350598 -9
-34.342473 43.558010 -10
-32.807566 44.765170 -9
-31.192436 45.861640 -8
-29.577559 46.957604 -7
-27.890581 47.937548 -6
-26.203860 48.917237 -5
-24.452907 49.776087 -4
-22.702208 50.634679 -3
-20.896166 51.368622 -2
-19.089871 52.102058 -1
-17.237369 52.707283 -1
-15.384870 53.312261 0
-13.494796 53.785729 0
-11.604722 54.259457 0
-9.686215 54.599643 0
-7.767962 54.939326 0
-5.830668 55.143948 0
-3.893374 55.348564 0
-1.946687 55.416860 0
0.000000 55.485404 0
1.946687 55.416860 0
3.893374 55.348564 0
5.830668 55.143948 0
7.767962 54.939326 0
9.686215 54.599643 0
11.604722 54.259457 0
13.494796 53.785729 0
15.384870 53.312261 0
17.237369 52.707283 -1
19.089871 52.102058 -1
20.896166 51.368622 -2
22.702208 50.634679 -3
24.452907 49.776087 -4
26.203860 48.917237 -5
27.890581 47.937548 -6
29.577559 46.957604 -7
31.192436 45.861640 -8
32.807566 44.765170 -9
34.342473 43.558010 -10
35.877379 42.350598 -9
37.324955 41.037826 -9
38.772531 39.725058 -7
40.125668 38.312770 -4
41.478801 36.900483 0
42.731151 35.396040 4
43.983244 33.890834 11
45.128205 32.300837 20
-44.348820 29.412289 43
-43.251334 30.937294 32
-42.154099 32.461793 23
-40.954051 33.905053 16
-39.753999 35.347295 10
-38.456967 36.701448 5
-37.160193 38.055344 1
-35.772784 39.313784 0
-34.385376 40.572481 -2
-32.914191 41.729880 -3
-31.443007 42.887280 -4
-29.895404 43.938309 -4
-28.347550 44.989083 -4
-26.730898 45.928408 -3
-25.113988 46.867733 -3
-23.436152 47.691040 -2
-21.758060 48.514343 -2
-20.027164 49.217569 -1
-18.296014 49.920792 -1
-16.520436 50.501142 0
-14.745113 51.080984 0
-12.933486 51.534906 0
-11.122112 51.989083 0
-9.283574 52.315053 0
-7.445037 52.640772 0
-5.588220 52.837014 0
-3.731658 53.033003 0
-1.865702 53.098503 0
0.000000 53.164252 0
1.865702 53.098503 0
3.731658 53.033003 0
5.588220 52.837014 0
7.445037 52.640772 0
9.283574 52.315053 0
11.122112 51.989083 0
12.933486 51.534906 0
14.745113 51.080984 0
16.520436 50.501142 0
18.296014 49.920792 -1
20.027164 49.217569 -1
21.758060 48.514343 -2
23.436152 47.691040 -2
25.113988 46.867733 -3
26.730898 45.928408 -3
28.347550 44.989083 -4
29.895404 43.938309 -4
31.443007 42.887280 -4
32.914191 41.729880 -3
34.385376 40.572481 -2
35.772784 39.313784 0
37.160193 38.055344 1
38.456967 36.701448 5
39.753999 35.347295 10
40.954051 33.905053 16
42.154099 32.461793 23
43.251334 30.937294 32
44.348820 29.412289 43
-43.298554 26.677836 66
-42.396293 28.121603 54
-41.347297 29.580602 43
-40.298298 31.038588 34
-39.151054 32.418633 26
-38.003807 33.798171 19
-36.764154 35.092915 14
-35.524246 36.387409 10
-34.198021 37.591012 6
-32.871794 38.794364 4
-31.465348 39.900989 2
-30.058899 41.007617 1
-28.579335 42.012440 0
-27.099771 43.017011 0
-25.553948 43.915206 0
-24.008378 44.813152 0
-22.404418 45.600154 0
-20.800203 46.387156 0
-19.145469 47.059661 0
-17.490734 47.731913 0
-15.793348 48.286621 0
-14.095963 48.841076 0
-12.364052 49.275196 0
-10.632394 49.709318 0
-8.874841 50.020562 0
-7.117289 50.332063 0
-5.342219 50.519674 0
-3.567403 50.707286 0
-1.783702 50.769737 0
0.000000 50.832446 0
1.783702 50.769737 0
3.567403 50.707286 0
5.342219 50.519674 0
7.117289 50.332063 0
8.874841 50.020562 0
10.632394 49.709318 0
12.364052 49.275196 0
14.095963 48.841076 0
15.793348 48.286621 0
17.490734 47.731913 0
19.145469 47.059661 0
20.800203 46.387156 0
22.404418 45.600154 0
24.008378 44.813152 0
25.553948 43.915206 0
27.099771 43.017011 0
28.579335 42.012440 0
30.058899 41.007617 1
31.465348 39.900989 2
32.871794 38.794364 4
34.198021 37.591012 6
35.524246 36.387409 10
36.764154 35.092915 14
38.003807 33.798171 19
39.151054 32.418633 26
40.298298 31.038588 34
41.347297 29.580602 43
42.396293 28.121603 54
43.298554 26.677836 66
-41.346281 25.361005 74
-40.444020 26.804772 62
-39.443261 28.197260 51
-38.442498 29.588728 42
-37.348312 30.905814 34
-36.253873 32.222391 27
-35.071083 33.457985 21
-33.888550 34.693322 17
-32.623255 35.842091 13
-31.357957 36.990354 10
-30.016247 38.046459 7
-28.674791 39.102564 5
-27.263265 40.061437 4
-25.851739 41.019802 3
-24.377252 41.876873 2
-22.902768 42.733689 1
-21.372683 43.484640 1
-19.842346 44.235845 0
-18.263772 44.877379 0
-16.685199 45.519167 0
-15.066007 46.048235 0
-13.446813 46.577305 0
-11.794872 46.991622 0
-10.142930 47.405688 0
-8.466108 47.702971 0
-6.789541 47.999999 0
-5.096217 48.178980 0
-3.403148 48.357958 0
-1.701447 48.417620 0
0.000000 48.477533 0
1.701447 48.417620 0
3.403148 48.357958 0
5.096217 48.178980 0
6.789541 47.999999 0
8.466108 47.702971 0
10.142930 47.405688 0
11.794872 46.991622 0
13.446813 46.577305 0
15.066007 46.048235 0
16.685199 45.519167 0
18.263772 44.877379 0
19.842346 44.235845 0
21.372683 43.484640 1
22.902768 42.733689 1
24.377252 41.876873 2
25.851739 41.019802 3
27.263265 40.061437 4
28.674791 39.102564 5
30.016247 38.046459 7
31.357957 36.990354 10
32.623255 35.842091 13
33.888550 34.693322 17
35.071083 33.457985 21
36.253873 32.222391 27
37.348312 30.905814 34
38.442498 29.588728 42
39.443261 28.197260 51
40.444020 26.804772 62
41.346281 25.361005 74
-40.180756 22.718965 91
-39.322672 24.109420 78
-38.464585 25.499112 67
-37.512821 26.824066 57
-36.561056 28.148261 48
-35.520437 29.401371 40
-34.479564 30.653718 33
-33.354658 31.829399 27
-32.230009 33.004317 22
-31.026657 34.096978 18
-29.823305 35.189388 15
-28.547347 36.193956 12
-27.271388 37.198273 9
-25.928917 38.110435 7
-24.586444 39.022086 6
-23.184310 39.837267 4
-21.781924 40.652197 3
-20.326732 41.366338 3
-18.871288 42.080733 2
-17.369891 42.690784 1
-15.868749 43.301092 1
-14.328763 43.804264 1
-12.788779 44.307439 0
-11.217568 44.701448 0
-9.646357 45.095203 0
-8.051790 45.378016 0
-6.457223 45.660572 0
-4.846915 45.830922 0
-3.236354 46.001015 0
-1.618177 46.057882 0
0.000000 46.114749 0
1.618177 46.057882 0
3.236354 46.001015 0
4.846915 45.830922 0
6.457223 45.660572 0
8.051790 45.378016 0
9.646357 45.095203 0
11.217568 44.701448 0
12.788779 44.307439 0
14.328763 43.804264 1
15.868749 43.301092 1
17.369891 42.690784 1
18.871288 42.080733 2
20.326732 41.366338 3
21.781924 40.652197 3
23.184310 39.837267 4
24.586444 39.022086 6
25.928917 38.110435 7
27.271388 37.198273 9
28.547347 36.193956 12
29.823305 35.189388 15
31.026657 34.096978 18
32.230009 33.004317 22
33.354658 31.829399 27
34.479564 30.653718 33
35.520437 29.401371 40
36.561056 28.148261 48
37.512821 26.824066 57
38.464585 25.499112 67
39.322672 24.109420 78
40.180756 22.718965 91
-38.834223 20.182788 104
-38.113227 21.525260 92
-37.299314 22.845138 80
-36.485403 24.164003 70
-35.582635 25.421426 60
-34.679869 26.678090 52
-33.692562 27.867481 44
-32.705255 29.056106 38
-31.638233 30.171616 32
-30.571464 31.286875 27
-29.430058 32.323686 22
-28.288653 33.360496 19
-27.078192 34.313531 15
-25.867987 35.266566 13
-24.594568 36.132013 10
-23.321401 36.997206 8
-21.991114 37.770755 7
-20.661082 38.543793 5
-19.280529 39.221628 4
-17.900229 39.899467 3
-16.476009 40.478547 2
-15.052044 41.057375 2
-13.591266 41.534906 1
-12.130490 42.012440 1
-10.640264 42.386138 0
-9.150038 42.759839 0
-7.637471 43.028180 0
-6.124905 43.296270 0
-4.597360 43.457986 0
-3.069815 43.619194 0
-1.534907 43.673014 0
0.000000 43.727089 0
1.534907 43.673014 0
3.069815 43.619194 0
4.597360 43.457986 0
6.124905 43.296270 0
7.637471 43.028180 0
9.150038 42.759839 0
10.640264 42.386138 0
12.130490 42.012440 1
13.591266 41.534906 1
15.052044 41.057375 2
16.476009 40.478547 2
17.900229 39.899467 3
19.280529 39.221628 4
20.661082 38.543793 5
21.991114 37.770755 7
23.321401 36.997206 8
24.594568 36.132013 10
25.867987 35.266566 13
27.078192 34.313531 15
28.288653 33.360496 19
29.430058 32.323686 22
30.571464 31.286875 27
31.638233 30.171616 32
32.705255 29.056106 38
33.692562 27.867481 44
34.679869 26.678090 52
35.582635 25.421426 60
36.485403 24.164003 70
37.299314 22.845138 80
38.113227 21.525260 92
38.834223 20.182788 104
-36.700178 19.048237 101
-36.018787 20.349075 90
-35.249555 21.597613 80
-34.480326 22.844630 70
-33.627061 24.033767 62
-32.774054 25.221629 54
-31.841076 26.346027 47
-30.908098 27.469663 40
-29.899721 28.524246 35
-28.891344 29.578319 30
-27.812644 30.558008 25
-26.733944 31.537955 21
-25.590251 32.438690 18
-24.446560 33.339426 15
-23.243209 34.157399 12
-22.039858 34.974868 10
-20.782686 35.705762 8
-19.525768 36.436659 7
-18.221122 37.077176 5
-16.916477 37.717694 4
-15.570704 38.264788 3
-14.224930 38.811882 2
-12.844377 39.263264 2
-11.464077 39.714394 1
-10.055598 40.067530 1
-8.647118 40.420666 0
-7.217822 40.674284 0
-5.788271 40.927647 0
-4.344758 41.080224 0
-2.901244 41.232801 0
-1.450622 41.283829 0
0.000000 41.334604 0
1.450622 41.283829 0
2.901244 41.232801 0
4.344758 41.080224 0
5.788271 40.927647 0
7.217822 40.674284 0
8.647118 40.420666 0
10.055598 40.067530 1
11.464077 39.714394 1
12.844377 39.263264 2
14.224930 38.811882 2
15.570704 38.264788 3
16.916477 37.717694 4
18.221122 37.077176 5
19.525768 36.436659 7
20.782686 35.705762 8
22.039858 34.974868 10
23.243209 34.157399 12
24.446560 33.339426 15
25.590251 32.438690 18
26.733944 31.537955 21
27.812644 30.558008 25
28.891344 29.578319 30
29.899721 28.524246 35
30.908098 27.469663 40
31.841076 26.346027 47
32.774054 25.221629 54
33.627061 24.033767 62
34.480326 22.844630 70
35.249555 21.597613 80
36.018787 20.349075 90
36.700178 19.048237 101
-35.207920 16.686215 106
-34.566135 17.913429 96
-33.924347 19.139884 86
-33.199797 20.316832 77
-32.475246 21.492259 69
-31.671745 22.613099 61
-30.868241 23.732926 54
-29.989592 24.792589 47
-29.110689 25.851486 41
-28.160955 26.845140 36
-27.211475 27.838539 31
-26.195480 28.761870 27
-25.179487 29.685201 23
-24.102311 30.534145 19
-23.024880 31.382839 16
-21.891597 32.153847 14
-20.758314 32.924093 11
-19.574258 33.612592 9
-18.390201 34.301346 8
-17.161462 34.904799 6
-15.932725 35.508252 5
-14.665397 36.023863 4
-13.397816 36.539478 3
-12.097486 36.964459 2
-10.797410 37.389694 1
-9.470932 37.722265 1
-8.144453 38.055090 0
-6.798172 38.293984 0
-5.451638 38.532624 0
-4.092155 38.676567 0
-2.732419 38.820259 0
-1.366337 38.868241 0
0.000000 38.916223 0
1.366337 38.868241 0
2.732419 38.820259 0
4.092155 38.676567 0
5.451638 38.532624 0
6.798172 38.293984 0
8.144453 38.055090 0
9.470932 37.722265 1
10.797410 37.389694 1
12.097486 36.964459 2
13.397816 36.539478 3
14.665397 36.023863 4
15.932725 35.508252 5
17.161462 34.904799 6
18.390201 34.301346 8
19.574258 33.612592 9
20.758314 32.924093 11
21.891597 32.153847 14
23.024880 31.382839 16
24.102311 30.534145 19
25.179487 29.685201 23
26.195480 28.761870 27
27.211475 27.838539 31
28.160955 26.845140 36
29.110689 25.851486 41
29.989592 24.792589 47
30.868241 23.732926 54
31.671745 22.613099 61
32.475246 21.492259 69
33.199797 20.316832 77
33.924347 19.139884 86
34.566135 17.913429 96
35.207920 16.686215 106
-33.008122 15.650926 97
-32.406448 16.802996 88
-31.804774 17.953797 80
-31.125413 19.057630 72
-30.446307 20.160447 65
-29.693069 21.211475 58
-28.939580 22.261742 52
-28.115765 23.255396 46
-27.291953 24.248287 40
-26.401624 25.180248 35
-25.511298 26.111450 31
-24.558771 26.977152 27
-23.606245 27.842853 23
-22.596344 28.638743 20
-21.586443 29.434375 17
-20.523737 30.156639 14
-19.461285 30.878902 12
-18.351358 31.524753 10
-17.241432 32.170092 8
-16.089363 32.735719 6
-14.937294 33.301345 5
-13.748921 33.784718 4
-12.560549 34.267833 3
-11.341711 34.666667 2
-10.122874 35.064990 1
-8.879157 35.376999 0
-7.635441 35.688754 0
-6.373445 35.912668 0
-5.111196 36.136584 0
-3.836507 36.271388 -1
-2.561818 36.406195 -1
-1.280782 36.451128 -1
0.000000 36.496318 -1
1.280782 36.451128 -1
2.561818 36.406195 -1
3.836507 36.271388 -1
5.111196 36.136584 0
6.373445 35.912668 0
7.635441 35.688754 0
8.879157 35.376999 0
10.122874 35.064990 1
11.341711 34.666667 2
12.560549 34.267833 3
13.748921 33.784718 4
14.937294 33.301345 5
16.089363 32.735719 6
17.241432 32.170092 8
18.351358 31.524753 10
19.461285 30.878902 12
20.523737 30.156639 14
21.586443 29.434375 17
22.596344 28.638743 20
23.606245 27.842853 23
24.558771 26.977152 27
25.511298 26.111450 31
26.401624 25.180248 35
27.291953 24.248287 40
28.115765 23.255396 46
28.939580 22.261742 52
29.693069 21.211475 58
30.446307 20.160447 65
31.125413 19.057630 72
31.804774 17.953797 80
32.406448 16.802996 88
33.008122 15.650926 97
-31.294998 13.502411 93
-30.808328 14.577811 85
-30.246764 15.654735 78
-29.685201 16.730135 72
-29.051281 17.761615 65
-28.417364 18.792078 59
-27.714142 19.773801 53
-27.011170 20.755015 48
-26.242195 21.683168 42
-25.473217 22.610561 38
-24.642042 23.481088 33
-23.811119 24.350852 29
-22.922062 25.159686 25
-22.033258 25.968012 22
-21.090378 26.711349 19
-20.147753 27.454431 16
-19.156131 28.128967 13
-18.164255 28.803505 11
-17.128205 29.406447 9
-16.092409 30.009138 7
-15.017010 30.537192 6
-13.941863 31.065500 4
-12.832699 31.516881 3
-11.723534 31.968011 2
-10.585936 32.340442 1
-9.448083 32.712365 0
-8.287383 33.003809 0
-7.126682 33.294998 0
-5.948718 33.503934 -1
-4.770500 33.712870 -1
-3.580858 33.838792 -2
-2.390962 33.964712 -2
-1.195481 34.006601 -2
0.000000 34.048742 -2
1.195481 34.006601 -2
2.390962 33.964712 -2
3.580858 33.838792 -2
4.770500 33.712870 -1
5.948718 33.503934 -1
7.126682 33.294998 0
8.287383 33.003809 0
9.448083 32.712365 0
10.585936 32.340442 1
11.723534 31.968011 2
12.832699 31.516881 3
13.941863 31.065500 4
15.017010 30.537192 6
16.092409 30.009138 7
17.128205 29.406447 9
18.164255 28.803505 11
19.156131 28.128967 13
20.147753 27.454431 16
21.090378 26.711349 19
22.033258 25.968012 22
22.922062 25.159686 25
23.811119 24.350852 29
24.642042 23.481088 33
25.473217 22.610561 38
26.242195 21.683168 42
27.011170 20.755015 48
27.714142 19.773801 53
28.417364 18.792078 59
29.051281 17.761615 65
29.685201 16.730135 72
30.246764 15.654735 78
30.808328 14.577811 85
31.294998 13.502411 93
-29.512567 11.468138 84
-29.060928 12.507744 78
-28.609039 13.545063 72
-28.087586 14.546331 67
-27.565878 15.545569 61
-26.977406 16.503934 56
-26.388676 17.461286 51
-25.735719 18.373445 46
-25.082762 19.284590 42
-24.368622 20.146740 37
-23.654735 21.007870 33
-22.882965 21.815945 29
-22.111196 22.623763 26
-21.285860 23.374714 22
-20.460269 24.125414 19
-19.584920 24.815689 17
-18.709570 25.505459 14
-17.788525 26.131761 12
-16.867478 26.758060 9
-15.905560 27.317848 7
-14.943387 27.877379 6
-13.945163 28.367861 4
-12.946687 28.858339 3
-11.916730 29.277481 1
-10.886773 29.696369 0
-9.830160 30.041888 0
-8.773546 30.387407 -1
-7.695862 30.658035 -1
-6.617923 30.928155 -2
-5.523991 31.122367 -2
-4.430058 31.316325 -3
-3.325209 31.433105 -3
-2.220360 31.550140 -3
-1.110180 31.588983 -3
0.000000 31.628077 -4
1.110180 31.588983 -3
2.220360 31.550140 -3
3.325209 31.433105 -3
4.430058 31.316325 -3
5.523991 31.122367 -2
6.617923 30.928155 -2
7.695862 30.658035 -1
8.773546 30.387407 -1
9.830160 30.041888 0
10.886773 29.696369 0
11.916730 29.277481 1
12.946687 28.858339 3
13.945163 28.367861 4
14.943387 27.877379 6
15.905560 27.317848 7
16.867478 26.758060 9
17.788525 26.131761 12
18.709570 25.505459 14
19.584920 24.815689 17
20.460269 24.125414 19
21.285860 23.374714 22
22.111196 22.623763 26
22.882965 21.815945 29
23.654735 21.007870 33
24.368622 20.146740 37
25.082762 19.284590 42
25.735719 18.373445 46
26.388676 17.461286 51
26.977406 16.503934 56
27.565878 15.545569 61
28.087586 14.546331 67
28.609039 13.545063 72
29.060928 12.507744 78
29.512567 11.468138 84
-27.243717 10.551408 66
-26.409495 12.472709 58
-25.446813 14.322164 49
-24.359989 16.092918 41
-23.154354 17.778117 34
-21.835999 19.370653 27
-20.411272 20.863673 21
-18.887280 22.250824 15
-17.271135 23.525769 10
-15.570704 24.682915 6
-13.794618 25.716933 3
-11.951257 26.623002 0
-10.049758 27.397056 -1
-8.099264 28.035036 -3
-6.109165 28.534653 -4
-4.089363 28.893374 -5
-2.049759 29.108910 -5
0.000000 29.181009 -6
2.049759 29.108910 -5
4.089363 28.893374 -5
6.109165 28.534653 -4
8.099264 28.035036 -3
10.049758 27.397056 -1
11.951257 26.623002 0
13.794618 25.716933 3
15.570704 24.682915 6
17.271135 23.525769 10
18.887280 22.250824 15
20.411272 20.863673 21
21.835999 19.370653 27
23.154354 17.778117 34
24.359989 16.092918 41
25.446813 14.322164 49
26.409495 12.472709 58
27.243717 10.551408 66
-24.923839 9.669204 47
-24.160701 11.429044 42
-23.223153 13.095963 36
-22.285606 14.741814 30
-21.130997 16.249049 24
-19.976644 17.739528 19
-18.627824 19.063469 14
-17.279005 20.373699 10
-15.761868 21.491497 6
-14.244986 22.597613 2
-12.589236 23.489973 0
-10.933486 24.371668 -2
-9.171617 25.022341 -4
-7.409494 25.663112 -6
-5.575273 26.060168 -7
-3.741051 26.447830 -8
-1.870526 26.583905 -8
0.000000 26.710841 -8
1.870526 26.583905 -8
3.741051 26.447830 -8
5.575273 26.060168 -7
7.409494 25.663112 -6
9.171617 25.022341 -4
10.933486 24.371668 -2
12.589236 23.489973 0
14.244986 22.597613 2
15.761868 21.491497 6
17.279005 20.373699 10
18.627824 19.063469 14
19.976644 17.739528 19
21.130997 16.249049 24
22.285606 14.741814 30
23.223153 13.095963 36
24.160701 11.429044 42
24.923839 9.669204 47
-22.603960 8.731659 28
-21.911906 10.332063 25
-21.061437 11.840314 21
-20.211221 13.342474 17
-19.164255 14.705509 13
-18.117289 16.065246 9
-16.893882 17.261997 6
-15.670729 18.456715 2
-14.294745 19.466617 0
-12.919015 20.475756 -2
-11.417365 21.280782 -5
-9.915968 22.085808 -7
-8.317848 22.671999 -8
-6.719726 23.257679 -10
-5.056359 23.613862 -11
-3.392993 23.970045 -12
-1.696370 24.089363 -12
0.000000 24.208684 -12
1.696370 24.089363 -12
3.392993 23.970045 -12
5.056359 23.613862 -11
6.719726 23.257679 -10
8.317848 22.671999 -8
9.915968 22.085808 -7
11.417365 21.280782 -5
12.919015 20.475756 -2
14.294745 19.466617 0
15.670729 18.456715 2
16.893882 17.261997 6
18.117289 16.065246 9
19.164255 14.705509 13
20.211221 13.342474 17
21.061437 11.840314 21
21.911906 10.332063 25
22.603960 8.731659 28
-20.265296 7.846409 8
-19.644834 9.282305 7
-18.882458 10.634425 5
-18.120081 11.980706 3
-17.181519 13.202082 1
-16.242701 14.420412 -1
-15.145976 15.492511 -3
-14.049252 16.563088 -5
-12.815689 17.468141 -7
-11.582382 18.372177 -9
-10.236101 19.093678 -11
-8.890073 19.814928 -13
-7.457222 20.340190 -14
-6.024625 20.865194 -15
-4.533130 21.184058 -16
-3.041889 21.503174 -17
-1.520944 21.610307 -17
0.000000 21.717189 -17
1.520944 21.610307 -17
3.041889 21.503174 -17
4.533130 21.184058 -16
6.024625 20.865194 -15
7.457222 20.340190 -14
8.890073 19.814928 -13
10.236101 19.093678 -11
11.582382 18.372177 -9
12.815689 17.468141 -7
14.049252 16.563088 -5
15.145976 15.492511 -3
16.242701 14.420412 -1
17.181519 13.202082 1
18.120081 11.980706 3
18.882458 10.634425 5
19.644834 9.282305 7
20.265296 7.846409 8
-17.926631 6.901496 -11
-17.377761 8.176442 -11
-16.703224 9.376239 -11
-16.028941 10.570194 -11
-15.198527 11.652957 -12
-14.368367 12.732673 -13
-13.398071 13.682409 -14
-12.428028 14.630872 -16
-11.336887 15.432343 -17
-10.245747 16.233055 -18
-9.054837 16.872048 -19
-7.863925 17.510535 -20
-6.596598 17.975630 -21
-5.329271 18.440467 -22
-4.010155 18.723026 -22
-2.690784 19.005331 -23
-1.345519 19.100279 -23
0.000000 19.194721 -23
1.345519 19.100279 -23
2.690784 19.005331 -23
4.010155 18.723026 -22
5.329271 18.440467 -22
6.596598 17.975630 -21
7.863925 17.510535 -20
9.054837 16.872048 -19
10.245747 16.233055 -18
11.336887 15.432343 -17
12.428028 14.630872 -16
13.398071 13.682409 -14
14.368367 12.732673 -13
15.198527 11.652957 -12
16.028941 10.570194 -11
16.703224 9.376239 -11
17.377761 8.176442 -11
17.926631 6.901496 -11
-15.621224 6.033257 -31
-15.142675 7.143945 -29
-14.555217 8.188627 -28
-13.967504 9.228230 -27
-13.243970 10.170601 -27
-12.520436 11.110688 -27
-11.675045 11.937800 -27
-10.829652 12.763391 -27
-9.878903 13.461284 -28
-8.928154 14.158418 -28
-7.890327 14.714902 -28
-6.852754 15.270881 -29
-5.748413 15.676059 -29
-4.643818 16.080732 -30
-3.494288 16.326732 -30
-2.344758 16.572735 -30
-1.172379 16.655244 -30
0.000000 16.737752 -31
1.172379 16.655244 -30
2.344758 16.572735 -30
3.494288 16.326732 -30
4.643818 16.080732 -30
5.748413 15.676059 -29
6.852754 15.270881 -29
7.890327 14.714902 -28
8.928154 14.158418 -28
9.878903 13.461284 -28
10.829652 12.763391 -27
11.675045 11.937800 -27
12.520436 11.110688 -27
13.243970 10.170601 -27
13.967504 9.228230 -27
14.555217 8.188627 -28
15.142675 7.143945 -29
15.621224 6.033257 -31
-12.907845 6.054074 -48
-11.906068 7.838029 -44
-10.672506 9.447067 -42
-9.231277 10.858846 -40
-7.610307 12.049758 -40
-5.841330 12.999493 -40
-3.958619 13.690531 -40
-1.998731 14.110436 -40
0.000000 14.251332 -40
1.998731 14.110436 -40
3.958619 13.690531 -40
5.841330 12.999493 -40
7.610307 12.049758 -40
9.231277 10.858846 -40
10.672506 9.447067 -42
11.906068 7.838029 -44
12.907845 6.054074 -48
-10.597868 5.000761 -66
-9.680122 6.401879 -61
-8.762630 7.778370 -57
-7.505459 8.850977 -55
-6.248286 9.911145 -53
-4.749175 10.588221 -52
-3.250064 11.256410 -52
-1.625032 11.490225 -51
0.000000 11.715917 -51
1.625032 11.490225 -51
3.250064 11.256410 -52
4.749175 10.588221 -52
6.248286 9.911145 -53
7.505459 8.850977 -55
8.762630 7.778370 -57
9.680122 6.401879 -61
10.597868 5.000761 -66
-8.287637 3.874079 -84
-7.569941 4.971819 -78
-6.852501 6.058390 -74
-5.869256 6.896420 -71
-4.886266 7.731404 -68
-3.713887 8.258950 -67
-2.541508 8.785733 -65
-1.270881 8.965727 -65
0.000000 9.145721 -65
1.270881 8.965727 -65
2.541508 8.785733 -65
3.713887 8.258950 -67
4.886266 7.731404 -68
5.869256 6.896420 -71
6.852501 6.058390 -74
7.569941 4.971819 -78
8.287637 3.874079 -84
-5.638995 3.304647 -95
-4.921554 4.368623 -91
-4.215537 4.968519 -87
-3.509520 5.566641 -85
-2.667428 5.944656 -83
-1.825336 6.322417 -82
-0.912668 6.451383 -81
0.000000 6.580351 -81
0.912668 6.451383 -81
1.825336 6.322417 -82
2.667428 5.944656 -83
3.509520 5.566641 -85
4.215537 4.968519 -87
4.921554 4.368623 -91
5.638995 3.304647 -95
-2.990607 2.630111 -108
-2.132521 3.363289 -103
-1.109165 3.824575 -100
0.000000 3.981974 -99
1.109165 3.824575 -100
2.132521 3.363289 -103
2.990607 2.630111 -108
