# Active surface commands at 38.612960
# Zero points are Off, FEM corrections are Off
-12.741051 103.255394 76
-10.929931 103.478548 82
-9.111958 103.637726 87
-7.293983 103.797412 92
-5.471693 103.893116 95
-3.649150 103.988833 98
-1.824575 104.021075 99
0.000000 104.052809 100
1.824575 104.021075 99
3.649150 103.988833 98
5.471693 103.893116 95
7.293983 103.797412 92
9.111958 103.637726 87
10.929931 103.478548 82
12.741051 103.255394 76
-23.048235 99.466362 17
-21.336126 99.861387 27
-19.578065 100.204114 36
-17.820005 100.546840 45
-16.051028 100.827872 53
-14.282051 101.109163 60
-12.504442 101.327749 67
-10.726834 101.546838 72
-8.942625 101.703220 77
-7.158416 101.859863 81
-5.369891 101.953794 84
-3.581366 102.047726 87
-1.790810 102.079205 88
0.000000 102.110431 88
1.790810 102.079205 88
3.581366 102.047726 87
5.369891 101.953794 84
7.158416 101.859863 81
8.942625 101.703220 77
10.726834 101.546838 72
12.504442 101.327749 67
14.282051 101.109163 60
16.051028 100.827872 53
17.820005 100.546840 45
19.578065 100.204114 36
21.336126 99.861387 27
23.048235 99.466362 17
-29.431075 95.752474 -27
-27.750698 96.268088 -16
-26.053567 96.724041 -6
-24.356436 97.180501 3
-22.644327 97.566385 13
-20.932217 97.961664 22
-19.207413 98.297790 30
-17.482610 98.634170 38
-15.747145 98.909623 45
-14.011678 99.185578 52
-12.267835 99.400352 58
-10.523737 99.615127 63
-8.773292 99.768466 68
-7.023103 99.922314 71
-5.268342 100.014472 74
-3.513582 100.106625 76
-1.756791 100.137596 78
0.000000 100.168314 78
1.756791 100.137596 78
3.513582 100.106625 76
5.268342 100.014472 74
7.023103 99.922314 71
8.773292 99.768466 68
10.523737 99.615127 63
12.267835 99.400352 58
14.011678 99.185578 52
15.747145 98.909623 45
17.482610 98.634170 38
19.207413 98.297790 30
20.932217 97.961664 22
22.644327 97.566385 13
24.356436 97.180501 3
26.053567 96.724041 -6
27.750698 96.268088 -16
29.431075 95.752474 -27
-33.758314 92.233310 -58
-32.129727 92.795887 -48
-30.500890 93.358464 -38
-28.853517 93.863672 -28
-27.206144 94.368874 -18
-25.542269 94.816198 -8
-23.878396 95.263517 0
-22.200051 95.651942 9
-20.521453 96.040875 17
-18.830413 96.370399 25
-17.139629 96.700178 32
-15.438182 96.970295 39
-13.736736 97.240672 45
-12.026910 97.451380 50
-10.317339 97.661841 55
-8.601167 97.812391 59
-6.885250 97.963189 62
-5.165016 98.053569 65
-3.444783 98.143942 67
-1.722264 98.174158 68
0.000000 98.204367 68
1.722264 98.174158 68
3.444783 98.143942 67
5.165016 98.053569 65
6.885250 97.963189 62
8.601167 97.812391 59
10.317339 97.661841 55
12.026910 97.451380 50
13.736736 97.240672 45
15.438182 96.970295 39
17.139629 96.700178 32
18.830413 96.370399 25
20.521453 96.040875 17
22.200051 95.651942 9
23.878396 95.263517 0
25.542269 94.816198 -8
27.206144 94.368874 -18
28.853517 93.863672 -28
30.500890 93.358464 -38
32.129727 92.795887 -48
33.758314 92.233310 -58
-37.788525 88.513329 -84
-36.234578 89.175168 -74
-34.658542 89.781925 -65
-33.082762 90.376744 -55
-31.486418 90.928152 -46
-29.890328 91.479560 -37
-28.275959 91.974610 -28
-26.661588 92.469659 -19
-25.030972 92.908096 -10
-23.400355 93.346279 -2
-21.755522 93.727340 5
-20.110687 94.108401 13
-18.453669 94.431325 20
-16.796395 94.754503 26
-15.129221 95.019296 32
-13.461793 95.284336 38
-11.786240 95.490731 43
-10.110688 95.696877 47
-8.429043 95.844632 51
-6.747398 95.992127 54
-5.061437 96.080728 56
-3.375730 96.169329 58
-1.687992 96.199036 59
0.000000 96.228737 60
1.687992 96.199036 59
3.375730 96.169329 58
5.061437 96.080728 56
6.747398 95.992127 54
8.429043 95.844632 51
10.110688 95.696877 47
11.786240 95.490731 43
13.461793 95.284336 38
15.129221 95.019296 32
16.796395 94.754503 26
18.453669 94.431325 20
20.110687 94.108401 13
21.755522 93.727340 5
23.400355 93.346279 -2
25.030972 92.908096 -10
26.661588 92.469659 -19
28.275959 91.974610 -28
29.890328 91.479560 -37
31.486418 90.928152 -46
33.082762 90.376744 -55
34.658542 89.781925 -65
36.234578 89.175168 -74
37.788525 88.513329 -84
-39.992131 85.333588 -94
-38.525769 86.017008 -86
-37.004061 86.665143 -78
-35.482357 87.313278 -70
-33.939070 87.907589 -61
-32.395784 88.501900 -53
-30.832953 89.041885 -44
-29.269864 89.581871 -36
-27.689008 90.067022 -28
-26.108150 90.551913 -20
-24.511297 90.980959 -12
-22.914699 91.410254 -4
-21.303884 91.783444 2
-19.693322 92.156386 9
-18.070576 92.472709 15
-16.447830 92.789286 21
-14.815182 93.048742 27
-13.182280 93.308198 32
-11.541508 93.510279 36
-9.900736 93.712366 40
-8.254126 93.856817 44
-6.607261 94.001522 46
-4.956588 94.088345 49
-3.305662 94.175173 50
-1.652704 94.203857 51
0.000000 94.233050 51
1.652704 94.203857 51
3.305662 94.175173 50
4.956588 94.088345 49
6.607261 94.001522 46
8.254126 93.856817 44
9.900736 93.712366 40
11.541508 93.510279 36
13.182280 93.308198 32
14.815182 93.048742 27
16.447830 92.789286 21
18.070576 92.472709 15
19.693322 92.156386 9
21.303884 91.783444 2
22.914699 91.410254 -4
24.511297 90.980959 -12
26.108150 90.551913 -20
27.689008 90.067022 -28
29.269864 89.581871 -36
30.832953 89.041885 -44
32.395784 88.501900 -53
33.939070 87.907589 -61
35.482357 87.313278 -70
37.004061 86.665143 -78
38.525769 86.017008 -86
39.992131 85.333588 -94
-43.525259 81.348821 -106
-42.083525 82.085805 -100
-40.641787 82.823303 -93
-39.175425 83.498858 -87
-37.709063 84.182532 -79
-36.219597 84.816957 -72
-34.730135 85.451382 -65
-33.219599 86.033253 -57
-31.709064 86.614877 -50
-30.179234 87.143439 -42
-28.649403 87.671995 -35
-27.102058 88.146988 -27
-25.554709 88.621479 -20
-23.991623 89.041631 -13
-22.428788 89.461790 -6
-20.852247 89.827114 0
-19.275705 90.192179 5
-17.687485 90.501901 11
-16.099010 90.811629 17
-14.500889 91.065755 22
-12.902767 91.319626 26
-11.297029 91.517387 30
-9.691039 91.715154 34
-8.078954 91.856816 37
-6.467124 91.998224 40
-4.851485 92.083268 42
-3.235593 92.168317 43
-1.617669 92.196493 44
0.000000 92.224930 44
1.617669 92.196493 44
3.235593 92.168317 43
4.851485 92.083268 42
6.467124 91.998224 40
8.078954 91.856816 37
9.691039 91.715154 34
11.297029 91.517387 30
12.902767 91.319626 26
14.500889 91.065755 22
16.099010 90.811629 17
17.687485 90.501901 11
19.275705 90.192179 5
20.852247 89.827114 0
22.428788 89.461790 -6
23.991623 89.041631 -13
25.554709 88.621479 -20
27.102058 88.146988 -27
28.649403 87.671995 -35
30.179234 87.143439 -42
31.709064 86.614877 -50
33.219599 86.033253 -57
34.730135 85.451382 -65
36.219597 84.816957 -72
37.709063 84.182532 -79
39.175425 83.498858 -87
40.641787 82.823303 -93
42.083525 82.085805 -100
43.525259 81.348821 -106
-45.334856 78.006345 -106
-43.951002 78.776593 -101
-42.566894 79.546588 -96
-41.156894 80.267326 -91
-39.747144 80.988573 -85
-38.313024 81.659560 -79
-36.878650 82.331049 -73
-35.422189 82.951255 -66
-33.965474 83.571716 -60
-32.488194 84.140900 -53
-31.010917 84.710078 -46
-29.514851 85.226957 -40
-28.018533 85.744096 -33
-26.505205 86.208174 -26
-24.992130 86.672506 -20
-23.463569 87.083523 -14
-21.935009 87.494540 -8
-20.393246 87.851739 -2
-18.851231 88.208683 3
-17.298045 88.511805 8
-15.744605 88.814672 13
-14.181772 89.063213 17
-12.618685 89.311500 21
-11.048236 89.505201 25
-9.477533 89.698400 28
-7.901244 89.836759 31
-6.324702 89.975371 33
-4.744605 90.058388 35
-3.164255 90.141404 36
-1.582127 90.169079 37
0.000000 90.197001 37
1.582127 90.169079 37
3.164255 90.141404 36
4.744605 90.058388 35
6.324702 89.975371 33
7.901244 89.836759 31
9.477533 89.698400 28
11.048236 89.505201 25
12.618685 89.311500 21
14.181772 89.063213 17
15.744605 88.814672 13
17.298045 88.511805 8
18.851231 88.208683 3
20.393246 87.851739 -2
21.935009 87.494540 -8
23.463569 87.083523 -14
24.992130 86.672506 -20
26.505205 86.208174 -26
28.018533 85.744096 -33
29.514851 85.226957 -40
31.010917 84.710078 -46
32.488194 84.140900 -53
33.965474 83.571716 -60
35.422189 82.951255 -66
36.878650 82.331049 -73
38.313024 81.659560 -79
39.747144 80.988573 -85
41.156894 80.267326 -91
42.566894 79.546588 -96
43.951002 78.776593 -101
45.334856 78.006345 -106
-46.965981 74.651943 -101
-45.640265 75.489211 -98
-44.314294 76.238640 -95
-42.961412 76.991367 -91
-41.608529 77.744100 -87
-40.230517 78.448847 -82
-38.852247 79.153843 -77
-37.450369 79.809849 -72
-36.048488 80.466110 -66
-34.624778 81.072606 -61
-33.200813 81.679357 -55
-31.756792 82.235593 -49
-30.312770 82.791823 -43
-28.850217 83.297286 -37
-27.387663 83.802742 -31
-25.908606 84.256407 -26
-24.429297 84.710332 -20
-22.935262 85.111959 -14
-21.441229 85.513833 -9
-19.933994 85.863161 -4
-18.427013 86.211980 0
-16.908607 86.508252 5
-15.390200 86.804518 9
-13.862401 87.047475 13
-12.334602 87.290172 17
-10.799442 87.479311 20
-9.264281 87.668444 23
-7.723280 87.803753 26
-6.182534 87.939069 28
-4.637725 88.020307 29
-3.093171 88.101550 30
-1.546585 88.128456 31
0.000000 88.155622 31
1.546585 88.128456 31
3.093171 88.101550 30
4.637725 88.020307 29
6.182534 87.939069 28
7.723280 87.803753 26
9.264281 87.668444 23
10.799442 87.479311 20
12.334602 87.290172 17
13.862401 87.047475 13
15.390200 86.804518 9
16.908607 86.508252 5
18.427013 86.211980 0
19.933994 85.863161 -4
21.441229 85.513833 -9
22.935262 85.111959 -14
24.429297 84.710332 -20
25.908606 84.256407 -26
27.387663 83.802742 -31
28.850217 83.297286 -37
30.312770 82.791823 -43
31.756792 82.235593 -49
33.200813 81.679357 -55
34.624778 81.072606 -61
36.048488 80.466110 -66
37.450369 79.809849 -72
38.852247 79.153843 -77
40.230517 78.448847 -82
41.608529 77.744100 -87
42.961412 76.991367 -91
44.314294 76.238640 -95
45.640265 75.489211 -98
46.965981 74.651943 -101
-47.107389 72.095458 -91
-45.870779 72.898959 -89
-45.226199 73.294493 -88
-44.575780 73.680122 -87
-43.280781 74.461285 -84
-41.959635 75.196496 -81
-41.301599 75.569178 -79
-40.638233 75.931707 -77
-39.292205 76.620210 -73
-37.946178 77.308960 -69
-37.264025 77.634680 -67
-36.577051 77.949478 -65
-35.207920 78.590503 -60
-33.817214 79.183042 -55
-33.124143 79.484638 -53
-32.426505 79.775580 -50
-31.016247 80.318863 -45
-29.605739 80.862400 -40
-28.893628 81.114746 -37
-28.177457 81.356179 -35
-26.748921 81.849710 -30
-25.304392 82.292968 -24
-24.583650 82.520182 -22
-23.859609 82.736227 -19
-22.400355 83.128711 -14
-20.941102 83.521196 -10
-20.206397 83.697381 -7
-19.469155 83.862150 -5
-17.997207 84.203097 -1
-16.514344 84.492509 2
-15.773801 84.642805 4
-15.031227 84.781672 6
-13.539223 85.019038 10
-12.046966 85.256156 13
-11.298045 85.354147 15
-10.547601 85.440721 16
-9.048236 85.625795 19
-7.543285 85.757807 21
-6.791318 85.829654 22
-6.038335 85.890073 23
-4.529576 85.969284 24
-3.021071 86.048742 25
-2.265804 86.067529 25
-1.510536 86.075146 26
0.000000 86.101295 26
1.510536 86.075146 26
2.265804 86.067529 25
3.021071 86.048742 25
4.529576 85.969284 24
6.038335 85.890073 23
6.791318 85.829654 22
7.543285 85.757807 21
9.048236 85.625795 19
10.547601 85.440721 16
11.298045 85.354147 15
12.046966 85.256156 13
13.539223 85.019038 10
15.031227 84.781672 6
15.773801 84.642805 4
16.514344 84.492509 2
17.997207 84.203097 -1
19.469155 83.862150 -5
20.206397 83.697381 -7
20.941102 83.521196 -10
22.400355 83.128711 -14
23.859609 82.736227 -19
24.583650 82.520182 -22
25.304392 82.292968 -24
26.748921 81.849710 -30
28.177457 81.356179 -35
28.893628 81.114746 -37
29.605739 80.862400 -40
31.016247 80.318863 -45
32.426505 79.775580 -50
33.124143 79.484638 -53
33.817214 79.183042 -55
35.207920 78.590503 -60
36.577051 77.949478 -65
37.264025 77.634680 -67
37.946178 77.308960 -69
39.292205 76.620210 -73
40.638233 75.931707 -77
41.301599 75.569178 -79
41.959635 75.196496 -81
43.280781 74.461285 -84
44.575780 73.680122 -87
45.226199 73.294493 -88
45.870779 72.898959 -89
47.107389 72.095458 -91
-49.664637 67.850213 -79
-47.856056 69.128712 -79
-46.012187 70.342728 -79
-44.146231 71.532112 -77
-42.247271 72.671237 -74
-40.315563 73.752726 -70
-38.353897 74.778879 -65
-36.374207 75.768978 -60
-34.367098 76.702210 -54
-32.333079 77.575017 -48
-30.275452 78.389439 -41
-28.203603 79.166289 -34
-26.110180 79.883978 -27
-23.996699 80.538459 -21
-21.865449 81.132522 -14
-19.724041 81.687482 -8
-17.567402 82.181515 -2
-15.397309 82.610562 2
-13.215791 82.977659 7
-11.028180 83.304897 11
-8.832191 83.569943 15
-6.629094 83.769229 17
-4.421427 83.905561 19
-2.211729 84.001525 21
0.000000 84.034523 21
2.211729 84.001525 21
4.421427 83.905561 19
6.629094 83.769229 17
8.832191 83.569943 15
11.028180 83.304897 11
13.215791 82.977659 7
15.397309 82.610562 2
17.567402 82.181515 -2
19.724041 81.687482 -8
21.865449 81.132522 -14
23.996699 80.538459 -21
26.110180 79.883978 -27
28.203603 79.166289 -34
30.275452 78.389439 -41
32.333079 77.575017 -48
34.367098 76.702210 -54
36.374207 75.768978 -60
38.353897 74.778879 -65
40.315563 73.752726 -70
42.247271 72.671237 -74
44.146231 71.532112 -77
46.012187 70.342728 -79
47.856056 69.128712 -79
49.664637 67.850213 -79
-49.543539 65.365829 -64
-48.424472 66.143181 -66
-46.661081 67.389946 -67
-44.863164 68.586440 -67
-43.043920 69.749173 -66
-41.192433 70.860115 -64
-39.308708 71.914953 -61
-37.396294 72.915458 -57
-35.465854 73.880932 -53
-33.509014 74.791064 -48
-31.525769 75.642042 -42
-29.519676 76.436407 -37
-27.499364 77.193702 -31
-25.458238 77.893627 -25
-23.397309 78.531858 -20
-21.319625 79.110940 -14
-19.231532 79.652196 -9
-17.128713 80.134044 -3
-15.012693 80.552423 0
-12.885758 80.910639 4
-10.752983 81.229751 8
-8.611576 81.487943 11
-6.463570 81.682152 14
-4.310993 81.815180 15
-2.156385 81.908603 17
0.000000 81.941100 17
2.156385 81.908603 17
4.310993 81.815180 15
6.463570 81.682152 14
8.611576 81.487943 11
10.752983 81.229751 8
12.885758 80.910639 4
15.012693 80.552423 0
17.128713 80.134044 -3
19.231532 79.652196 -9
21.319625 79.110940 -14
23.397309 78.531858 -20
25.458238 77.893627 -25
27.499364 77.193702 -31
29.519676 76.436407 -37
31.525769 75.642042 -42
33.509014 74.791064 -48
35.465854 73.880932 -53
37.396294 72.915458 -57
39.308708 71.914953 -61
41.192433 70.860115 -64
43.043920 69.749173 -66
44.863164 68.586440 -67
46.661081 67.389946 -67
48.424472 66.143181 -66
49.543539 65.365829 -64
-50.511044 61.871792 -48
-48.865955 63.241688 -52
-47.184310 64.435894 -54
-45.466109 65.651435 -56
-43.714141 66.816957 -56
-41.941608 67.950243 -56
-40.137345 69.032748 -54
-38.302106 70.060674 -52
-36.438438 71.035798 -49
-34.557501 71.976387 -46
-32.650672 72.863673 -42
-30.718456 73.692816 -38
-28.763646 74.466870 -33
-26.795125 75.205130 -28
-24.806296 75.887026 -23
-22.798173 76.508757 -18
-20.773547 77.073367 -13
-18.739020 77.600659 -9
-16.690022 78.070067 -4
-14.628333 78.477786 0
-12.555725 78.826859 2
-10.477532 79.137852 6
-8.390962 79.389691 8
-6.298045 79.578830 10
-4.200559 79.708301 12
-2.101295 79.799443 13
0.000000 79.831177 13
2.101295 79.799443 13
4.200559 79.708301 12
6.298045 79.578830 10
8.390962 79.389691 8
10.477532 79.137852 6
12.555725 78.826859 2
14.628333 78.477786 0
16.690022 78.070067 -4
18.739020 77.600659 -9
20.773547 77.073367 -13
22.798173 76.508757 -18
24.806296 75.887026 -23
26.795125 75.205130 -28
28.763646 74.466870 -33
30.718456 73.692816 -38
32.650672 72.863673 -42
34.557501 71.976387 -46
36.438438 71.035798 -49
38.302106 70.060674 -52
40.137345 69.032748 -54
41.941608 67.950243 -56
43.714141 66.816957 -56
45.466109 65.651435 -56
47.184310 64.435894 -54
48.865955 63.241688 -52
50.511044 61.871792 -48
-51.221884 58.386649 -30
-49.161462 60.205382 -36
-47.560295 61.484390 -40
-45.923837 62.716931 -43
-44.251334 63.899975 -45
-42.546332 65.034526 -46
-40.821019 66.137850 -46
-39.064992 67.191417 -46
-37.278752 68.191929 -44
-35.464838 69.141152 -42
-33.634425 70.057122 -39
-31.778370 70.920286 -36
-29.897691 71.727598 -33
-27.995176 72.481087 -29
-26.079208 73.199799 -25
-24.143438 73.863162 -21
-22.189135 74.468649 -17
-20.218583 75.018278 -12
-18.238132 75.531606 -9
-16.244224 75.988574 -5
-14.237370 76.385379 -1
-12.220360 76.724802 1
-10.197512 77.027669 4
-8.166794 77.272659 6
-6.129728 77.456715 8
-4.088347 77.582889 9
-2.045189 77.671744 10
0.000000 77.702461 10
2.045189 77.671744 10
4.088347 77.582889 9
6.129728 77.456715 8
8.166794 77.272659 6
10.197512 77.027669 4
12.220360 76.724802 1
14.237370 76.385379 -1
16.244224 75.988574 -5
18.238132 75.531606 -9
20.218583 75.018278 -12
22.189135 74.468649 -17
24.143438 73.863162 -21
26.079208 73.199799 -25
27.995176 72.481087 -29
29.897691 71.727598 -33
31.778370 70.920286 -36
33.634425 70.057122 -39
35.464838 69.141152 -42
37.278752 68.191929 -44
39.064992 67.191417 -46
40.821019 66.137850 -46
42.546332 65.034526 -46
44.251334 63.899975 -45
45.923837 62.716931 -43
47.560295 61.484390 -40
49.161462 60.205382 -36
51.221884 58.386649 -30
-50.844123 55.968014 -13
-49.346281 57.283826 -19
-47.811883 58.538972 -25
-46.254887 59.782942 -29
-44.663113 60.981723 -33
-43.036557 62.132518 -35
-41.378269 63.235849 -37
-39.700433 64.309213 -37
-37.992638 65.333841 -37
-36.255394 66.307187 -37
-34.491495 67.230514 -35
-32.711094 68.121352 -33
-30.906068 68.960901 -31
-29.076922 69.746384 -28
-27.226706 70.479054 -25
-25.363290 71.177963 -22
-23.480832 71.823556 -18
-21.580096 72.412289 -15
-19.663366 72.946938 -11
-17.737497 73.446307 -8
-15.798172 73.890583 -5
-13.846661 74.276720 -2
-11.884996 74.607007 0
-9.917746 74.901495 2
-7.942625 75.139629 4
-5.961412 75.318864 5
-3.976136 75.441480 7
-1.989083 75.527800 7
0.000000 75.557755 7
1.989083 75.527800 7
3.976136 75.441480 7
5.961412 75.318864 5
7.942625 75.139629 4
9.917746 74.901495 2
11.884996 74.607007 0
13.846661 74.276720 -2
15.798172 73.890583 -5
17.737497 73.446307 -8
19.663366 72.946938 -11
21.580096 72.412289 -15
23.480832 71.823556 -18
25.363290 71.177963 -22
27.226706 70.479054 -25
29.076922 69.746384 -28
30.906068 68.960901 -31
32.711094 68.121352 -33
34.491495 67.230514 -35
36.255394 66.307187 -37
37.992638 65.333841 -37
39.700433 64.309213 -37
41.378269 63.235849 -37
43.036557 62.132518 -35
44.663113 60.981723 -33
46.254887 59.782942 -29
47.811883 58.538972 -25
49.346281 57.283826 -19
50.844123 55.968014 -13
-51.183549 52.517642 4
-49.385378 54.348058 -3
-47.930439 55.626050 -9
-46.440214 56.862149 -15
-44.927645 58.070320 -20
-43.381824 59.235340 -23
-41.801979 60.353137 -26
-40.191165 61.425236 -28
-38.561311 62.467634 -29
-36.902767 63.463571 -30
-35.215283 64.408735 -29
-33.501904 65.305659 -29
-31.772532 66.171109 -27
-30.019293 66.986801 -26
-28.242701 67.749680 -23
-26.445543 68.461537 -21
-24.635695 69.140389 -19
-22.807058 69.767451 -16
-20.960904 70.339424 -13
-19.099264 70.858590 -10
-17.228739 71.343742 -8
-15.345011 71.775323 -5
-13.449353 72.150546 -3
-11.544047 72.471437 0
-9.633156 72.757297 1
-7.714649 72.988830 2
-5.790556 73.162983 4
-3.862148 73.282053 5
-1.931962 73.365826 5
0.000000 73.395025 5
1.931962 73.365826 5
3.862148 73.282053 5
5.790556 73.162983 4
7.714649 72.988830 2
9.633156 72.757297 1
11.544047 72.471437 0
13.449353 72.150546 -3
15.345011 71.775323 -5
17.228739 71.343742 -8
19.099264 70.858590 -10
20.960904 70.339424 -13
22.807058 69.767451 -16
24.635695 69.140389 -19
26.445543 68.461537 -21
28.242701 67.749680 -23
30.019293 66.986801 -26
31.772532 66.171109 -27
33.501904 65.305659 -29
35.215283 64.408735 -29
36.902767 63.463571 -30
38.561311 62.467634 -29
40.191165 61.425236 -28
41.801979 60.353137 -26
43.381824 59.235340 -23
44.927645 58.070320 -20
46.440214 56.862149 -15
47.930439 55.626050 -9
49.385378 54.348058 -3
51.183549 52.517642 4
-50.639250 50.142676 22
-49.301345 51.358721 13
-47.926884 52.727848 5
-46.514851 53.968522 0
-45.068545 55.168319 -6
-43.600661 56.340950 -11
-42.100278 57.471695 -15
-40.567148 58.556487 -18
-39.004062 59.597107 -20
-37.422441 60.609035 -22
-35.812644 61.575526 -22
-34.175172 62.493021 -23
-32.512314 63.363541 -22
-30.833969 64.203604 -22
-29.132776 64.995174 -21
-27.408479 65.735722 -19
-25.664381 66.426505 -17
-23.907844 67.085555 -15
-22.133537 67.694084 -13
-20.341711 68.249304 -11
-18.535161 68.753235 -9
-16.719727 69.223914 -7
-14.891851 69.643056 -5
-13.052044 70.007110 -3
-11.203097 70.318611 -1
-9.348565 70.596091 0
-7.486926 70.820764 1
-5.619447 70.989846 2
-3.747906 71.105359 3
-1.874841 71.186851 3
0.000000 71.215027 4
1.874841 71.186851 3
3.747906 71.105359 3
5.619447 70.989846 2
7.486926 70.820764 1
9.348565 70.596091 0
11.203097 70.318611 -1
13.052044 70.007110 -3
14.891851 69.643056 -5
16.719727 69.223914 -7
18.535161 68.753235 -9
20.341711 68.249304 -11
22.133537 67.694084 -13
23.907844 67.085555 -15
25.664381 66.426505 -17
27.408479 65.735722 -19
29.132776 64.995174 -21
30.833969 64.203604 -22
32.512314 63.363541 -22
34.175172 62.493021 -23
35.812644 61.575526 -22
37.422441 60.609035 -22
39.004062 59.597107 -20
40.567148 58.556487 -18
42.100278 57.471695 -15
43.600661 56.340950 -11
45.068545 55.168319 -6
46.514851 53.968522 0
47.926884 52.727848 5
49.301345 51.358721 13
50.639250 50.142676 22
-50.729118 46.764663 38
-49.072861 48.576290 29
-47.776340 49.856816 21
-46.444274 51.100024 13
-45.076163 52.302614 7
-43.674536 53.465347 1
-42.252096 54.601930 -3
-40.798173 55.697891 -7
-39.312516 56.749432 -10
-37.797664 57.758063 -13
-36.265041 58.738765 -14
-34.705002 59.675555 -16
-33.118051 60.564862 -17
-31.506729 61.408730 -17
-29.880426 62.222644 -17
-28.231532 62.989843 -16
-26.560802 63.707538 -15
-24.870526 64.377255 -14
-23.168316 65.015739 -12
-21.448845 65.605737 -11
-19.712617 66.143689 -9
-17.961920 66.632137 -8
-16.202589 67.088350 -6
-14.431074 67.494544 -4
-12.648388 67.847169 -3
-10.856563 68.149020 -1
-9.059406 68.417872 0
-7.255395 68.635696 0
-5.445545 68.799442 1
-3.632140 68.911651 2
-1.816959 68.990354 2
0.000000 69.017774 2
1.816959 68.990354 2
3.632140 68.911651 2
5.445545 68.799442 1
7.255395 68.635696 0
9.059406 68.417872 0
10.856563 68.149020 -1
12.648388 67.847169 -3
14.431074 67.494544 -4
16.202589 67.088350 -6
17.961920 66.632137 -8
19.712617 66.143689 -9
21.448845 65.605737 -11
23.168316 65.015739 -12
24.870526 64.377255 -14
26.560802 63.707538 -15
28.231532 62.989843 -16
29.880426 62.222644 -17
31.506729 61.408730 -17
33.118051 60.564862 -17
34.705002 59.675555 -16
36.265041 58.738765 -14
37.797664 57.758063 -13
39.312516 56.749432 -10
40.798173 55.697891 -7
42.252096 54.601930 -3
43.674536 53.465347 1
45.076163 52.302614 7
46.444274 51.100024 13
47.776340 49.856816 21
49.072861 48.576290 29
50.729118 46.764663 38
-49.935262 44.467630 54
-48.739019 45.657526 44
-48.335871 46.175425 41
-47.506474 47.009900 35
-46.677329 47.844376 30
-46.251586 48.250062 27
-44.961921 49.453668 20
-43.637217 50.617922 14
-43.191926 51.001522 12
-42.280529 51.743842 8
-41.369130 52.485908 5
-40.903527 52.844378 3
-39.496065 53.905562 0
-38.057628 54.923837 -3
-37.574764 55.258184 -4
-36.591266 55.900480 -6
-35.607768 56.542522 -7
-35.107388 56.849964 -8
-33.597360 57.756792 -10
-32.060929 58.617922 -11
-31.546077 58.899722 -11
-30.501141 59.434879 -12
-29.456208 59.969788 -12
-28.926632 60.223152 -12
-27.330542 60.965980 -12
-25.713126 61.660829 -11
-25.171617 61.887027 -11
-24.076669 62.309218 -11
-22.981975 62.731404 -10
-22.429042 62.927392 -10
-20.764154 63.498603 -9
-19.083270 64.019548 -7
-18.521452 64.187359 -7
-17.388677 64.492514 -6
-16.255903 64.797159 -5
-15.685453 64.934248 -5
-13.970551 65.327494 -4
-12.244732 65.668950 -2
-11.668190 65.776846 -2
-10.510028 65.961157 -1
-9.351612 66.145468 -1
-8.770246 66.221629 0
-7.023864 66.432598 0
-5.271897 66.591013 0
-4.687230 66.637982 0
-3.516121 66.699671 1
-2.345011 66.761106 1
-1.758822 66.775833 1
0.000000 66.802236 1
1.758822 66.775833 1
2.345011 66.761106 1
3.516121 66.699671 1
4.687230 66.637982 0
5.271897 66.591013 0
7.023864 66.432598 0
8.770246 66.221629 0
9.351612 66.145468 -1
10.510028 65.961157 -1
11.668190 65.776846 -2
12.244732 65.668950 -2
13.970551 65.327494 -4
15.685453 64.934248 -5
16.255903 64.797159 -5
17.388677 64.492514 -6
18.521452 64.187359 -7
19.083270 64.019548 -7
20.764154 63.498603 -9
22.429042 62.927392 -10
22.981975 62.731404 -10
24.076669 62.309218 -11
25.171617 61.887027 -11
25.713126 61.660829 -11
27.330542 60.965980 -12
28.926632 60.223152 -12
29.456208 59.969788 -12
30.501141 59.434879 -12
31.546077 58.899722 -11
32.060929 58.617922 -11
33.597360 57.756792 -10
35.107388 56.849964 -8
35.607768 56.542522 -7
36.591266 55.900480 -6
37.574764 55.258184 -4
38.057628 54.923837 -3
39.496065 53.905562 0
40.903527 52.844378 3
41.369130 52.485908 5
42.280529 51.743842 8
43.191926 51.001522 12
43.637217 50.617922 14
44.961921 49.453668 20
46.251586 48.250062 27
46.677329 47.844376 30
47.506474 47.009900 35
48.335871 46.175425 41
48.739019 45.657526 44
49.935262 44.467630 54
-49.675551 41.290681 71
-48.268851 42.967250 58
-46.694086 44.614369 46
-45.119574 46.250319 36
-43.434883 47.781924 26
-41.750446 49.302870 18
-39.964203 50.712111 11
-38.177963 52.110431 6
-36.298554 53.390710 1
-34.419397 54.659813 -2
-32.456206 55.804770 -4
-30.493273 56.938565 -6
-28.455699 57.942876 -7
-26.418380 58.936024 -8
-24.316578 59.794874 -8
-22.215029 60.642802 -7
-20.059152 61.351863 -6
-17.903276 62.050264 -5
-15.703732 62.606501 -4
-13.504189 63.152325 -3
-11.271896 63.552935 -2
-9.039604 63.943386 -1
-6.785224 64.186343 0
-4.530845 64.419141 0
-2.265296 64.503936 0
0.000000 64.578065 0
2.265296 64.503936 0
4.530845 64.419141 0
6.785224 64.186343 0
9.039604 63.943386 -1
11.271896 63.552935 -2
13.504189 63.152325 -3
15.703732 62.606501 -4
17.903276 62.050264 -5
20.059152 61.351863 -6
22.215029 60.642802 -7
24.316578 59.794874 -8
26.418380 58.936024 -8
28.455699 57.942876 -7
30.493273 56.938565 -6
32.456206 55.804770 -4
34.419397 54.659813 -2
36.298554 53.390710 1
38.177963 52.110431 6
39.964203 50.712111 11
41.750446 49.302870 18
43.434883 47.781924 26
45.119574 46.250319 36
46.694086 44.614369 46
48.268851 42.967250 58
49.675551 41.290681 71
-48.009138 39.790047 74
-46.602438 41.466616 61
-45.082001 43.052042 50
-43.561818 44.636964 40
-41.935262 46.111194 31
-40.308962 47.584920 23
-38.584411 48.940849 17
-36.859864 50.296269 11
-35.045442 51.527292 6
-33.231022 52.758058 3
-31.335620 53.858339 0
-29.440468 54.958621 -2
-27.473472 55.923078 -3
-25.506220 56.887536 -4
-23.477025 57.711602 -4
-21.448084 58.535668 -4
-19.366590 59.215029 -4
-17.285097 59.894643 -4
-15.161715 60.426757 -3
-13.038081 60.958871 -2
-10.882712 61.340695 -1
-8.727596 61.722518 -1
-6.550901 61.952273 0
-4.374460 62.182282 0
-2.187103 62.258698 0
0.000000 62.335616 0
2.187103 62.258698 0
4.374460 62.182282 0
6.550901 61.952273 0
8.727596 61.722518 -1
10.882712 61.340695 -1
13.038081 60.958871 -2
15.161715 60.426757 -3
17.285097 59.894643 -4
19.366590 59.215029 -4
21.448084 58.535668 -4
23.477025 57.711602 -4
25.506220 56.887536 -4
27.473472 55.923078 -3
29.440468 54.958621 -2
31.335620 53.858339 0
33.231022 52.758058 3
35.045442 51.527292 6
36.859864 50.296269 11
38.584411 48.940849 17
40.308962 47.584920 23
41.935262 46.111194 31
43.561818 44.636964 40
45.082001 43.052042 50
46.602438 41.466616 61
48.009138 39.790047 74
-47.614116 36.703986 87
-46.258695 38.332065 75
-44.903021 39.959889 63
-43.438183 41.487940 53
-41.973342 43.015486 44
-40.406448 44.436150 35
-38.839299 45.856564 28
-37.177457 47.163240 21
-35.515866 48.469407 16
-33.767707 49.655749 11
-32.019294 50.841839 7
-30.193198 51.902261 4
-28.366844 52.962426 1
-26.471693 53.892106 0
-24.576288 54.821272 -1
-22.621223 55.615383 -2
-20.665906 56.409240 -2
-18.660321 57.064230 -2
-16.654988 57.719220 -2
-14.608784 58.231785 -2
-12.562579 58.744604 -1
-10.485910 59.112209 -1
-8.409241 59.480069 0
-6.312008 59.701698 0
-4.215029 59.923328 0
-2.107388 59.997208 0
0.000000 60.071083 0
2.107388 59.997208 0
4.215029 59.923328 0
6.312008 59.701698 0
8.409241 59.480069 0
10.485910 59.112209 -1
12.562579 58.744604 -1
14.608784 58.231785 -2
16.654988 57.719220 -2
18.660321 57.064230 -2
20.665906 56.409240 -2
22.621223 55.615383 -2
24.576288 54.821272 -1
26.471693 53.892106 0
28.366844 52.962426 1
30.193198 51.902261 4
32.019294 50.841839 7
33.767707 49.655749 11
35.515866 48.469407 16
37.177457 47.163240 21
38.839299 45.856564 28
40.406448 44.436150 35
41.973342 43.015486 44
43.438183 41.487940 53
44.903021 39.959889 63
46.258695 38.332065 75
47.614116 36.703986 87
-47.004824 33.664383 98
-45.812136 35.296013 86
-44.507998 36.863164 75
-43.203860 38.429805 64
-41.794365 39.900481 55
-40.385124 41.370652 46
-38.877380 42.738003 38
-37.369383 44.104850 31
-35.770754 45.362527 25
-34.171872 46.619446 19
-32.489719 47.761359 15
-30.807820 48.902768 11
-29.050522 49.923330 7
-27.293475 50.943642 5
-25.469916 51.838031 3
-23.646357 52.732416 1
-21.765169 53.496572 0
-19.883980 54.260728 0
-17.954302 54.890833 0
-16.024626 55.521198 0
-14.055851 56.014468 0
-12.087332 56.507745 0
-10.089109 56.861895 0
-8.091140 57.215790 0
-6.073115 57.429040 0
-4.055344 57.642042 0
-2.027672 57.713381 0
0.000000 57.784460 0
2.027672 57.713381 0
4.055344 57.642042 0
6.073115 57.429040 0
8.091140 57.215790 0
10.089109 56.861895 0
12.087332 56.507745 0
14.055851 56.014468 0
16.024626 55.521198 0
17.954302 54.890833 0
19.883980 54.260728 0
21.765169 53.496572 0
23.646357 52.732416 1
25.469916 51.838031 3
27.293475 50.943642 5
29.050522 49.923330 7
30.807820 48.902768 11
32.489719 47.761359 15
34.171872 46.619446 19
35.770754 45.362527 25
37.369383 44.104850 31
38.877380 42.738003 38
40.385124 41.370652 46
41.794365 39.900481 55
43.203860 38.429805 64
44.507998 36.863164 75
45.812136 35.296013 86
47.004824 33.664383 98
-45.128205 32.300837 95
-43.983244 33.890834 84
-42.731151 35.396040 74
-41.478801 36.900483 65
-40.125668 38.312770 56
-38.772531 39.725058 47
-37.324955 41.037826 40
-35.877379 42.350598 33
-34.342473 43.558010 27
-32.807566 44.765170 22
-31.192436 45.861640 18
-29.577559 46.957604 14
-27.890581 47.937548 10
-26.203860 48.917237 8
-24.452907 49.776087 5
-22.702208 50.634679 4
-20.896166 51.368622 2
-19.089871 52.102058 1
-17.237369 52.707283 0
-15.384870 53.312261 0
-13.494796 53.785729 0
-11.604722 54.259457 0
-9.686215 54.599643 0
-7.767962 54.939326 0
-5.830668 55.143948 0
-3.893374 55.348564 0
-1.946687 55.416860 0
0.000000 55.485404 0
1.946687 55.416860 0
3.893374 55.348564 0
5.830668 55.143948 0
7.767962 54.939326 0
9.686215 54.599643 0
11.604722 54.259457 0
13.494796 53.785729 0
15.384870 53.312261 0
17.237369 52.707283 0
19.089871 52.102058 1
20.896166 51.368622 2
22.702208 50.634679 4
24.452907 49.776087 5
26.203860 48.917237 8
27.890581 47.937548 10
29.577559 46.957604 14
31.192436 45.861640 18
32.807566 44.765170 22
34.342473 43.558010 27
35.877379 42.350598 33
37.324955 41.037826 40
38.772531 39.725058 47
40.125668 38.312770 56
41.478801 36.900483 65
42.731151 35.396040 74
43.983244 33.890834 84
45.128205 32.300837 95
-44.348820 29.412289 101
-43.251334 30.937294 91
-42.154099 32.461793 81
-40.954051 33.905053 72
-39.753999 35.347295 64
-38.456967 36.701448 55
-37.160193 38.055344 48
-35.772784 39.313784 41
-34.385376 40.572481 35
-32.914191 41.729880 29
-31.443007 42.887280 24
-29.895404 43.938309 20
-28.347550 44.989083 16
-26.730898 45.928408 13
-25.113988 46.867733 10
-23.436152 47.691040 7
-21.758060 48.514343 5
-20.027164 49.217569 4
-18.296014 49.920792 3
-16.520436 50.501142 2
-14.745113 51.080984 1
-12.933486 51.534906 0
-11.122112 51.989083 0
-9.283574 52.315053 0
-7.445037 52.640772 0
-5.588220 52.837014 0
-3.731658 53.033003 0
-1.865702 53.098503 0
0.000000 53.164252 0
1.865702 53.098503 0
3.731658 53.033003 0
5.588220 52.837014 0
7.445037 52.640772 0
9.283574 52.315053 0
11.122112 51.989083 0
12.933486 51.534906 0
14.745113 51.080984 1
16.520436 50.501142 2
18.296014 49.920792 3
20.027164 49.217569 4
21.758060 48.514343 5
23.436152 47.691040 7
25.113988 46.867733 10
26.730898 45.928408 13
28.347550 44.989083 16
29.895404 43.938309 20
31.443007 42.887280 24
32.914191 41.729880 29
34.385376 40.572481 35
35.772784 39.313784 41
37.160193 38.055344 48
38.456967 36.701448 55
39.753999 35.347295 64
40.954051 33.905053 72
42.154099 32.461793 81
43.251334 30.937294 91
44.348820 29.412289 101
-43.298554 26.677836 104
-42.396293 28.121603 95
-41.347297 29.580602 86
-40.298298 31.038588 78
-39.151054 32.418633 69
-38.003807 33.798171 62
-36.764154 35.092915 54
-35.524246 36.387409 47
-34.198021 37.591012 41
-32.871794 38.794364 35
-31.465348 39.900989 30
-30.058899 41.007617 25
-28.579335 42.012440 21
-27.099771 43.017011 17
-25.553948 43.915206 14
-24.008378 44.813152 11
-22.404418 45.600154 9
-20.800203 46.387156 7
-19.145469 47.059661 5
-17.490734 47.731913 4
-15.793348 48.286621 3
-14.095963 48.841076 2
-12.364052 49.275196 1
-10.632394 49.709318 1
-8.874841 50.020562 0
-7.117289 50.332063 0
-5.342219 50.519674 0
-3.567403 50.707286 0
-1.783702 50.769737 0
0.000000 50.832446 0
1.783702 50.769737 0
3.567403 50.707286 0
5.342219 50.519674 0
7.117289 50.332063 0
8.874841 50.020562 0
10.632394 49.709318 1
12.364052 49.275196 1
14.095963 48.841076 2
15.793348 48.286621 3
17.490734 47.731913 4
19.145469 47.059661 5
20.800203 46.387156 7
22.404418 45.600154 9
24.008378 44.813152 11
25.553948 43.915206 14
27.099771 43.017011 17
28.579335 42.012440 21
30.058899 41.007617 25
31.465348 39.900989 30
32.871794 38.794364 35
34.198021 37.591012 41
35.524246 36.387409 47
36.764154 35.092915 54
38.003807 33.798171 62
39.151054 32.418633 69
40.298298 31.038588 78
41.347297 29.580602 86
42.396293 28.121603 95
43.298554 26.677836 104
-41.346281 25.361005 96
-40.444020 26.804772 88
-39.443261 28.197260 80
-38.442498 29.588728 73
-37.348312 30.905814 66
-36.253873 32.222391 59
-35.071083 33.457985 52
-33.888550 34.693322 46
-32.623255 35.842091 40
-31.357957 36.990354 35
-30.016247 38.046459 30
-28.674791 39.102564 26
-27.263265 40.061437 22
-25.851739 41.019802 18
-24.377252 41.876873 15
-22.902768 42.733689 12
-21.372683 43.484640 10
-19.842346 44.235845 8
-18.263772 44.877379 6
-16.685199 45.519167 5
-15.066007 46.048235 3
-13.446813 46.577305 2
-11.794872 46.991622 2
-10.142930 47.405688 1
-8.466108 47.702971 0
-6.789541 47.999999 0
-5.096217 48.178980 0
-3.403148 48.357958 0
-1.701447 48.417620 0
0.000000 48.477533 0
1.701447 48.417620 0
3.403148 48.357958 0
5.096217 48.178980 0
6.789541 47.999999 0
8.466108 47.702971 0
10.142930 47.405688 1
11.794872 46.991622 2
13.446813 46.577305 2
15.066007 46.048235 3
16.685199 45.519167 5
18.263772 44.877379 6
19.842346 44.235845 8
21.372683 43.484640 10
22.902768 42.733689 12
24.377252 41.876873 15
25.851739 41.019802 18
27.263265 40.061437 22
28.674791 39.102564 26
30.016247 38.046459 30
31.357957 36.990354 35
32.623255 35.842091 40
33.888550 34.693322 46
35.071083 33.457985 52
36.253873 32.222391 59
37.348312 30.905814 66
38.442498 29.588728 73
39.443261 28.197260 80
40.444020 26.804772 88
41.346281 25.361005 96
-40.180756 22.718965 94
-39.322672 24.109420 87
-38.464585 25.499112 80
-37.512821 26.824066 74
-36.561056 28.148261 67
-35.520437 29.401371 61
-34.479564 30.653718 55
-33.354658 31.829399 49
-32.230009 33.004317 44
-31.026657 34.096978 38
-29.823305 35.189388 34
-28.547347 36.193956 29
-27.271388 37.198273 25
-25.928917 38.110435 22
-24.586444 39.022086 18
-23.184310 39.837267 15
-21.781924 40.652197 13
-20.326732 41.366338 10
-18.871288 42.080733 8
-17.369891 42.690784 6
-15.868749 43.301092 5
-14.328763 43.804264 4
-12.788779 44.307439 3
-11.217568 44.701448 2
-9.646357 45.095203 1
-8.051790 45.378016 0
-6.457223 45.660572 0
-4.846915 45.830922 0
-3.236354 46.001015 0
-1.618177 46.057882 0
0.000000 46.114749 0
1.618177 46.057882 0
3.236354 46.001015 0
4.846915 45.830922 0
6.457223 45.660572 0
8.051790 45.378016 0
9.646357 45.095203 1
11.217568 44.701448 2
12.788779 44.307439 3
14.328763 43.804264 4
15.868749 43.301092 5
17.369891 42.690784 6
18.871288 42.080733 8
20.326732 41.366338 10
21.781924 40.652197 13
23.184310 39.837267 15
24.586444 39.022086 18
25.928917 38.110435 22
27.271388 37.198273 25
28.547347 36.193956 29
29.823305 35.189388 34
31.026657 34.096978 38
32.230009 33.004317 44
33.354658 31.829399 49
34.479564 30.653718 55
35.520437 29.401371 61
36.561056 28.148261 67
37.512821 26.824066 74
38.464585 25.499112 80
39.322672 24.109420 87
40.180756 22.718965 94
-38.834223 20.182788 89
-38.113227 21.525260 84
-37.299314 22.845138 78
-36.485403 24.164003 72
-35.582635 25.421426 66
-34.679869 26.678090 61
-33.692562 27.867481 55
-32.705255 29.056106 50
-31.638233 30.171616 45
-30.571464 31.286875 40
-29.430058 32.323686 36
-28.288653 33.360496 31
-27.078192 34.313531 28
-25.867987 35.266566 24
-24.594568 36.132013 20
-23.321401 36.997206 17
-21.991114 37.770755 15
-20.661082 38.543793 12
-19.280529 39.221628 10
-17.900229 39.899467 8
-16.476009 40.478547 6
-15.052044 41.057375 5
-13.591266 41.534906 3
-12.130490 42.012440 2
-10.640264 42.386138 1
-9.150038 42.759839 1
-7.637471 43.028180 0
-6.124905 43.296270 0
-4.597360 43.457986 0
-3.069815 43.619194 0
-1.534907 43.673014 0
0.000000 43.727089 0
1.534907 43.673014 0
3.069815 43.619194 0
4.597360 43.457986 0
6.124905 43.296270 0
7.637471 43.028180 0
9.150038 42.759839 1
10.640264 42.386138 1
12.130490 42.012440 2
13.591266 41.534906 3
15.052044 41.057375 5
16.476009 40.478547 6
17.900229 39.899467 8
19.280529 39.221628 10
20.661082 38.543793 12
21.991114 37.770755 15
23.321401 36.997206 17
24.594568 36.132013 20
25.867987 35.266566 24
27.078192 34.313531 28
28.288653 33.360496 31
29.430058 32.323686 36
30.571464 31.286875 40
31.638233 30.171616 45
32.705255 29.056106 50
33.692562 27.867481 55
34.679869 26.678090 61
35.582635 25.421426 66
36.485403 24.164003 72
37.299314 22.845138 78
38.113227 21.525260 84
38.834223 20.182788 89
-36.700178 19.048237 77
-36.018787 20.349075 72
-35.249555 21.597613 68
-34.480326 22.844630 63
-33.627061 24.033767 58
-32.774054 25.221629 54
-31.841076 26.346027 49
-30.908098 27.469663 45
-29.899721 28.524246 40
-28.891344 29.578319 36
-27.812644 30.558008 32
-26.733944 31.537955 28
-25.590251 32.438690 25
-24.446560 33.339426 22
-23.243209 34.157399 19
-22.039858 34.974868 16
-20.782686 35.705762 13
-19.525768 36.436659 11
-18.221122 37.077176 9
-16.916477 37.717694 7
-15.570704 38.264788 5
-14.224930 38.811882 4
-12.844377 39.263264 3
-11.464077 39.714394 2
-10.055598 40.067530 1
-8.647118 40.420666 0
-7.217822 40.674284 0
-5.788271 40.927647 0
-4.344758 41.080224 -1
-2.901244 41.232801 -1
-1.450622 41.283829 -1
0.000000 41.334604 -1
1.450622 41.283829 -1
2.901244 41.232801 -1
4.344758 41.080224 -1
5.788271 40.927647 0
7.217822 40.674284 0
8.647118 40.420666 0
10.055598 40.067530 1
11.464077 39.714394 2
12.844377 39.263264 3
14.224930 38.811882 4
15.570704 38.264788 5
16.916477 37.717694 7
18.221122 37.077176 9
19.525768 36.436659 11
20.782686 35.705762 13
22.039858 34.974868 16
23.243209 34.157399 19
24.446560 33.339426 22
25.590251 32.438690 25
26.733944 31.537955 28
27.812644 30.558008 32
28.891344 29.578319 36
29.899721 28.524246 40
30.908098 27.469663 45
31.841076 26.346027 49
32.774054 25.221629 54
33.627061 24.033767 58
34.480326 22.844630 63
35.249555 21.597613 68
36.018787 20.349075 72
36.700178 19.048237 77
-35.207920 16.686215 68
-34.566135 17.913429 64
-33.924347 19.139884 61
-33.199797 20.316832 57
-32.475246 21.492259 53
-31.671745 22.613099 49
-30.868241 23.732926 46
-29.989592 24.792589 42
-29.110689 25.851486 38
-28.160955 26.845140 35
-27.211475 27.838539 31
-26.195480 28.761870 28
-25.179487 29.685201 25
-24.102311 30.534145 21
-23.024880 31.382839 19
-21.891597 32.153847 16
-20.758314 32.924093 14
-19.574258 33.612592 11
-18.390201 34.301346 9
-17.161462 34.904799 7
-15.932725 35.508252 6
-14.665397 36.023863 4
-13.397816 36.539478 3
-12.097486 36.964459 1
-10.797410 37.389694 0
-9.470932 37.722265 0
-8.144453 38.055090 0
-6.798172 38.293984 -1
-5.451638 38.532624 -1
-4.092155 38.676567 -2
-2.732419 38.820259 -2
-1.366337 38.868241 -2
0.000000 38.916223 -2
1.366337 38.868241 -2
2.732419 38.820259 -2
4.092155 38.676567 -2
5.451638 38.532624 -1
6.798172 38.293984 -1
8.144453 38.055090 0
9.470932 37.722265 0
10.797410 37.389694 0
12.097486 36.964459 1
13.397816 36.539478 3
14.665397 36.023863 4
15.932725 35.508252 6
17.161462 34.904799 7
18.390201 34.301346 9
19.574258 33.612592 11
20.758314 32.924093 14
21.891597 32.153847 16
23.024880 31.382839 19
24.102311 30.534145 21
25.179487 29.685201 25
26.195480 28.761870 28
27.211475 27.838539 31
28.160955 26.845140 35
29.110689 25.851486 38
29.989592 24.792589 42
30.868241 23.732926 46
31.671745 22.613099 49
32.475246 21.492259 53
33.199797 20.316832 57
33.924347 19.139884 61
34.566135 17.913429 64
35.207920 16.686215 68
-33.008122 15.650926 54
-32.406448 16.802996 51
-31.804774 17.953797 49
-31.125413 19.057630 46
-30.446307 20.160447 43
-29.693069 21.211475 40
-28.939580 22.261742 37
-28.115765 23.255396 34
-27.291953 24.248287 31
-26.401624 25.180248 28
-25.511298 26.111450 25
-24.558771 26.977152 22
-23.606245 27.842853 20
-22.596344 28.638743 17
-21.586443 29.434375 15
-20.523737 30.156639 13
-19.461285 30.878902 10
-18.351358 31.524753 8
-17.241432 32.170092 7
-16.089363 32.735719 5
-14.937294 33.301345 3
-13.748921 33.784718 2
-12.560549 34.267833 1
-11.341711 34.666667 0
-10.122874 35.064990 0
-8.879157 35.376999 -1
-7.635441 35.688754 -2
-6.373445 35.912668 -2
-5.111196 36.136584 -3
-3.836507 36.271388 -3
-2.561818 36.406195 -4
-1.280782 36.451128 -4
0.000000 36.496318 -4
1.280782 36.451128 -4
2.561818 36.406195 -4
3.836507 36.271388 -3
5.111196 36.136584 -3
6.373445 35.912668 -2
7.635441 35.688754 -2
8.879157 35.376999 -1
10.122874 35.064990 0
11.341711 34.666667 0
12.560549 34.267833 1
13.748921 33.784718 2
14.937294 33.301345 3
16.089363 32.735719 5
17.241432 32.170092 7
18.351358 31.524753 8
19.461285 30.878902 10
20.523737 30.156639 13
21.586443 29.434375 15
22.596344 28.638743 17
23.606245 27.842853 20
24.558771 26.977152 22
25.511298 26.111450 25
26.401624 25.180248 28
27.291953 24.248287 31
28.115765 23.255396 34
28.939580 22.261742 37
29.693069 21.211475 40
30.446307 20.160447 43
31.125413 19.057630 46
31.804774 17.953797 49
32.406448 16.802996 51
33.008122 15.650926 54
-31.294998 13.502411 41
-30.808328 14.577811 40
-30.246764 15.654735 38
-29.685201 16.730135 36
-29.051281 17.761615 34
-28.417364 18.792078 32
-27.714142 19.773801 30
-27.011170 20.755015 28
-26.242195 21.683168 25
-25.473217 22.610561 23
-24.642042 23.481088 21
-23.811119 24.350852 19
-22.922062 25.159686 16
-22.033258 25.968012 14
-21.090378 26.711349 12
-20.147753 27.454431 10
-19.156131 28.128967 8
-18.164255 28.803505 6
-17.128205 29.406447 5
-16.092409 30.009138 3
-15.017010 30.537192 2
-13.941863 31.065500 0
-12.832699 31.516881 0
-11.723534 31.968011 -1
-10.585936 32.340442 -2
-9.448083 32.712365 -3
-8.287383 33.003809 -3
-7.126682 33.294998 -4
-5.948718 33.503934 -5
-4.770500 33.712870 -5
-3.580858 33.838792 -5
-2.390962 33.964712 -6
-1.195481 34.006601 -6
0.000000 34.048742 -6
1.195481 34.006601 -6
2.390962 33.964712 -6
3.580858 33.838792 -5
4.770500 33.712870 -5
5.948718 33.503934 -5
7.126682 33.294998 -4
8.287383 33.003809 -3
9.448083 32.712365 -3
10.585936 32.340442 -2
11.723534 31.968011 -1
12.832699 31.516881 0
13.941863 31.065500 0
15.017010 30.537192 2
16.092409 30.009138 3
17.128205 29.406447 5
18.164255 28.803505 6
19.156131 28.128967 8
20.147753 27.454431 10
21.090378 26.711349 12
22.033258 25.968012 14
22.922062 25.159686 16
23.811119 24.350852 19
24.642042 23.481088 21
25.473217 22.610561 23
26.242195 21.683168 25
27.011170 20.755015 28
27.714142 19.773801 30
28.417364 18.792078 32
29.051281 17.761615 34
29.685201 16.730135 36
30.246764 15.654735 38
30.808328 14.577811 40
31.294998 13.502411 41
-29.512567 11.468138 26
-29.060928 12.507744 26
-28.609039 13.545063 25
-28.087586 14.546331 25
-27.565878 15.545569 24
-26.977406 16.503934 23
-26.388676 17.461286 21
-25.735719 18.373445 20
-25.082762 19.284590 18
-24.368622 20.146740 16
-23.654735 21.007870 15
-22.882965 21.815945 13
-22.111196 22.623763 11
-21.285860 23.374714 10
-20.460269 24.125414 8
-19.584920 24.815689 6
-18.709570 25.505459 5
-17.788525 26.131761 3
-16.867478 26.758060 2
-15.905560 27.317848 0
-14.943387 27.877379 0
-13.945163 28.367861 -1
-12.946687 28.858339 -2
-11.916730 29.277481 -3
-10.886773 29.696369 -4
-9.830160 30.041888 -5
-8.773546 30.387407 -6
-7.695862 30.658035 -6
-6.617923 30.928155 -7
-5.523991 31.122367 -7
-4.430058 31.316325 -8
-3.325209 31.433105 -8
-2.220360 31.550140 -8
-1.110180 31.588983 -8
0.000000 31.628077 -8
1.110180 31.588983 -8
2.220360 31.550140 -8
3.325209 31.433105 -8
4.430058 31.316325 -8
5.523991 31.122367 -7
6.617923 30.928155 -7
7.695862 30.658035 -6
8.773546 30.387407 -6
9.830160 30.041888 -5
10.886773 29.696369 -4
11.916730 29.277481 -3
12.946687 28.858339 -2
13.945163 28.367861 -1
14.943387 27.877379 0
15.905560 27.317848 0
16.867478 26.758060 2
17.788525 26.131761 3
18.709570 25.505459 5
19.584920 24.815689 6
20.460269 24.125414 8
21.285860 23.374714 10
22.111196 22.623763 11
22.882965 21.815945 13
23.654735 21.007870 15
24.368622 20.146740 16
25.082762 19.284590 18
25.735719 18.373445 20
26.388676 17.461286 21
26.977406 16.503934 23
27.565878 15.545569 24
28.087586 14.546331 25
28.609039 13.545063 25
29.060928 12.507744 26
29.512567 11.468138 26
-27.243717 10.551408 11
-26.409495 12.472709 11
-25.446813 14.322164 11
-24.359989 16.092918 9
-23.154354 17.778117 8
-21.835999 19.370653 5
-20.411272 20.863673 3
-18.887280 22.250824 1
-17.271135 23.525769 -1
-15.570704 24.682915 -3
-13.794618 25.716933 -5
-11.951257 26.623002 -7
-10.049758 27.397056 -8
-8.099264 28.035036 -10
-6.109165 28.534653 -11
-4.089363 28.893374 -11
-2.049759 29.108910 -12
0.000000 29.181009 -12
2.049759 29.108910 -12
4.089363 28.893374 -11
6.109165 28.534653 -11
8.099264 28.035036 -10
10.049758 27.397056 -8
11.951257 26.623002 -7
13.794618 25.716933 -5
15.570704 24.682915 -3
17.271135 23.525769 -1
18.887280 22.250824 1
20.411272 20.863673 3
21.835999 19.370653 5
23.154354 17.778117 8
24.359989 16.092918 9
25.446813 14.322164 11
26.409495 12.472709 11
27.243717 10.551408 11
-24.923839 9.669204 -3
-24.160701 11.429044 -2
-23.223153 13.095963 -1
-22.285606 14.741814 -1
-21.130997 16.249049 -2
-19.976644 17.739528 -3
-18.627824 19.063469 -5
-17.279005 20.373699 -6
-15.761868 21.491497 -8
-14.244986 22.597613 -9
-12.589236 23.489973 -11
-10.933486 24.371668 -12
-9.171617 25.022341 -13
-7.409494 25.663112 -14
-5.575273 26.060168 -15
-3.741051 26.447830 -15
-1.870526 26.583905 -16
0.000000 26.710841 -16
1.870526 26.583905 -16
3.741051 26.447830 -15
5.575273 26.060168 -15
7.409494 25.663112 -14
9.171617 25.022341 -13
10.933486 24.371668 -12
12.589236 23.489973 -11
14.244986 22.597613 -9
15.761868 21.491497 -8
17.279005 20.373699 -6
18.627824 19.063469 -5
19.976644 17.739528 -3
21.130997 16.249049 -2
22.285606 14.741814 -1
23.223153 13.095963 -1
24.160701 11.429044 -2
24.923839 9.669204 -3
-22.603960 8.731659 -18
-21.911906 10.332063 -16
-21.061437 11.840314 -14
-20.211221 13.342474 -14
-19.164255 14.705509 -13
-18.117289 16.065246 -14
-16.893882 17.261997 -14
-15.670729 18.456715 -15
-14.294745 19.466617 -16
-12.919015 20.475756 -16
-11.417365 21.280782 -17
-9.915968 22.085808 -18
-8.317848 22.671999 -19
-6.719726 23.257679 -20
-5.056359 23.613862 -20
-3.392993 23.970045 -20
-1.696370 24.089363 -21
0.000000 24.208684 -21
1.696370 24.089363 -21
3.392993 23.970045 -20
5.056359 23.613862 -20
6.719726 23.257679 -20
8.317848 22.671999 -19
9.915968 22.085808 -18
11.417365 21.280782 -17
12.919015 20.475756 -16
14.294745 19.466617 -16
15.670729 18.456715 -15
16.893882 17.261997 -14
18.117289 16.065246 -14
19.164255 14.705509 -13
20.211221 13.342474 -14
21.061437 11.840314 -14
21.911906 10.332063 -16
22.603960 8.731659 -18
-20.265296 7.846409 -32
-19.644834 9.282305 -29
-18.882458 10.634425 -27
-18.120081 11.980706 -26
-17.181519 13.202082 -25
-16.242701 14.420412 -24
-15.145976 15.492511 -24
-14.049252 16.563088 -24
-12.815689 17.468141 -24
-11.582382 18.372177 -24
-10.236101 19.093678 -25
-8.890073 19.814928 -25
-7.457222 20.340190 -25
-6.024625 20.865194 -26
-4.533130 21.184058 -26
-3.041889 21.503174 -26
-1.520944 21.610307 -26
0.000000 21.717189 -27
1.520944 21.610307 -26
3.041889 21.503174 -26
4.533130 21.184058 -26
6.024625 20.865194 -26
7.457222 20.340190 -25
8.890073 19.814928 -25
10.236101 19.093678 -25
11.582382 18.372177 -24
12.815689 17.468141 -24
14.049252 16.563088 -24
15.145976 15.492511 -24
16.242701 14.420412 -24
17.181519 13.202082 -25
18.120081 11.980706 -26
18.882458 10.634425 -27
19.644834 9.282305 -29
20.265296 7.846409 -32
-17.926631 6.901496 -46
-17.377761 8.176442 -43
-16.703224 9.376239 -40
-16.028941 10.570194 -38
-15.198527 11.652957 -36
-14.368367 12.732673 -35
-13.398071 13.682409 -34
-12.428028 14.630872 -34
-11.336887 15.432343 -33
-10.245747 16.233055 -33
-9.054837 16.872048 -33
-7.863925 17.510535 -33
-6.596598 17.975630 -33
-5.329271 18.440467 -33
-4.010155 18.723026 -33
-2.690784 19.005331 -33
-1.345519 19.100279 -33
0.000000 19.194721 -33
1.345519 19.100279 -33
2.690784 19.005331 -33
4.010155 18.723026 -33
5.329271 18.440467 -33
6.596598 17.975630 -33
7.863925 17.510535 -33
9.054837 16.872048 -33
10.245747 16.233055 -33
11.336887 15.432343 -33
12.428028 14.630872 -34
13.398071 13.682409 -34
14.368367 12.732673 -35
15.198527 11.652957 -36
16.028941 10.570194 -38
16.703224 9.376239 -40
17.377761 8.176442 -43
17.926631 6.901496 -46
-15.621224 6.033257 -59
-15.142675 7.143945 -56
-14.555217 8.188627 -53
-13.967504 9.228230 -50
-13.243970 10.170601 -48
-12.520436 11.110688 -47
-11.675045 11.937800 -45
-10.829652 12.763391 -44
-9.878903 13.461284 -43
-8.928154 14.158418 -43
-7.890327 14.714902 -42
-6.852754 15.270881 -42
-5.748413 15.676059 -41
-4.643818 16.080732 -41
-3.494288 16.326732 -41
-2.344758 16.572735 -41
-1.172379 16.655244 -41
0.000000 16.737752 -41
1.172379 16.655244 -41
2.344758 16.572735 -41
3.494288 16.326732 -41
4.643818 16.080732 -41
5.748413 15.676059 -41
6.852754 15.270881 -42
7.890327 14.714902 -42
8.928154 14.158418 -43
9.878903 13.461284 -43
10.829652 12.763391 -44
11.675045 11.937800 -45
12.520436 11.110688 -47
13.243970 10.170601 -48
13.967504 9.228230 -50
14.555217 8.188627 -53
15.142675 7.143945 -56
15.621224 6.033257 -59
-12.907845 6.054074 -68
-11.906068 7.838029 -63
-10.672506 9.447067 -58
-9.231277 10.858846 -55
-7.610307 12.049758 -53
-5.841330 12.999493 -52
-3.958619 13.690531 -51
-1.998731 14.110436 -50
0.000000 14.251332 -50
1.998731 14.110436 -50
3.958619 13.690531 -51
5.841330 12.999493 -52
7.610307 12.049758 -53
9.231277 10.858846 -55
10.672506 9.447067 -58
11.906068 7.838029 -63
12.907845 6.054074 -68
-10.597868 5.000761 -80
-9.680122 6.401879 -75
-8.762630 7.778370 -70
-7.505459 8.850977 -67
-6.248286 9.911145 -64
-4.749175 10.588221 -63
-3.250064 11.256410 -61
-1.625032 11.490225 -61
0.000000 11.715917 -60
1.625032 11.490225 -61
3.250064 11.256410 -61
4.749175 10.588221 -63
6.248286 9.911145 -64
7.505459 8.850977 -67
8.762630 7.778370 -70
9.680122 6.401879 -75
10.597868 5.000761 -80
-8.287637 3.874079 -92
-7.569941 4.971819 -86
-6.852501 6.058390 -82
-5.869256 6.896420 -79
-4.886266 7.731404 -76
-3.713887 8.258950 -74
-2.541508 8.785733 -73
-1.270881 8.965727 -72
0.000000 9.145721 -72
1.270881 8.965727 -72
2.541508 8.785733 -73
3.713887 8.258950 -74
4.886266 7.731404 -76
5.869256 6.896420 -79
6.852501 6.058390 -82
7.569941 4.971819 -86
8.287637 3.874079 -92
-5.638995 3.304647 -98
-4.921554 4.368623 -94
-4.215537 4.968519 -91
-3.509520 5.566641 -89
-2.667428 5.944656 -87
-1.825336 6.322417 -86
-0.912668 6.451383 -85
0.000000 6.580351 -85
0.912668 6.451383 -85
1.825336 6.322417 -86
2.667428 5.944656 -87
3.509520 5.566641 -89
4.215537 4.968519 -91
4.921554 4.368623 -94
5.638995 3.304647 -98
-2.990607 2.630111 -106
-2.132521 3.363289 -103
-1.109165 3.824575 -100
0.000000 3.981974 -99
1.109165 3.824575 -100
2.132521 3.363289 -103
2.990607 2.630111 -106
